Date,High,Low,Open,Close,Volume,Adj Close
2018-04-02,252.60000610351562,243.77000427246094,251.25999450683594,247.35000610351562,3429900.0,243.68991088867188
2018-04-03,250.88999938964844,245.89999389648438,248.61000061035156,250.5800018310547,2488200.0,246.87210083007812
2018-04-04,253.22000122070312,244.50999450683594,245.7100067138672,252.6199951171875,2853200.0,248.8819122314453
2018-04-05,258.0,253.39999389648438,254.5,255.80999755859375,1924800.0,252.0247039794922
2018-04-06,255.33999633789062,246.67999267578125,251.47999572753906,249.97000122070312,3621900.0,246.27113342285156
2018-04-09,257.5,249.1699981689453,251.47999572753906,252.19000244140625,3256700.0,248.45828247070312
2018-04-10,259.8900146484375,255.9499969482422,257.9599914550781,256.57000732421875,3113900.0,252.77345275878906
2018-04-11,254.8300018310547,249.7899932861328,252.58999633789062,252.94000244140625,3322000.0,249.1971893310547
2018-04-12,260.7300109863281,255.11000061035156,256.2699890136719,259.5899963378906,3059100.0,255.748779296875
2018-04-13,262.5,254.5399932861328,261.94000244140625,255.9199981689453,3026200.0,252.13308715820312
2018-04-16,260.6600036621094,256.6600036621094,257.1300048828125,257.8800048828125,3257400.0,254.06407165527344
2018-04-17,262.25,252.33999633789062,261.6000061035156,253.6300048828125,10134400.0,249.87698364257812
2018-04-18,257.0199890136719,252.25,254.89999389648438,254.0,4524800.0,250.2415008544922
2018-04-19,256.1600036621094,252.8300018310547,254.0,254.1699981689453,3990000.0,250.4089813232422
2018-04-20,255.67999267578125,251.47999572753906,254.10000610351562,251.9600067138672,2930600.0,248.231689453125
2018-04-23,252.75,246.19000244140625,251.66000366210938,246.6699981689453,3775900.0,243.0199737548828
2018-04-24,249.14999389648438,240.0399932861328,248.82000732421875,242.49000549316406,4705100.0,238.90182495117188
2018-04-25,242.4600067138672,237.50999450683594,242.19000244140625,239.22999572753906,5041400.0,235.6900634765625
2018-04-26,241.66000366210938,238.00999450683594,239.27000427246094,240.08999633789062,2891100.0,236.5373077392578
2018-04-27,241.92999267578125,239.02000427246094,240.0,239.8000030517578,2136800.0,236.25161743164062
2018-04-30,243.07000732421875,238.22000122070312,240.97000122070312,238.3300018310547,2790500.0,234.80337524414062
2018-05-01,237.89999389648438,233.9600067138672,237.50999450683594,236.6699981689453,3269800.0,233.16793823242188
2018-05-02,237.91000366210938,233.4199981689453,236.60000610351562,234.0500030517578,3710900.0,230.58670043945312
2018-05-03,234.0,227.39999389648438,232.4499969482422,233.41000366210938,4511400.0,229.95616149902344
2018-05-04,236.7899932861328,232.27999877929688,232.30999755859375,234.94000244140625,2622300.0,231.46351623535156
2018-05-07,238.1699981689453,235.27999877929688,236.0,237.1999969482422,1979400.0,233.69009399414062
2018-05-08,240.66000366210938,236.0,238.24000549316406,237.0,3267000.0,233.49305725097656
2018-05-09,242.0500030517578,237.25,237.97999572753906,241.72999572753906,2434000.0,238.15304565429688
2018-05-10,245.4199981689453,240.16000366210938,242.11000061035156,243.44000244140625,2599000.0,239.8377685546875
2018-05-11,244.91000366210938,241.7100067138672,243.44000244140625,242.9199981689453,1540100.0,239.32546997070312
2018-05-14,245.8800048828125,243.5,243.60000610351562,243.91000366210938,1928500.0,240.30079650878906
2018-05-15,243.9499969482422,240.6699981689453,243.0,241.55999755859375,2165700.0,237.98558044433594
2018-05-16,241.83999633789062,240.58999633789062,241.27000427246094,240.9600067138672,1965200.0,237.39447021484375
2018-05-17,242.44000244140625,238.77999877929688,240.4199981689453,239.10000610351562,2462700.0,235.56199645996094
2018-05-18,238.74000549316406,236.8699951171875,238.10000610351562,237.0,2699000.0,233.49305725097656
2018-05-21,240.07000732421875,237.32000732421875,239.10000610351562,237.6999969482422,1951700.0,234.1826934814453
2018-05-22,240.6999969482422,237.97999572753906,238.6999969482422,238.0,2551500.0,234.47825622558594
2018-05-23,237.8699951171875,234.3800048828125,236.8800048828125,237.80999755859375,3105400.0,234.29107666015625
2018-05-24,237.1699981689453,233.64999389648438,236.60000610351562,236.10000610351562,2308700.0,232.60638427734375
2018-05-25,236.1199951171875,234.27999877929688,235.0,235.00999450683594,1985600.0,231.53248596191406
2018-05-29,232.47000122070312,225.02000427246094,231.52000427246094,227.02999877929688,5323600.0,223.6705780029297
2018-05-30,229.6699981689453,226.27999877929688,228.94000244140625,229.16000366210938,3348600.0,226.5674285888672
2018-05-31,228.11000061035156,224.08999633789062,227.33999633789062,225.8800048828125,5334900.0,223.3245391845703
2018-06-01,230.25,228.08999633789062,228.39999389648438,228.35000610351562,3330900.0,225.7666015625
2018-06-04,231.14999389648438,228.9499969482422,230.35000610351562,229.88999938964844,2133600.0,227.2891845703125
2018-06-05,229.33999633789062,227.2899932861328,228.94000244140625,228.33999633789062,1986200.0,225.7567138671875
2018-06-06,232.5800018310547,229.36000061035156,229.85000610351562,232.22999572753906,2566400.0,229.60269165039062
2018-06-07,235.9199981689453,232.5399932861328,233.88999938964844,233.4499969482422,2905000.0,230.8089141845703
2018-06-08,234.27000427246094,232.35000610351562,233.0,233.38999938964844,2253100.0,230.74957275390625
2018-06-11,235.16000366210938,233.58999633789062,234.6199951171875,234.08999633789062,1936800.0,231.441650390625
2018-06-12,235.22999572753906,231.86000061035156,234.1199951171875,232.6300048828125,2080000.0,229.9981689453125
2018-06-13,238.22999572753906,233.10000610351562,233.64999389648438,233.8300018310547,3637400.0,231.18460083007812
2018-06-14,235.88999938964844,232.58999633789062,235.8699951171875,233.64999389648438,2899600.0,231.0066375732422
2018-06-15,233.14999389648438,229.83999633789062,231.5,231.9199981689453,4738100.0,229.29620361328125
2018-06-18,231.6699981689453,229.14999389648438,230.1999969482422,231.38999938964844,2327500.0,228.77220153808594
2018-06-19,229.0399932861328,226.16000366210938,228.22000122070312,228.32000732421875,3326600.0,225.7369384765625
2018-06-20,229.94000244140625,226.9600067138672,229.9199981689453,227.82000732421875,2678300.0,225.24261474609375
2018-06-21,228.42999267578125,224.57000732421875,226.38999938964844,226.97999572753906,3094600.0,224.41209411621094
2018-06-22,230.5,225.5800018310547,227.77999877929688,226.02000427246094,2731800.0,223.46295166015625
2018-06-25,225.13999938964844,220.38999938964844,224.5,221.5399932861328,3817700.0,219.0336456298828
2018-06-26,222.8000030517578,219.1199951171875,221.77999877929688,221.5800018310547,2692900.0,219.07318115234375
2018-06-27,225.47000122070312,220.13999938964844,221.47999572753906,220.17999267578125,3104200.0,217.68902587890625
2018-06-28,224.66000366210938,219.5800018310547,220.25,223.4199981689453,3072600.0,220.8923797607422
2018-06-29,225.1699981689453,220.4499969482422,224.39999389648438,220.57000732421875,3393700.0,218.0746307373047
2018-07-02,223.33999633789062,218.88999938964844,219.75,223.25999450683594,1723200.0,220.7341766357422
2018-07-03,224.63999938964844,219.99000549316406,224.4600067138672,220.3800048828125,1204400.0,217.88674926757812
2018-07-05,222.13999938964844,219.77999877929688,221.5,220.74000549316406,2218200.0,218.24269104003906
2018-07-06,223.1999969482422,219.8800048828125,220.5399932861328,221.7899932861328,1846400.0,219.28082275390625
2018-07-09,228.1999969482422,223.0,223.36000061035156,227.99000549316406,2743900.0,225.41067504882812
2018-07-10,228.8699951171875,225.85000610351562,228.0,226.85000610351562,2524800.0,224.28358459472656
2018-07-11,227.25,225.1999969482422,225.75999450683594,225.66000366210938,2527000.0,223.10704040527344
2018-07-12,227.8000030517578,225.77000427246094,227.63999938964844,227.22000122070312,2223100.0,224.64938354492188
2018-07-13,228.6199951171875,223.92999267578125,226.6300048828125,226.41000366210938,2541500.0,223.84854125976562
2018-07-16,231.44000244140625,226.74000549316406,227.1999969482422,231.44000244140625,3271200.0,228.82164001464844
2018-07-17,233.22999572753906,226.8699951171875,231.47999572753906,231.02000427246094,9280200.0,228.40638732910156
2018-07-18,233.72000122070312,230.14999389648438,232.33999633789062,231.24000549316406,6149900.0,228.62391662597656
2018-07-19,231.99000549316406,228.97999572753906,231.11000061035156,229.6300048828125,4638500.0,227.03211975097656
2018-07-20,232.0500030517578,228.8000030517578,229.00999450683594,231.69000244140625,2683500.0,229.06881713867188
2018-07-23,234.86000061035156,231.72000122070312,231.8000030517578,233.75999450683594,2788500.0,231.11538696289062
2018-07-24,237.47999572753906,234.33999633789062,234.75,235.8800048828125,2887400.0,233.21141052246094
2018-07-25,236.85000610351562,233.9499969482422,235.00999450683594,236.69000244140625,2181500.0,234.0122528076172
2018-07-26,238.33999633789062,236.42999267578125,237.0,237.11000061035156,1885500.0,234.427490234375
2018-07-27,238.8000030517578,235.99000549316406,237.9600067138672,237.63999938964844,1998200.0,234.9514923095703
2018-07-30,239.72999572753906,236.88999938964844,238.0,238.9499969482422,2454100.0,236.24667358398438
2018-07-31,239.5,236.5500030517578,239.5,237.42999267578125,2503700.0,234.74386596679688
2018-08-01,239.39999389648438,235.77999877929688,238.5,236.0399932861328,2510500.0,233.36959838867188
2018-08-02,235.2100067138672,232.77000427246094,233.92999267578125,233.99000549316406,2579700.0,231.34278869628906
2018-08-03,235.52000427246094,233.49000549316406,234.44000244140625,234.08999633789062,3053100.0,231.441650390625
2018-08-06,236.97999572753906,234.02999877929688,234.13999938964844,235.92999267578125,2259600.0,233.26083374023438
2018-08-07,239.4600067138672,236.49000549316406,237.25,237.8300018310547,2399500.0,235.13934326171875
2018-08-08,239.16000366210938,236.22999572753906,238.1199951171875,236.3699951171875,2522400.0,233.69586181640625
2018-08-09,236.85000610351562,233.38999938964844,236.35000610351562,233.77999877929688,2951900.0,231.13516235351562
2018-08-10,231.4600067138672,228.11000061035156,230.97000122070312,229.61000061035156,3863400.0,227.01234436035156
2018-08-13,229.88999938964844,226.57000732421875,229.49000549316406,226.86000061035156,2662700.0,224.29344177246094
2018-08-14,230.3699951171875,227.3000030517578,227.35000610351562,229.55999755859375,2359000.0,226.96290588378906
2018-08-15,231.5399932861328,228.30999755859375,229.35000610351562,229.25,3218500.0,226.6564178466797
2018-08-16,233.2899932861328,230.4499969482422,230.6699981689453,233.0,2438300.0,230.36398315429688
2018-08-17,233.72000122070312,231.63999938964844,232.50999450683594,233.3800048828125,2107200.0,230.7397003173828
2018-08-20,235.97999572753906,234.0800018310547,234.1300048828125,235.77999877929688,2604900.0,233.112548828125
2018-08-21,239.52999877929688,235.2899932861328,235.2899932861328,238.64999389648438,2437300.0,235.95005798339844
2018-08-22,239.6699981689453,237.5800018310547,237.88999938964844,239.33999633789062,1870900.0,236.63226318359375
2018-08-23,239.27999877929688,235.83999633789062,239.0500030517578,236.33999633789062,2064700.0,233.66619873046875
2018-08-24,237.8000030517578,234.6999969482422,237.36000061035156,235.11000061035156,1948100.0,232.4501190185547
2018-08-27,243.64999389648438,236.55999755859375,236.99000549316406,242.60000610351562,4106900.0,239.85537719726562
2018-08-28,245.0800018310547,241.58999633789062,243.05999755859375,242.3699951171875,2951000.0,239.6279754638672
2018-08-29,242.7899932861328,240.30999755859375,242.0500030517578,241.39999389648438,1911700.0,239.45933532714844
2018-08-30,241.1199951171875,238.67999267578125,240.8000030517578,239.39999389648438,1963700.0,237.4754180908203
2018-08-31,239.35000610351562,237.1199951171875,238.94000244140625,237.80999755859375,1965500.0,235.89820861816406
2018-09-04,238.1199951171875,234.58999633789062,237.75999450683594,237.66000366210938,2083500.0,235.74942016601562
2018-09-05,239.4499969482422,236.1699981689453,237.00999450683594,237.55999755859375,2092000.0,235.65020751953125
2018-09-06,238.6300048828125,233.8800048828125,237.0,234.52000427246094,2651400.0,232.63465881347656
2018-09-07,235.63999938964844,232.67999267578125,235.0500030517578,233.91000366210938,1952900.0,232.02955627441406
2018-09-10,235.5,231.74000549316406,235.00999450683594,231.91000366210938,1948100.0,230.045654296875
2018-09-11,231.64999389648438,228.66000366210938,230.6699981689453,230.2100067138672,2719400.0,228.35931396484375
2018-09-12,231.99000549316406,227.3000030517578,230.91000366210938,228.14999389648438,3577700.0,226.31585693359375
2018-09-13,229.85000610351562,227.57000732421875,229.5,228.3300018310547,3003600.0,226.49441528320312
2018-09-14,230.5500030517578,228.75999450683594,229.0800018310547,229.24000549316406,2228300.0,227.3970947265625
2018-09-17,230.16000366210938,227.3000030517578,229.39999389648438,227.88999938964844,1918800.0,226.05795288085938
2018-09-18,229.39999389648438,226.57000732421875,228.35000610351562,228.88999938964844,2498100.0,227.04991149902344
2018-09-19,236.27999877929688,229.52000427246094,229.89999389648438,235.5800018310547,3716500.0,233.68614196777344
2018-09-20,238.50999450683594,236.02999877929688,237.0,237.39999389648438,2503000.0,235.49148559570312
2018-09-21,238.52000427246094,234.8300018310547,238.05999755859375,235.33999633789062,3760300.0,233.44805908203125
2018-09-24,235.74000549316406,232.24000549316406,234.74000549316406,232.89999389648438,2057000.0,231.02767944335938
2018-09-25,234.63999938964844,232.22999572753906,234.63999938964844,232.5,2003200.0,230.6309051513672
2018-09-26,233.0,228.24000549316406,232.9600067138672,228.8800048828125,2372700.0,227.0399932861328
2018-09-27,229.85000610351562,227.52000427246094,228.77000427246094,227.74000549316406,2451500.0,225.90916442871094
2018-09-28,227.39999389648438,223.8000030517578,225.75,224.24000549316406,3097800.0,222.4373016357422
2018-10-01,227.58999633789062,225.0,226.22000122070312,225.3300018310547,2451300.0,223.51853942871094
2018-10-02,226.3300018310547,223.97000122070312,225.27999877929688,226.07000732421875,2272700.0,224.25259399414062
2018-10-03,229.77000427246094,226.5800018310547,227.75,227.77999877929688,2573900.0,225.94883728027344
2018-10-04,231.39999389648438,225.38999938964844,229.25999450683594,227.47999572753906,2903600.0,225.65126037597656
2018-10-05,228.41000366210938,224.2100067138672,228.0,225.7100067138672,1722400.0,223.89547729492188
2018-10-08,226.9199981689453,222.5,224.25999450683594,225.35000610351562,2522900.0,223.53839111328125
2018-10-09,225.1199951171875,222.52999877929688,224.99000549316406,222.91000366210938,1862900.0,221.11798095703125
2018-10-10,223.63999938964844,214.55999755859375,223.24000549316406,214.88999938964844,3955500.0,213.16246032714844
2018-10-11,216.02999877929688,210.9499969482422,214.1999969482422,212.97000122070312,6217400.0,211.25790405273438
2018-10-12,217.97999572753906,211.4600067138672,217.0,213.8699951171875,4161300.0,212.15066528320312
2018-10-15,217.13999938964844,213.0500030517578,214.4499969482422,215.22000122070312,3333800.0,213.48980712890625
2018-10-16,222.0,216.3000030517578,219.35000610351562,221.6999969482422,5924200.0,219.91770935058594
2018-10-17,228.89999389648438,220.0500030517578,220.52999877929688,228.27999877929688,4953700.0,226.44482421875
2018-10-18,228.72999572753906,223.86000061035156,227.5,224.9499969482422,2995400.0,223.14158630371094
2018-10-19,228.3000030517578,224.19000244140625,225.25999450683594,226.9600067138672,2759100.0,225.13543701171875
2018-10-22,228.8699951171875,221.52000427246094,226.92999267578125,221.60000610351562,2736800.0,219.8185272216797
2018-10-23,219.52000427246094,214.32000732421875,216.58999633789062,218.55999755859375,3318200.0,216.80294799804688
2018-10-24,218.92999267578125,208.39999389648438,218.13999938964844,209.17999267578125,4152700.0,207.4983673095703
2018-10-25,215.69000244140625,210.33999633789062,211.27000427246094,214.00999450683594,3179700.0,212.28953552246094
2018-10-26,214.8000030517578,209.52999877929688,210.72999572753906,212.36000061035156,3557900.0,210.65280151367188
2018-10-29,218.2100067138672,212.0500030517578,214.14999389648438,214.49000549316406,3278200.0,212.76568603515625
2018-10-30,220.35000610351562,215.0399932861328,215.99000549316406,219.27999877929688,3897400.0,217.5171661376953
2018-10-31,229.0,221.39999389648438,221.88999938964844,225.3699951171875,4369600.0,223.55819702148438
2018-11-01,228.8800048828125,225.47000122070312,225.75999450683594,226.97000122070312,2557600.0,225.1453399658203
2018-11-02,231.69000244140625,226.2899932861328,230.0,229.69000244140625,3699000.0,227.84347534179688
2018-11-05,231.10000610351562,226.9499969482422,228.32000732421875,228.72000122070312,2565200.0,226.88128662109375
2018-11-06,229.52000427246094,227.0500030517578,228.19000244140625,228.1999969482422,2275600.0,226.36546325683594
2018-11-07,232.8000030517578,226.89999389648438,230.0500030517578,231.27999877929688,3514300.0,229.4207000732422
2018-11-08,234.05999755859375,230.60000610351562,231.0,231.64999389648438,2404800.0,229.7877197265625
2018-11-09,231.69000244140625,222.3000030517578,231.69000244140625,222.64999389648438,3721700.0,220.86007690429688
2018-11-12,222.30999755859375,205.1300048828125,222.0,206.0500030517578,11019400.0,204.39353942871094
2018-11-13,209.58999633789062,202.3300018310547,204.39999389648438,205.0500030517578,6984800.0,203.4015655517578
2018-11-14,207.33999633789062,198.44000244140625,206.24000549316406,202.49000549316406,5742500.0,200.86215209960938
2018-11-15,204.5,199.32000732421875,201.8000030517578,203.74000549316406,4260000.0,202.10211181640625
2018-11-16,204.74000549316406,200.35000610351562,202.92999267578125,202.1199951171875,2829600.0,200.4951171875
2018-11-19,202.3000030517578,197.35000610351562,201.8300018310547,198.22000122070312,3419100.0,196.62648010253906
2018-11-20,195.88999938964844,190.35000610351562,195.10000610351562,191.33999633789062,5513800.0,189.80177307128906
2018-11-21,195.24000549316406,191.19000244140625,192.08999633789062,192.60000610351562,4111700.0,191.05166625976562
2018-11-23,191.8699951171875,188.94000244140625,191.61000061035156,189.10000610351562,1862600.0,187.5797882080078
2018-11-26,195.22999572753906,190.69000244140625,191.1699981689453,194.33999633789062,3143300.0,192.7776641845703
2018-11-27,194.6199951171875,191.55999755859375,193.39999389648438,193.64999389648438,2345400.0,192.0932159423828
2018-11-28,198.4499969482422,192.22999572753906,194.83999633789062,198.35000610351562,3762900.0,196.75543212890625
2018-11-29,197.4499969482422,193.16000366210938,196.02000427246094,194.85000610351562,2665700.0,194.06629943847656
2018-11-30,191.4499969482422,188.1199951171875,190.57000732421875,190.69000244140625,6220000.0,189.9230194091797
2018-12-03,195.66000366210938,191.6199951171875,194.0,191.6300048828125,4017000.0,190.8592529296875
2018-12-04,191.11000061035156,183.6300048828125,190.69000244140625,184.30999755859375,5797500.0,183.5686798095703
2018-12-06,184.8800048828125,180.14999389648438,181.3300018310547,184.08999633789062,5275500.0,183.3495635986328
2018-12-07,186.25,179.0,183.85000610351562,179.6699981689453,3921200.0,178.9473419189453
2018-12-10,179.83999633789062,174.67999267578125,178.60000610351562,178.8300018310547,4528300.0,178.11073303222656
2018-12-11,184.42999267578125,175.4499969482422,182.14999389648438,176.8000030517578,4713900.0,176.08889770507812
2018-12-12,180.0,176.47999572753906,178.5,176.6999969482422,3677300.0,175.98928833007812
2018-12-13,178.69000244140625,175.1199951171875,177.8300018310547,175.9199981689453,4008600.0,175.21243286132812
2018-12-14,176.25999450683594,172.3699951171875,174.33999633789062,172.77000427246094,5078300.0,172.07510375976562
2018-12-17,171.42999267578125,166.52999877929688,169.39999389648438,168.00999450683594,8395800.0,167.33424377441406
2018-12-18,173.02000427246094,169.32000732421875,169.77999877929688,171.5,5150800.0,170.81021118164062
2018-12-19,174.85000610351562,167.60000610351562,171.58999633789062,169.25,5316100.0,168.5692596435547
2018-12-20,171.64999389648438,167.16000366210938,168.38999938964844,168.41000366210938,6488200.0,167.73263549804688
2018-12-21,169.6300048828125,159.4199981689453,168.25,160.0500030517578,8960000.0,159.40626525878906
2018-12-24,160.0,154.30999755859375,159.0,156.35000610351562,3783500.0,155.7211456298828
2018-12-26,163.11000061035156,151.6999969482422,157.0,162.92999267578125,7054700.0,162.27467346191406
2018-12-27,165.41000366210938,159.02000427246094,160.1199951171875,165.41000366210938,4973000.0,164.7447052001953
2018-12-28,165.9499969482422,162.02000427246094,165.63999938964844,163.02999877929688,4110500.0,162.374267578125
2018-12-31,167.1199951171875,163.77999877929688,163.77999877929688,167.0500030517578,4550000.0,166.37811279296875
2019-01-02,172.25,163.35000610351562,164.3300018310547,172.02999877929688,3999400.0,171.33807373046875
2019-01-03,171.77000427246094,168.2899932861328,170.66000366210938,169.50999450683594,4060200.0,168.8282012939453
2019-01-04,176.0,171.10000610351562,172.99000549316406,175.0500030517578,3788300.0,174.34593200683594
2019-01-07,177.8300018310547,172.27000427246094,175.22999572753906,176.02000427246094,3152100.0,175.31202697753906
2019-01-08,178.10000610351562,172.89999389648438,177.77999877929688,175.3699951171875,2692700.0,174.66464233398438
2019-01-09,177.69000244140625,174.91000366210938,176.10000610351562,176.47000122070312,3321400.0,175.76022338867188
2019-01-10,178.07000732421875,175.5,175.66000366210938,176.0,2808700.0,175.2921142578125
2019-01-11,177.0399932861328,172.4199981689453,175.10000610351562,176.92999267578125,3182700.0,176.21835327148438
2019-01-14,179.5399932861328,174.10000610351562,174.52000427246094,178.72000122070312,3361700.0,178.0011749267578
2019-01-15,179.99000549316406,176.39999389648438,178.32000732421875,179.91000366210938,2911800.0,179.18638610839844
2019-01-16,198.14999389648438,185.60000610351562,187.0,197.0800018310547,15194200.0,196.28732299804688
2019-01-17,199.8000030517578,192.8300018310547,195.9499969482422,199.08999633789062,8177000.0,198.2892303466797
2019-01-18,203.0,196.91000366210938,200.3800048828125,202.5399932861328,5650900.0,201.72535705566406
2019-01-22,201.47000122070312,195.9199981689453,200.5,197.67999267578125,4648500.0,196.88490295410156
2019-01-23,198.08999633789062,194.52999877929688,197.5500030517578,196.89999389648438,3410700.0,196.1080322265625
2019-01-24,199.67999267578125,195.75999450683594,196.22000122070312,197.8000030517578,2631800.0,197.00442504882812
2019-01-25,201.19000244140625,199.4199981689453,199.8300018310547,200.74000549316406,3275000.0,199.93260192871094
2019-01-28,200.07000732421875,197.10000610351562,197.99000549316406,199.72000122070312,2369600.0,198.9167022705078
2019-01-29,201.97000122070312,197.8699951171875,199.0,200.5,2694100.0,199.6935577392578
2019-01-30,203.2899932861328,199.64999389648438,200.89999389648438,202.47999572753906,2773300.0,201.6656036376953
2019-01-31,202.35000610351562,196.9499969482422,200.10000610351562,198.00999450683594,5604500.0,197.2135772705078
2019-02-01,199.63999938964844,196.5399932861328,198.0,196.5399932861328,3174200.0,195.74948120117188
2019-02-04,197.75999450683594,194.7899932861328,195.8000030517578,197.72000122070312,2400200.0,196.92474365234375
2019-02-05,199.3300018310547,196.86000061035156,198.1199951171875,198.00999450683594,2601000.0,197.2135772705078
2019-02-06,199.05999755859375,195.8300018310547,197.17999267578125,196.6199951171875,2063100.0,195.82916259765625
2019-02-07,195.8800048828125,191.0500030517578,195.27999877929688,193.07000732421875,2948800.0,192.29345703125
2019-02-08,192.6199951171875,188.22000122070312,191.72000122070312,191.6699981689453,2757500.0,190.89907836914062
2019-02-11,193.32000732421875,191.07000732421875,192.8800048828125,191.3300018310547,2056500.0,190.56045532226562
2019-02-12,195.64999389648438,193.0,193.0500030517578,194.49000549316406,2392900.0,193.70774841308594
2019-02-13,198.77999877929688,194.60000610351562,195.9199981689453,194.69000244140625,2757300.0,193.9069366455078
2019-02-14,194.1300048828125,189.44000244140625,192.2100067138672,192.52999877929688,2865000.0,191.755615234375
2019-02-15,198.88999938964844,193.10000610351562,193.2100067138672,198.5,3065400.0,197.7016143798828
2019-02-19,199.05999755859375,195.61000061035156,196.66000366210938,198.6699981689453,2558200.0,197.8709259033203
2019-02-20,199.3000030517578,197.50999450683594,198.72999572753906,198.60000610351562,2266000.0,197.80120849609375
2019-02-21,199.4499969482422,195.0500030517578,198.97000122070312,196.36000061035156,2785900.0,195.57022094726562
2019-02-22,197.75,195.1999969482422,196.60000610351562,196.0,2626600.0,195.211669921875
2019-02-25,201.5,197.7100067138672,198.0,198.64999389648438,3032200.0,197.8509979248047
2019-02-26,200.55999755859375,196.5500030517578,198.47000122070312,198.89999389648438,2499800.0,198.09999084472656
2019-02-27,199.88999938964844,197.1199951171875,198.5,198.10000610351562,1804200.0,198.10000610351562
2019-02-28,198.39999389648438,196.00999450683594,198.0399932861328,196.6999969482422,2964300.0,196.6999969482422
2019-03-01,201.44000244140625,197.42999267578125,198.75,198.1999969482422,2580500.0,198.1999969482422
2019-03-04,200.8300018310547,194.14999389648438,198.80999755859375,195.97999572753906,2683600.0,195.97999572753906
2019-03-05,196.17999267578125,193.0,195.85000610351562,196.0,2338600.0,196.0
2019-03-06,197.55999755859375,194.52999877929688,195.89999389648438,194.74000549316406,2247500.0,194.74000549316406
2019-03-07,193.4499969482422,190.0800018310547,193.1300048828125,192.77000427246094,3567800.0,192.77000427246094
2019-03-08,195.77000427246094,189.7100067138672,190.39999389648438,195.24000549316406,3162700.0,195.24000549316406
2019-03-11,198.97000122070312,195.72999572753906,197.22999572753906,195.97000122070312,2669000.0,195.97000122070312
2019-03-12,197.39999389648438,195.69000244140625,196.0,196.6300048828125,1977400.0,196.6300048828125
2019-03-13,198.92999267578125,196.52000427246094,197.75,197.25,1904500.0,197.25
2019-03-14,198.5,196.6999969482422,197.32000732421875,197.47000122070312,1482300.0,197.47000122070312
2019-03-15,198.85000610351562,196.85000610351562,197.16000366210938,198.25999450683594,2985200.0,198.25999450683594
2019-03-18,203.85000610351562,198.9199981689453,199.17999267578125,202.47000122070312,3354900.0,202.47000122070312
2019-03-19,206.4499969482422,200.77999877929688,204.8800048828125,201.1199951171875,3284900.0,201.1199951171875
2019-03-20,200.3300018310547,193.97000122070312,200.3300018310547,194.32000732421875,5033500.0,194.32000732421875
2019-03-21,195.5500030517578,191.75,192.89999389648438,194.5800018310547,4031500.0,194.5800018310547
2019-03-22,193.7100067138672,187.77999877929688,192.6699981689453,188.9600067138672,5703100.0,188.9600067138672
2019-03-25,191.4499969482422,186.5,189.3300018310547,188.50999450683594,3751000.0,188.50999450683594
2019-03-26,192.41000366210938,188.69000244140625,190.02999877929688,190.69000244140625,2910100.0,190.69000244140625
2019-03-27,191.61000061035156,188.74000549316406,190.60000610351562,190.02999877929688,2343800.0,190.02999877929688
2019-03-28,191.91000366210938,189.2899932861328,190.74000549316406,191.17999267578125,2343400.0,191.17999267578125
2019-03-29,193.11000061035156,191.13999938964844,192.67999267578125,191.99000549316406,2632800.0,191.99000549316406
2019-04-01,198.08999633789062,193.61000061035156,194.0,196.74000549316406,3561800.0,196.74000549316406
