Date,High,Low,Open,Close,Volume,Adj Close
2018-04-02,153.3800048828125,148.42999267578125,153.33999633789062,150.07000732421875,5150400.0,143.3195343017578
2018-04-03,151.0,148.3000030517578,150.8000030517578,149.85000610351562,4135700.0,143.10943603515625
2018-04-04,154.47000122070312,147.4499969482422,147.88999938964844,154.1199951171875,4805300.0,147.18736267089844
2018-04-05,154.9199981689453,153.33999633789062,154.44000244140625,154.02999877929688,3185400.0,147.1013946533203
2018-04-06,153.9499969482422,149.5399932861328,153.4600067138672,150.57000732421875,3672900.0,143.79705810546875
2018-04-09,154.66000366210938,151.74000549316406,151.8000030517578,152.69000244140625,4413200.0,145.82168579101562
2018-04-10,156.60000610351562,154.75,155.02999877929688,155.38999938964844,3806400.0,148.40023803710938
2018-04-11,155.77999877929688,153.8800048828125,154.3699951171875,155.36000061035156,3306500.0,148.37158203125
2018-04-12,158.97999572753906,156.6699981689453,156.75,158.07000732421875,5639400.0,150.95968627929688
2018-04-13,159.22000122070312,155.91000366210938,158.6699981689453,156.7100067138672,4057100.0,149.66085815429688
2018-04-16,159.13999938964844,157.6699981689453,157.99000549316406,157.88999938964844,4186800.0,150.7877655029297
2018-04-17,162.0,158.50999450683594,158.82000732421875,160.91000366210938,10207500.0,153.67193603515625
2018-04-18,152.6300048828125,148.25999450683594,152.13999938964844,148.7899932861328,20381700.0,142.09710693359375
2018-04-19,149.2100067138672,146.6199951171875,149.19000244140625,147.6999969482422,8086100.0,141.05615234375
2018-04-20,147.97000122070312,144.50999450683594,147.89999389648438,144.89999389648438,8265600.0,138.382080078125
2018-04-23,145.9600067138672,144.3300018310547,145.02999877929688,145.86000061035156,5315600.0,139.29891967773438
2018-04-24,147.3000030517578,144.52999877929688,146.50999450683594,145.55999755859375,4916500.0,139.0124053955078
2018-04-25,146.39999389648438,144.11000061035156,145.7899932861328,145.94000244140625,7326400.0,139.3753204345703
2018-04-26,147.36000061035156,146.1999969482422,146.60000610351562,146.72000122070312,4265800.0,140.12020874023438
2018-04-27,147.25,145.66000366210938,146.83999633789062,146.47999572753906,3205500.0,139.8910369873047
2018-04-30,147.3800048828125,144.9600067138672,146.86000061035156,144.9600067138672,4415500.0,138.43939208984375
2018-05-01,145.02000427246094,143.47000122070312,144.64999389648438,145.0,4433400.0,138.4775848388672
2018-05-02,144.82000732421875,142.07000732421875,144.4600067138672,142.4499969482422,5194900.0,136.04229736328125
2018-05-03,142.22999572753906,139.89999389648438,142.1300048828125,141.99000549316406,5018600.0,135.60299682617188
2018-05-04,144.35000610351562,140.27999877929688,141.10000610351562,143.91000366210938,4402200.0,137.4365997314453
2018-05-07,144.32000732421875,142.63999938964844,144.0,143.22000122070312,3657000.0,136.77764892578125
2018-05-08,143.50999450683594,142.05999755859375,143.0,143.0,5369100.0,136.56756591796875
2018-05-09,143.02000427246094,141.27999877929688,141.89999389648438,142.61000061035156,4196000.0,137.7069854736328
2018-05-10,144.3300018310547,143.00999450683594,143.14999389648438,144.24000549316406,3726600.0,139.28094482421875
2018-05-11,144.85000610351562,143.5800018310547,144.11000061035156,144.13999938964844,3073200.0,139.18438720703125
2018-05-14,145.1199951171875,144.13999938964844,144.47000122070312,144.3000030517578,3216100.0,139.33888244628906
2018-05-15,143.99000549316406,142.9199981689453,143.5,143.74000549316406,4089400.0,138.7981414794922
2018-05-16,145.02999877929688,143.27000427246094,143.6999969482422,144.6300048828125,3168700.0,139.6575469970703
2018-05-17,145.19000244140625,143.77000427246094,144.5,144.5,3147700.0,139.53201293945312
2018-05-18,144.94000244140625,143.99000549316406,144.47000122070312,144.0800018310547,2682200.0,139.12644958496094
2018-05-21,146.0399932861328,144.67999267578125,144.9499969482422,145.49000549316406,2894700.0,140.48797607421875
2018-05-22,146.1999969482422,145.0,145.52000427246094,145.08999633789062,2284000.0,140.10171508789062
2018-05-23,144.6999969482422,143.47999572753906,144.35000610351562,144.6699981689453,3382000.0,139.6961669921875
2018-05-24,144.47999572753906,142.9499969482422,144.38999938964844,144.07000732421875,3398700.0,139.11680603027344
2018-05-25,144.57000732421875,143.4600067138672,143.89999389648438,143.63999938964844,4914300.0,138.70156860351562
2018-05-29,142.88999938964844,140.2100067138672,142.52999877929688,141.22000122070312,4537600.0,136.36477661132812
2018-05-30,143.10000610351562,141.82000732421875,141.89999389648438,142.6199951171875,5118500.0,137.7166290283203
2018-05-31,142.80999755859375,141.0500030517578,142.80999755859375,141.30999755859375,6830300.0,136.45167541503906
2018-06-01,142.83999633789062,141.6199951171875,142.42999267578125,141.9499969482422,3857500.0,137.06967163085938
2018-06-04,143.1699981689453,142.17999267578125,142.3000030517578,143.0399932861328,3035300.0,138.1221923828125
2018-06-05,144.0800018310547,143.0399932861328,143.0500030517578,143.6999969482422,2836000.0,138.75950622558594
2018-06-06,144.72000122070312,143.5399932861328,144.33999633789062,144.7100067138672,3220100.0,139.7347869873047
2018-06-07,146.6999969482422,144.92999267578125,145.0,145.36000061035156,4316500.0,140.36244201660156
2018-06-08,146.42999267578125,144.3699951171875,145.0,146.13999938964844,5210500.0,141.11561584472656
2018-06-11,147.41000366210938,146.13999938964844,146.6199951171875,146.5800018310547,3260000.0,141.54049682617188
2018-06-12,147.52000427246094,146.6199951171875,147.10000610351562,146.8699951171875,2640500.0,141.8205108642578
2018-06-13,147.47000122070312,146.1999969482422,146.7899932861328,146.35000610351562,2968200.0,141.3184051513672
2018-06-14,146.97999572753906,145.08999633789062,146.64999389648438,145.1999969482422,3326300.0,140.2079315185547
2018-06-15,145.47000122070312,143.6999969482422,144.89999389648438,145.38999938964844,9116000.0,140.39138793945312
2018-06-18,144.52000427246094,143.13999938964844,144.17999267578125,144.47999572753906,4286400.0,139.51268005371094
2018-06-19,144.22000122070312,142.9499969482422,143.1199951171875,143.89999389648438,3487000.0,138.95262145996094
2018-06-20,144.52000427246094,142.41000366210938,144.22000122070312,142.6300048828125,3329900.0,137.72630310058594
2018-06-21,143.13999938964844,140.8300018310547,142.58999633789062,141.25,3887700.0,136.39373779296875
2018-06-22,141.80999755859375,140.77999877929688,141.63999938964844,141.27999877929688,5611300.0,136.42271423339844
2018-06-25,140.39999389648438,138.27999877929688,140.39999389648438,138.7899932861328,8937100.0,134.018310546875
2018-06-26,139.85000610351562,138.3300018310547,139.36000061035156,139.0800018310547,4139500.0,134.29833984375
2018-06-27,139.77999877929688,137.4499969482422,139.11000061035156,137.47999572753906,4101800.0,132.75335693359375
2018-06-28,140.5399932861328,137.9499969482422,138.10000610351562,140.0399932861328,4523700.0,135.22532653808594
2018-06-29,141.36000061035156,139.61000061035156,140.32000732421875,139.6999969482422,3710100.0,134.89703369140625
2018-07-02,140.22000122070312,138.1999969482422,138.27999877929688,139.86000061035156,3405400.0,135.05152893066406
2018-07-03,140.94000244140625,139.3699951171875,140.64999389648438,139.57000732421875,1963200.0,134.77149963378906
2018-07-05,141.42999267578125,139.92999267578125,140.47999572753906,141.42999267578125,3744700.0,136.5675506591797
2018-07-06,142.94000244140625,141.1699981689453,141.52999877929688,142.47999572753906,2849000.0,137.58145141601562
2018-07-09,144.72000122070312,142.47000122070312,142.58999633789062,144.38999938964844,3904700.0,139.42578125
2018-07-10,145.58999633789062,144.25999450683594,144.50999450683594,144.7100067138672,3777000.0,139.7347869873047
2018-07-11,146.19000244140625,144.0,144.0,144.94000244140625,3526600.0,139.95687866210938
2018-07-12,146.8300018310547,145.74000549316406,145.85000610351562,146.4499969482422,3119500.0,141.4149627685547
2018-07-13,146.97999572753906,145.8000030517578,146.4499969482422,145.89999389648438,3062600.0,140.8838653564453
2018-07-16,145.7899932861328,144.2100067138672,145.6699981689453,145.4600067138672,3468800.0,140.45899963378906
2018-07-17,145.0,143.33999633789062,144.75,143.49000549316406,5096700.0,138.5567169189453
2018-07-18,144.8000030517578,142.74000549316406,143.50999450683594,144.52000427246094,6935300.0,139.5513153076172
2018-07-19,150.5399932861328,147.25,147.85000610351562,149.24000549316406,14655800.0,144.10903930664062
2018-07-20,148.86000061035156,146.25999450683594,148.5800018310547,146.35000610351562,6414600.0,141.3184051513672
2018-07-23,146.6999969482422,145.00999450683594,146.35000610351562,145.6999969482422,3897900.0,140.69073486328125
2018-07-24,147.0399932861328,145.9199981689453,146.6999969482422,146.3800048828125,3891600.0,141.3473663330078
2018-07-25,146.64999389648438,145.5,146.00999450683594,146.6199951171875,3630900.0,141.5791015625
2018-07-26,149.27000427246094,146.6300048828125,147.42999267578125,146.7100067138672,4778000.0,141.66603088378906
2018-07-27,147.13999938964844,144.66000366210938,146.88999938964844,145.14999389648438,3749300.0,140.15965270996094
2018-07-30,146.24000549316406,144.69000244140625,144.8000030517578,145.49000549316406,3608200.0,140.48797607421875
2018-07-31,145.8000030517578,144.16000366210938,145.74000549316406,144.92999267578125,5474200.0,139.9472198486328
2018-08-01,145.19000244140625,143.33999633789062,144.75999450683594,143.5,3388400.0,138.56639099121094
2018-08-02,143.36000061035156,142.3300018310547,142.86000061035156,142.9600067138672,3841400.0,138.04495239257812
2018-08-03,147.9199981689453,143.0,143.24000549316406,147.6999969482422,8053600.0,142.6219940185547
2018-08-06,147.1999969482422,145.57000732421875,146.9499969482422,146.02999877929688,3913700.0,141.0093994140625
2018-08-07,147.63999938964844,146.35000610351562,146.64999389648438,147.00999450683594,3508800.0,141.95571899414062
2018-08-08,147.42999267578125,146.24000549316406,147.3300018310547,146.88999938964844,3581100.0,141.83982849121094
2018-08-09,145.94000244140625,144.72999572753906,145.52999877929688,144.77000427246094,3093500.0,141.30300903320312
2018-08-10,145.07000732421875,143.8800048828125,144.5,144.47999572753906,3003100.0,141.0199432373047
2018-08-13,144.3000030517578,142.52999877929688,144.14999389648438,142.7100067138672,2858500.0,139.29234313964844
2018-08-14,143.82000732421875,142.92999267578125,143.0,143.36000061035156,2860000.0,139.92677307128906
2018-08-15,144.0,142.0,142.5500030517578,143.91000366210938,4241500.0,140.46359252929688
2018-08-16,145.67999267578125,144.3699951171875,144.3699951171875,145.33999633789062,5250700.0,141.85934448242188
2018-08-17,146.38999938964844,144.69000244140625,144.7899932861328,146.05999755859375,2678600.0,142.56211853027344
2018-08-20,147.16000366210938,146.14999389648438,146.3699951171875,146.50999450683594,2499700.0,143.00132751464844
2018-08-21,147.1199951171875,145.88999938964844,147.0,145.97000122070312,3106900.0,142.47427368164062
2018-08-22,146.16000366210938,145.19000244140625,146.00999450683594,145.24000549316406,2389000.0,141.7617645263672
2018-08-23,145.52000427246094,144.75,145.0399932861328,145.3699951171875,2220400.0,141.8886260986328
2018-08-24,146.08999633789062,144.8699951171875,145.4600067138672,146.0399932861328,2776600.0,142.54258728027344
2018-08-27,147.6199951171875,146.52000427246094,146.94000244140625,146.69000244140625,3491600.0,143.17701721191406
2018-08-28,146.99000549316406,146.19000244140625,146.9499969482422,146.58999633789062,2455300.0,143.0794219970703
2018-08-29,147.92999267578125,146.60000610351562,146.8699951171875,147.5399932861328,3153800.0,144.0066680908203
2018-08-30,147.3000030517578,145.25,147.02999877929688,145.92999267578125,3340400.0,142.4352264404297
2018-08-31,146.77999877929688,145.5399932861328,145.72000122070312,146.47999572753906,3488500.0,142.9720458984375
2018-09-04,146.19000244140625,144.80999755859375,145.97999572753906,145.67999267578125,3326200.0,142.19119262695312
2018-09-05,146.75,145.0500030517578,145.19000244140625,146.66000366210938,3126500.0,143.1477508544922
2018-09-06,147.66000366210938,145.5399932861328,146.8800048828125,146.38999938964844,4248800.0,142.88421630859375
2018-09-07,146.5,145.1199951171875,145.94000244140625,145.4499969482422,4693100.0,141.9667205810547
2018-09-10,147.3000030517578,145.55999755859375,146.60000610351562,145.64999389648438,3618300.0,142.16192626953125
2018-09-11,146.99000549316406,145.25,146.0,146.49000549316406,3374700.0,142.9818115234375
2018-09-12,147.97999572753906,146.02999877929688,146.3699951171875,146.57000732421875,4506700.0,143.05990600585938
2018-09-13,149.0,147.1199951171875,147.35000610351562,148.9499969482422,5346500.0,145.3828887939453
2018-09-14,149.3000030517578,147.77999877929688,148.85000610351562,148.3300018310547,3452100.0,144.77774047851562
2018-09-17,149.07000732421875,147.77000427246094,148.44000244140625,147.94000244140625,3551900.0,144.3970947265625
2018-09-18,148.99000549316406,147.47000122070312,147.75999450683594,148.55999755859375,3629400.0,145.0022430419922
2018-09-19,149.9600067138672,148.22999572753906,148.6300048828125,149.05999755859375,4246200.0,145.49026489257812
2018-09-20,151.3800048828125,149.44000244140625,149.5800018310547,151.14999389648438,5952200.0,147.53021240234375
2018-09-21,152.60000610351562,150.74000549316406,151.47999572753906,151.35000610351562,19947500.0,147.72543334960938
2018-09-24,151.1999969482422,149.4600067138672,151.10000610351562,150.02999877929688,4265000.0,146.43702697753906
2018-09-25,150.41000366210938,148.36000061035156,149.91000366210938,148.91000366210938,4397500.0,145.3438720703125
2018-09-26,153.35000610351562,151.33999633789062,152.39999389648438,151.61000061035156,7401900.0,147.9792022705078
2018-09-27,152.38999938964844,151.16000366210938,152.00999450683594,151.5,3477600.0,147.87184143066406
2018-09-28,151.6300048828125,150.7899932861328,151.16000366210938,151.2100067138672,3305800.0,147.5887908935547
2018-10-01,153.4199981689453,151.7100067138672,151.7100067138672,153.0,3757400.0,149.33590698242188
2018-10-02,153.83999633789062,152.5,152.99000549316406,153.75,3029900.0,150.0679473876953
2018-10-03,154.36000061035156,152.8000030517578,154.0,153.22000122070312,3315300.0,149.55062866210938
2018-10-04,152.8000030517578,150.36000061035156,151.69000244140625,151.30999755859375,4237900.0,147.68637084960938
2018-10-05,151.7899932861328,147.8699951171875,150.89999389648438,149.02999877929688,4602200.0,145.4609832763672
2018-10-08,149.07000732421875,147.17999267578125,148.5,148.38999938964844,3239300.0,144.8363037109375
2018-10-09,148.36000061035156,146.92999267578125,148.0800018310547,147.24000549316406,3642400.0,143.71385192871094
2018-10-10,147.69000244140625,142.5,147.5,142.69000244140625,5547700.0,139.27281188964844
2018-10-11,144.19000244140625,138.77999877929688,142.6199951171875,139.02000427246094,8710500.0,135.69070434570312
2018-10-12,141.5399932861328,139.0800018310547,141.1199951171875,140.85000610351562,6563400.0,137.4768829345703
2018-10-15,142.25999450683594,140.13999938964844,140.3800048828125,141.1300048828125,4965500.0,137.75018310546875
2018-10-16,145.4499969482422,141.5800018310547,142.92999267578125,145.1199951171875,8695500.0,141.6446075439453
2018-10-17,137.14999389648438,133.4199981689453,135.88999938964844,134.0500030517578,19464000.0,130.83973693847656
2018-10-18,133.39999389648438,130.0399932861328,132.72999572753906,130.5500030517578,10011700.0,127.42354583740234
2018-10-19,131.88999938964844,127.95999908447266,130.64999389648438,129.10000610351562,7791600.0,126.0082778930664
2018-10-22,130.44000244140625,128.39999389648438,129.5800018310547,130.02000427246094,5719500.0,126.90624237060547
2018-10-23,131.89999389648438,128.41000366210938,129.02000427246094,131.2100067138672,6463600.0,128.0677490234375
2018-10-24,131.69000244140625,127.0,131.1699981689453,127.20999908447266,5710300.0,124.16353607177734
2018-10-25,127.79000091552734,125.13999938964844,127.25,126.44999694824219,10304300.0,123.42173767089844
2018-10-26,125.77999877929688,123.70999908447266,125.20999908447266,124.79000091552734,8767000.0,121.8014907836914
2018-10-29,123.94999694824219,118.30000305175781,119.33999633789062,119.63999938964844,20450400.0,116.77482604980469
2018-10-30,121.5,115.1500015258789,120.4800033569336,115.4000015258789,21458600.0,112.63636016845703
2018-10-31,116.5,114.08999633789062,116.48999786376953,115.43000030517578,21645000.0,112.66564178466797
2018-11-01,117.0,115.11000061035156,115.5,116.83000183105469,13626700.0,114.03211975097656
2018-11-02,117.75,114.54000091552734,117.51000213623047,115.66999816894531,10592700.0,112.89989471435547
2018-11-05,120.7699966430664,116.0,116.0999984741211,120.05999755859375,9144600.0,117.18476104736328
2018-11-06,123.80999755859375,120.30999755859375,120.69999694824219,123.12000274658203,9597400.0,120.1714859008789
2018-11-07,125.05999755859375,122.33000183105469,123.79000091552734,124.83999633789062,12382700.0,121.85028839111328
2018-11-08,124.4000015258789,122.62999725341797,122.66000366210938,123.37999725341797,10396400.0,121.95902252197266
2018-11-09,124.56999969482422,121.95999908447266,123.61000061035156,123.54000091552734,6961800.0,122.1171875
2018-11-12,123.56999969482422,120.6500015258789,123.5,120.9000015258789,5379100.0,119.5075912475586
2018-11-13,122.25,119.9000015258789,121.19000244140625,120.83999633789062,4084400.0,119.44827270507812
2018-11-14,121.93000030517578,119.7699966430664,121.11000061035156,120.19999694824219,4762300.0,118.8156509399414
2018-11-15,121.44000244140625,119.51000213623047,119.66000366210938,121.44000244140625,5207900.0,120.04137420654297
2018-11-16,121.8499984741211,120.54000091552734,120.88999938964844,121.56999969482422,4076300.0,120.16986846923828
2018-11-19,122.18000030517578,119.7699966430664,121.62999725341797,120.30999755859375,4131200.0,118.92438507080078
2018-11-20,119.48999786376953,116.69999694824219,118.48999786376953,117.19999694824219,6233800.0,115.8501968383789
2018-11-21,119.51000213623047,117.38999938964844,117.61000061035156,118.56999969482422,5335800.0,117.20442199707031
2018-11-23,118.33999633789062,116.91000366210938,118.08999633789062,117.19000244140625,2334700.0,115.84031677246094
2018-11-26,120.25,118.05999755859375,118.37000274658203,119.55999755859375,5011100.0,118.18302154541016
2018-11-27,120.04000091552734,118.37000274658203,118.37999725341797,120.02999877929688,4903800.0,118.6476058959961
2018-11-28,123.08999633789062,120.22000122070312,121.01000213623047,123.0,5104500.0,121.58340454101562
2018-11-29,123.12000274658203,121.4000015258789,122.44000244140625,121.4800033569336,5200100.0,120.0809097290039
2018-11-30,124.69000244140625,121.4800033569336,121.66000366210938,124.2699966430664,7251600.0,122.83877563476562
2018-12-03,126.58999633789062,124.36000061035156,125.66999816894531,125.30999755859375,5846400.0,123.8667984008789
2018-12-04,124.91999816894531,121.33000183105469,124.48999786376953,121.5999984741211,6000700.0,120.19952392578125
2018-12-06,123.91000366210938,119.30000305175781,119.72000122070312,123.91000366210938,6938000.0,122.48292541503906
2018-12-07,124.05000305175781,118.87000274658203,123.9000015258789,119.33999633789062,7019600.0,117.9655532836914
2018-12-10,121.68000030517578,118.5199966430664,119.73999786376953,121.12999725341797,6549500.0,119.73493957519531
2018-12-11,123.80999755859375,120.0,123.25,120.88999938964844,5043100.0,119.4977035522461
2018-12-12,122.87999725341797,121.0,122.51000213623047,121.16000366210938,3560500.0,119.76459503173828
2018-12-13,121.79000091552734,120.16999816894531,121.26000213623047,120.7300033569336,3993600.0,119.33955383300781
2018-12-14,121.11000061035156,119.44000244140625,119.5,119.9000015258789,4554200.0,118.51910400390625
2018-12-17,119.77999877929688,115.06999969482422,119.06999969482422,116.0999984741211,7374500.0,114.76287078857422
2018-12-18,118.2300033569336,116.0199966430664,116.9000015258789,116.6500015258789,6290200.0,115.3065414428711
2018-12-19,120.2699966430664,115.97000122070312,117.1500015258789,116.43000030517578,6979800.0,115.08907318115234
2018-12-20,116.44999694824219,111.69999694824219,115.69999694824219,113.0199966430664,8454400.0,111.71833801269531
2018-12-21,115.27999877929688,110.44000244140625,112.5,110.94000244140625,10386500.0,109.66230010986328
2018-12-24,111.0,107.5,109.9000015258789,107.56999969482422,3821400.0,106.33110809326172
2018-12-26,111.38999938964844,105.94000244140625,108.0,111.38999938964844,6645800.0,110.10711669921875
2018-12-27,113.77999877929688,109.47000122070312,109.98999786376953,113.77999877929688,6045600.0,112.46958923339844
2018-12-28,114.80000305175781,112.5,114.22000122070312,113.02999877929688,5117500.0,111.72822570800781
2018-12-31,114.3499984741211,112.41999816894531,113.33000183105469,113.66999816894531,4982800.0,112.36085510253906
2019-01-02,115.9800033569336,111.69000244140625,112.01000213623047,115.20999908447266,4239900.0,113.88311767578125
2019-01-03,114.87999725341797,112.69000244140625,114.52999877929688,112.91000366210938,4346700.0,111.60961151123047
2019-01-04,117.48999786376953,114.44000244140625,114.91000366210938,117.31999969482422,4477800.0,115.96881866455078
2019-01-07,118.83000183105469,116.66999816894531,117.5,118.1500015258789,3751200.0,116.78926086425781
2019-01-08,120.56999969482422,118.9800033569336,119.66000366210938,119.83000183105469,4763600.0,118.44991302490234
2019-01-09,121.4000015258789,119.87000274658203,120.91000366210938,120.69000244140625,3633700.0,119.30001068115234
2019-01-10,121.86000061035156,119.94999694824219,120.08000183105469,121.79000091552734,3910000.0,120.38733673095703
2019-01-11,121.62000274658203,120.19999694824219,121.58000183105469,121.45999908447266,3722400.0,120.06114196777344
2019-01-14,120.6500015258789,119.76000213623047,120.51000213623047,120.38999938964844,5228700.0,119.00346374511719
2019-01-15,121.93000030517578,120.81999969482422,120.95999908447266,121.7300033569336,3507500.0,120.32803344726562
2019-01-16,122.0,120.83000183105469,121.58000183105469,121.62000274658203,3841100.0,120.21929931640625
2019-01-17,122.41000366210938,120.55000305175781,120.55999755859375,122.19000244140625,5029900.0,120.7827377319336
2019-01-18,124.72000122070312,122.70999908447266,123.2699966430664,123.81999969482422,6008500.0,122.39395904541016
2019-01-22,123.80000305175781,121.54000091552734,123.30000305175781,122.5199966430664,10052400.0,121.10892486572266
2019-01-23,135.0,130.30999755859375,131.3699951171875,132.88999938964844,22063700.0,131.3594970703125
2019-01-24,133.2100067138672,131.42999267578125,132.6300048828125,132.52999877929688,6322900.0,131.00364685058594
2019-01-25,134.44000244140625,132.42999267578125,132.8699951171875,133.97000122070312,5707400.0,132.42706298828125
2019-01-28,134.80999755859375,132.5800018310547,133.10000610351562,134.27000427246094,5357700.0,132.72361755371094
2019-01-29,135.41000366210938,133.60000610351562,134.2899932861328,134.3300018310547,5037100.0,132.7829132080078
2019-01-30,135.02999877929688,133.25,134.0,134.3800048828125,4500900.0,132.83233642578125
2019-01-31,134.72000122070312,133.74000549316406,134.4499969482422,134.4199981689453,4884000.0,132.8718719482422
2019-02-01,135.1999969482422,133.35000610351562,134.97000122070312,134.10000610351562,3806000.0,132.55557250976562
2019-02-04,135.1999969482422,132.99000549316406,134.02000427246094,135.19000244140625,3966600.0,133.6330108642578
2019-02-05,135.82000732421875,134.9199981689453,135.27999877929688,135.5500030517578,5398900.0,133.98886108398438
2019-02-06,136.64999389648438,135.1699981689453,135.22000122070312,136.32000732421875,4879700.0,134.75
2019-02-07,134.47000122070312,132.1199951171875,133.5500030517578,133.19000244140625,4379400.0,133.19000244140625
2019-02-08,133.7100067138672,132.19000244140625,132.33999633789062,133.7100067138672,3249800.0,133.7100067138672
2019-02-11,135.14999389648438,133.91000366210938,134.2899932861328,133.99000549316406,3095100.0,133.99000549316406
2019-02-12,136.1999969482422,134.86000061035156,135.14999389648438,136.0500030517578,3317200.0,136.0500030517578
2019-02-13,137.9199981689453,136.41000366210938,136.9199981689453,137.52000427246094,4253000.0,137.52000427246094
2019-02-14,137.60000610351562,136.2100067138672,137.1699981689453,136.47999572753906,2789400.0,136.47999572753906
2019-02-15,138.19000244140625,137.38999938964844,137.5800018310547,138.02999877929688,3844100.0,138.02999877929688
2019-02-19,138.6999969482422,137.36000061035156,137.80999755859375,138.6999969482422,3385700.0,138.6999969482422
2019-02-20,139.24000549316406,137.22000122070312,138.75999450683594,138.0,3802000.0,138.0
2019-02-21,138.35000610351562,137.35000610351562,137.82000732421875,137.83999633789062,2937300.0,137.83999633789062
2019-02-22,139.3800048828125,138.42999267578125,138.72999572753906,139.25,3113700.0,139.25
2019-02-25,140.47000122070312,139.32000732421875,140.0,139.4600067138672,3194200.0,139.4600067138672
2019-02-26,140.49000549316406,139.47000122070312,139.6699981689453,139.72000122070312,3060400.0,139.72000122070312
2019-02-27,139.57000732421875,138.39999389648438,139.25,139.1699981689453,2530900.0,139.1699981689453
2019-02-28,139.05999755859375,137.72000122070312,138.77000427246094,138.1300048828125,3457800.0,138.1300048828125
2019-03-01,140.0399932861328,138.63999938964844,139.30999755859375,139.1999969482422,3030000.0,139.1999969482422
2019-03-04,140.0800018310547,137.1699981689453,139.99000549316406,138.42999267578125,3406900.0,138.42999267578125
2019-03-05,138.74000549316406,137.55999755859375,138.3699951171875,137.8800048828125,4250300.0,137.8800048828125
2019-03-06,138.38999938964844,136.72000122070312,138.1199951171875,136.97999572753906,2768300.0,136.97999572753906
2019-03-07,136.88999938964844,134.6300048828125,136.61000061035156,135.36000061035156,4358800.0,135.36000061035156
2019-03-08,135.24000549316406,133.5800018310547,134.2100067138672,135.08999633789062,3773600.0,135.08999633789062
2019-03-11,137.72999572753906,135.83999633789062,136.02999877929688,137.7100067138672,3939300.0,137.7100067138672
2019-03-12,139.6999969482422,137.86000061035156,138.52000427246094,138.27999877929688,3954700.0,138.27999877929688
2019-03-13,139.32000732421875,137.85000610351562,138.0500030517578,138.55999755859375,3173200.0,138.55999755859375
2019-03-14,138.94000244140625,138.05999755859375,138.50999450683594,138.7899932861328,2738600.0,138.7899932861328
2019-03-15,140.3300018310547,139.22999572753906,139.3699951171875,139.42999267578125,7153700.0,139.42999267578125
2019-03-18,140.3699951171875,138.72000122070312,139.8300018310547,140.2100067138672,3268500.0,140.2100067138672
2019-03-19,141.6999969482422,140.0,140.9600067138672,140.49000549316406,3482300.0,140.49000549316406
2019-03-20,140.6999969482422,138.97999572753906,140.52999877929688,139.60000610351562,3649500.0,139.60000610351562
2019-03-21,142.1199951171875,138.8800048828125,139.10000610351562,141.44000244140625,3605400.0,141.44000244140625
2019-03-22,141.44000244140625,138.89999389648438,140.97000122070312,139.4499969482422,3877200.0,139.4499969482422
2019-03-25,139.91000366210938,138.35000610351562,139.05999755859375,139.17999267578125,2839800.0,139.17999267578125
2019-03-26,141.02000427246094,139.4199981689453,139.92999267578125,140.22000122070312,2553700.0,140.22000122070312
2019-03-27,140.49000549316406,138.39999389648438,140.41000366210938,139.24000549316406,3098200.0,139.24000549316406
2019-03-28,140.44000244140625,139.10000610351562,139.91000366210938,139.9199981689453,2663900.0,139.9199981689453
2019-03-29,141.22000122070312,140.14999389648438,140.5,141.10000610351562,3101400.0,141.10000610351562
2019-04-01,143.41000366210938,141.50999450683594,141.50999450683594,143.3000030517578,3983100.0,143.3000030517578
