Date,High,Low,Open,Close,Volume,Adj Close
2018-04-02,52.040000915527344,47.290000915527344,51.689998626708984,48.91999816894531,67187800.0,47.74031066894531
2018-04-03,49.959999084472656,48.40999984741211,49.0,49.75,39432400.0,48.55030059814453
2018-04-04,50.15999984741211,48.0099983215332,48.099998474121094,49.9900016784668,30370000.0,48.78451156616211
2018-04-05,50.720001220703125,49.970001220703125,50.0099983215332,50.380001068115234,25115400.0,49.16510772705078
2018-04-06,50.400001525878906,48.5,49.790000915527344,48.790000915527344,28215200.0,47.61345291137695
2018-04-09,51.11000061035156,49.15999984741211,49.15999984741211,49.54999923706055,31437000.0,48.355125427246094
2018-04-10,51.4900016784668,50.34000015258789,51.119998931884766,51.27000045776367,25906400.0,50.03364944458008
2018-04-11,51.72999954223633,50.81999969482422,50.9900016784668,51.099998474121094,17568400.0,49.86774444580078
2018-04-12,53.27000045776367,51.45000076293945,51.4900016784668,52.720001220703125,29781400.0,51.44868087768555
2018-04-13,53.209999084472656,51.599998474121094,53.060001373291016,51.86000061035156,20884900.0,50.60942077636719
2018-04-16,52.529998779296875,51.790000915527344,52.290000915527344,52.400001525878906,18855500.0,51.13639450073242
2018-04-17,53.70000076293945,52.88999938964844,52.90999984741211,53.540000915527344,21228700.0,52.2489013671875
2018-04-18,54.36000061035156,53.34000015258789,53.52000045776367,53.61000061035156,22164700.0,52.31721878051758
2018-04-19,52.959999084472656,51.61000061035156,52.95000076293945,52.220001220703125,25422400.0,50.96073913574219
2018-04-20,52.279998779296875,50.880001068115234,52.16999816894531,51.529998779296875,26910100.0,50.28737258911133
2018-04-23,51.88999938964844,50.849998474121094,51.689998626708984,51.099998474121094,21706700.0,49.86774444580078
2018-04-24,53.63999938964844,51.13999938964844,51.869998931884766,51.45000076293945,42494700.0,50.20930862426758
2018-04-25,52.099998474121094,50.599998474121094,51.86000061035156,51.380001068115234,25752800.0,50.140995025634766
2018-04-26,53.27000045776367,52.06999969482422,52.2599983215332,53.04999923706055,39575000.0,51.77072525024414
2018-04-27,55.790000915527344,52.22999954223633,55.439998626708984,52.72999954223633,69888100.0,51.45843505859375
2018-04-30,53.369998931884766,51.209999084472656,52.560001373291016,51.619998931884766,36417400.0,50.37520217895508
2018-05-01,53.41999816894531,51.439998626708984,51.63999938964844,53.33000183105469,27600800.0,52.04397201538086
2018-05-02,53.20000076293945,52.150001525878906,53.09000015258789,52.310001373291016,25778300.0,51.04856872558594
2018-05-03,52.560001373291016,51.209999084472656,51.88999938964844,52.279998779296875,28561000.0,51.019287109375
2018-05-04,52.84000015258789,51.0,51.619998931884766,52.779998779296875,25642500.0,51.804500579833984
2018-05-07,53.58000183105469,52.83000183105469,52.86000061035156,53.33000183105469,20285700.0,52.34434127807617
2018-05-08,53.630001068115234,52.79999923706055,53.290000915527344,53.630001068115234,21026800.0,52.6387939453125
2018-05-09,54.369998931884766,53.189998626708984,53.7599983215332,54.34000015258789,19827500.0,53.335670471191406
2018-05-10,55.0,54.099998474121094,54.54999923706055,54.97999954223633,18715900.0,53.96384048461914
2018-05-11,55.189998626708984,54.43000030517578,54.619998931884766,54.66999816894531,15405000.0,53.659568786621094
2018-05-14,55.2400016784668,54.7400016784668,54.77000045776367,54.900001525878906,21878200.0,53.88532257080078
2018-05-15,54.75,53.560001373291016,54.58000183105469,53.91999816894531,21712600.0,52.923431396484375
2018-05-16,54.70000076293945,53.959999084472656,54.16999816894531,54.63999938964844,16260500.0,53.630123138427734
2018-05-17,55.439998626708984,54.41999816894531,54.54999923706055,54.810001373291016,16872600.0,53.79698181152344
2018-05-18,54.540000915527344,53.470001220703125,54.529998779296875,53.5,23679900.0,52.51119613647461
2018-05-21,55.220001220703125,53.86000061035156,54.36000061035156,54.31999969482422,25367400.0,53.3160400390625
2018-05-22,55.04999923706055,54.04999923706055,54.72999954223633,54.45000076293945,19009600.0,53.44363784790039
2018-05-23,55.22999954223633,53.84000015258789,54.0,55.209999084472656,20496500.0,54.18959045410156
2018-05-24,55.29999923706055,54.130001068115234,55.18000030517578,54.75,19667100.0,53.738094329833984
2018-05-25,55.5,54.540000915527344,54.79999923706055,55.439998626708984,18550000.0,54.41533660888672
2018-05-29,55.810001373291016,54.810001373291016,55.119998931884766,55.31999969482422,24253500.0,54.29755401611328
2018-05-30,56.20000076293945,55.619998931884766,55.88999938964844,55.68000030517578,24711500.0,54.65090560913086
2018-05-31,55.86000061035156,55.060001373291016,55.66999816894531,55.20000076293945,30962100.0,54.17977523803711
2018-06-01,57.099998474121094,55.79999923706055,55.84000015258789,57.08000183105469,31183200.0,56.02503204345703
2018-06-04,57.599998474121094,56.779998779296875,57.0099983215332,56.83000183105469,22538100.0,55.7796516418457
2018-06-05,57.119998931884766,56.220001220703125,56.900001525878906,56.529998779296875,21687000.0,55.485191345214844
2018-06-06,57.060001373291016,56.08000183105469,56.529998779296875,57.029998779296875,22955400.0,55.9759521484375
2018-06-07,57.0,55.619998931884766,56.91999816894531,55.880001068115234,27596100.0,54.84720993041992
2018-06-08,55.70000076293945,54.65999984741211,55.560001373291016,55.04999923706055,30822900.0,54.03254699707031
2018-06-11,55.09000015258789,54.2599983215332,54.79999923706055,54.52000045776367,25752400.0,53.51234436035156
2018-06-12,55.029998779296875,54.220001220703125,54.869998931884766,54.81999969482422,23294900.0,53.806800842285156
2018-06-13,55.70000076293945,54.90999984741211,54.97999954223633,55.029998779296875,22631400.0,54.012916564941406
2018-06-14,55.86000061035156,55.18000030517578,55.45000076293945,55.540000915527344,23419800.0,54.513492584228516
2018-06-15,55.380001068115234,54.58000183105469,55.16999816894531,55.11000061035156,39194700.0,54.09143829345703
2018-06-18,54.29999923706055,52.34000015258789,54.29999923706055,53.220001220703125,40764400.0,52.23637008666992
2018-06-19,52.95000076293945,51.880001068115234,52.13999938964844,52.93000030517578,31780900.0,51.95172882080078
2018-06-20,53.75,52.689998626708984,53.189998626708984,53.459999084472656,21403000.0,52.4719352722168
2018-06-21,54.529998779296875,51.939998626708984,54.380001068115234,52.189998626708984,44435600.0,51.225406646728516
2018-06-22,53.09000015258789,52.29999923706055,52.619998931884766,52.5,34682100.0,51.52967834472656
2018-06-25,51.75,49.90999984741211,51.16999816894531,50.709999084472656,45356500.0,49.772762298583984
2018-06-26,50.40999984741211,49.36000061035156,49.95000076293945,49.66999816894531,37543000.0,48.75197982788086
2018-06-27,50.060001373291016,48.75,49.34000015258789,48.7599983215332,33338800.0,47.85879898071289
2018-06-28,49.4900016784668,48.5,48.58000183105469,49.25,29055700.0,48.33974075317383
2018-06-29,50.11000061035156,49.5,49.529998779296875,49.709999084472656,28906500.0,48.79124450683594
2018-07-02,50.27000045776367,48.83000183105469,49.040000915527344,50.20000076293945,23755500.0,49.27219009399414
2018-07-03,50.86000061035156,49.43000030517578,50.58000183105469,49.470001220703125,16327900.0,48.55567932128906
2018-07-05,50.959999084472656,49.75,49.97999954223633,50.75,26163500.0,49.81201934814453
2018-07-06,51.5,50.400001525878906,50.77000045776367,51.369998931884766,19968000.0,50.420562744140625
2018-07-09,51.88999938964844,51.0,51.63999938964844,51.86000061035156,21361600.0,50.90150833129883
2018-07-10,52.2599983215332,51.84000015258789,52.099998474121094,52.15999984741211,17362900.0,51.195960998535156
2018-07-11,51.869998931884766,51.189998626708984,51.689998626708984,51.20000076293945,18665600.0,50.25370788574219
2018-07-12,52.47999954223633,51.72999954223633,52.04999923706055,52.349998474121094,20292700.0,51.382450103759766
2018-07-13,52.41999816894531,51.7599983215332,52.400001525878906,52.220001220703125,13749300.0,51.254852294921875
2018-07-16,52.31999969482422,51.869998931884766,52.150001525878906,52.0099983215332,15951500.0,51.048736572265625
2018-07-17,51.880001068115234,51.0099983215332,51.04999923706055,51.75,15754500.0,50.79353713989258
2018-07-18,51.970001220703125,51.470001220703125,51.869998931884766,51.720001220703125,14649000.0,50.76409149169922
2018-07-19,52.0099983215332,51.04999923706055,51.599998474121094,51.97999954223633,15954600.0,51.019287109375
2018-07-20,52.06999969482422,51.33000183105469,51.83000183105469,51.90999984741211,17380500.0,50.950584411621094
2018-07-23,52.5,51.33000183105469,51.77000045776367,52.310001373291016,15945500.0,51.34318923950195
2018-07-24,53.29999923706055,52.08000183105469,52.7599983215332,52.18000030517578,17788700.0,51.21559524536133
2018-07-25,52.45000076293945,51.09000015258789,52.209999084472656,52.43000030517578,19854800.0,51.460968017578125
2018-07-26,53.18000030517578,51.869998931884766,52.45000076293945,52.15999984741211,28282500.0,51.195960998535156
2018-07-27,49.20000076293945,47.47999954223633,48.7599983215332,47.68000030517578,67816700.0,46.79875946044922
2018-07-30,47.9900016784668,46.43000030517578,47.630001068115234,47.689998626708984,35696600.0,46.80857467651367
2018-07-31,48.68000030517578,47.689998626708984,48.2400016784668,48.099998474121094,36581200.0,47.21099853515625
2018-08-01,48.90999984741211,48.0,48.060001373291016,48.810001373291016,28060700.0,47.90787887573242
2018-08-02,49.52000045776367,48.20000076293945,48.5,49.47999954223633,26452500.0,48.56549072265625
2018-08-03,49.779998779296875,49.16999816894531,49.5,49.630001068115234,22008200.0,48.71272277832031
2018-08-06,49.310001373291016,48.31999969482422,48.77000045776367,49.29999923706055,26669000.0,48.68309783935547
2018-08-07,49.83000183105469,49.40999984741211,49.43000030517578,49.70000076293945,28322700.0,49.078094482421875
2018-08-08,50.130001068115234,49.439998626708984,49.599998474121094,49.959999084472656,21990600.0,49.334835052490234
2018-08-09,50.599998474121094,49.720001220703125,49.86000061035156,50.13999938964844,23788200.0,49.5125846862793
2018-08-10,49.16999816894531,48.29999923706055,48.5099983215332,48.849998474121094,28712400.0,48.23872756958008
2018-08-13,49.2400016784668,48.380001068115234,48.91999816894531,48.45000076293945,17002700.0,47.84373474121094
2018-08-14,48.7599983215332,47.650001525878906,48.66999816894531,48.119998931884766,23061600.0,47.51786422729492
2018-08-15,48.0,46.900001525878906,47.779998779296875,47.459999084472656,26739900.0,46.866119384765625
2018-08-16,47.95000076293945,47.04999923706055,47.75,47.16999816894531,24358000.0,46.57974624633789
2018-08-17,47.38999938964844,46.33000183105469,47.0,47.099998474121094,26382000.0,46.510623931884766
2018-08-20,47.119998931884766,46.189998626708984,47.04999923706055,46.5,24334000.0,45.91813659667969
2018-08-21,47.849998474121094,46.63999938964844,46.65999984741211,47.619998931884766,19254300.0,47.02412033081055
2018-08-22,47.349998474121094,46.91999816894531,47.25,47.04999923706055,23182500.0,46.46125030517578
2018-08-23,47.16999816894531,46.709999084472656,46.86000061035156,46.97999954223633,31343200.0,46.392127990722656
2018-08-24,47.88999938964844,47.08000183105469,47.290000915527344,47.65999984741211,18214700.0,47.06361770629883
2018-08-27,48.38999938964844,47.630001068115234,48.0,48.349998474121094,17170300.0,47.7449836730957
2018-08-28,48.790000915527344,48.310001373291016,48.54999923706055,48.56999969482422,13472400.0,47.96223068237305
2018-08-29,48.86000061035156,48.400001525878906,48.70000076293945,48.75,13479100.0,48.13998031616211
2018-08-30,48.83000183105469,48.09000015258789,48.52000045776367,48.2400016784668,16418800.0,47.6363639831543
2018-08-31,48.560001373291016,47.91999816894531,47.959999084472656,48.43000030517578,16484000.0,47.8239860534668
2018-09-04,48.43000030517578,47.560001373291016,48.380001068115234,47.959999084472656,15682900.0,47.35986328125
2018-09-05,48.119998931884766,47.470001220703125,47.75,47.720001220703125,20857200.0,47.12287139892578
2018-09-06,47.959999084472656,47.209999084472656,47.7599983215332,47.2599983215332,19318100.0,46.66862487792969
2018-09-07,47.47999954223633,46.36000061035156,46.90999984741211,46.45000076293945,25958300.0,45.8687629699707
2018-09-10,46.7599983215332,46.22999954223633,46.560001373291016,46.29999923706055,21522400.0,45.720638275146484
2018-09-11,46.029998779296875,44.88999938964844,46.0,44.93000030517578,32455300.0,44.36778259277344
2018-09-12,44.97999954223633,44.060001373291016,44.560001373291016,44.93000030517578,29778700.0,44.36778259277344
2018-09-13,45.849998474121094,45.11000061035156,45.68000030517578,45.56999969482422,18657100.0,44.99977493286133
2018-09-14,45.970001220703125,45.349998474121094,45.779998779296875,45.540000915527344,22998700.0,44.970149993896484
2018-09-17,45.900001525878906,45.189998626708984,45.290000915527344,45.41999816894531,17603200.0,44.851646423339844
2018-09-18,46.529998779296875,45.40999984741211,45.58000183105469,46.099998474121094,20528100.0,45.52313995361328
2018-09-19,46.439998626708984,45.88999938964844,46.09000015258789,46.150001525878906,15918900.0,45.57251739501953
2018-09-20,47.36000061035156,46.52000045776367,46.779998779296875,47.20000076293945,21999300.0,46.609375
2018-09-21,47.41999816894531,46.369998931884766,47.119998931884766,46.65999984741211,52650600.0,46.076133728027344
2018-09-24,47.0,46.150001525878906,46.310001373291016,46.90999984741211,17847000.0,46.32300567626953
2018-09-25,46.38999938964844,45.79999923706055,46.220001220703125,45.90999984741211,23389900.0,45.33551788330078
2018-09-26,46.29999923706055,45.58000183105469,46.040000915527344,45.70000076293945,23957700.0,45.128143310546875
2018-09-27,46.16999816894531,45.72999954223633,45.90999984741211,45.880001068115234,15415500.0,45.30589294433594
2018-09-28,47.75,45.459999084472656,45.619998931884766,47.290000915527344,46223500.0,46.69824981689453
2018-10-01,47.220001220703125,46.20000076293945,46.790000915527344,46.45000076293945,23796200.0,45.8687629699707
2018-10-02,48.880001068115234,47.31999969482422,47.5099983215332,48.099998474121094,42121100.0,47.498111724853516
2018-10-03,49.720001220703125,48.560001373291016,48.619998931884766,48.7599983215332,39211900.0,48.14985275268555
2018-10-04,48.86000061035156,47.619998931884766,48.84000015258789,48.130001068115234,30108300.0,47.527740478515625
2018-10-05,48.34000015258789,46.65999984741211,48.22999954223633,47.029998779296875,28901400.0,46.44150161743164
2018-10-08,47.349998474121094,46.52000045776367,46.959999084472656,47.029998779296875,19376800.0,46.44150161743164
2018-10-09,47.619998931884766,46.540000915527344,47.18000030517578,46.54999923706055,23285700.0,45.96751022338867
2018-10-10,46.119998931884766,44.79999923706055,46.060001373291016,44.79999923706055,43109500.0,44.23940658569336
2018-10-11,45.61000061035156,43.72999954223633,45.150001525878906,44.22999954223633,43648800.0,43.676536560058594
2018-10-12,45.34000015258789,44.22999954223633,45.27000045776367,44.880001068115234,32087400.0,44.31840896606445
2018-10-15,45.13999938964844,44.439998626708984,44.630001068115234,44.529998779296875,21633000.0,43.97278594970703
2018-10-16,46.0099983215332,44.83000183105469,44.900001525878906,45.939998626708984,21472000.0,45.365142822265625
2018-10-17,46.33000183105469,45.540000915527344,46.0,45.88999938964844,23124400.0,45.31576919555664
2018-10-18,45.75,44.83000183105469,45.650001525878906,44.970001220703125,26638800.0,44.40727996826172
2018-10-19,45.18000030517578,43.86000061035156,45.02000045776367,44.0,28368500.0,43.44941711425781
2018-10-22,45.34000015258789,44.099998474121094,44.5,45.0099983215332,34508800.0,44.446781158447266
2018-10-23,45.09000015258789,43.90999984741211,44.18000030517578,44.5,38590300.0,43.94316101074219
2018-10-24,44.36000061035156,42.36000061035156,44.15999984741211,42.41999816894531,33631800.0,41.88918685913086
2018-10-25,44.939998626708984,43.279998779296875,43.540000915527344,44.310001373291016,48255300.0,43.75553894042969
2018-10-26,46.439998626708984,44.70000076293945,45.59000015258789,45.689998626708984,67280400.0,45.11827087402344
2018-10-29,46.75,44.439998626708984,46.5,45.400001525878906,35732200.0,44.83190155029297
2018-10-30,47.880001068115234,45.459999084472656,45.529998779296875,47.7599983215332,43975200.0,47.1623649597168
2018-10-31,48.560001373291016,46.83000183105469,48.290000915527344,46.880001068115234,33369100.0,46.29338073730469
2018-11-01,48.470001220703125,46.86000061035156,46.95000076293945,48.220001220703125,28335300.0,47.61661148071289
2018-11-02,48.25,46.75,48.130001068115234,47.11000061035156,30759800.0,46.520503997802734
2018-11-05,48.25,46.91999816894531,47.34000015258789,47.970001220703125,23751200.0,47.36974334716797
2018-11-06,47.91999816894531,47.029998779296875,47.79999923706055,47.25,23839600.0,46.95238494873047
2018-11-07,48.75,47.59000015258789,47.630001068115234,48.720001220703125,29913200.0,48.41312789916992
2018-11-08,49.290000915527344,48.459999084472656,48.4900016784668,48.9900016784668,26581700.0,48.681427001953125
2018-11-09,49.029998779296875,47.869998931884766,48.790000915527344,48.11000061035156,21761400.0,47.806968688964844
2018-11-12,47.79999923706055,46.599998474121094,47.709999084472656,46.650001525878906,24412800.0,46.35616683959961
2018-11-13,48.25,46.9900016784668,46.9900016784668,47.38999938964844,29315900.0,47.09150314331055
2018-11-14,47.970001220703125,46.88999938964844,47.849998474121094,47.09000015258789,25632700.0,46.793392181396484
2018-11-15,48.2400016784668,46.720001220703125,47.0099983215332,48.11000061035156,29581000.0,47.806968688964844
2018-11-16,49.04999923706055,47.689998626708984,47.77000045776367,48.83000183105469,31670600.0,48.52243423461914
2018-11-19,49.150001525878906,47.779998779296875,48.61000061035156,48.0,26859000.0,47.697662353515625
2018-11-20,48.119998931884766,47.09000015258789,47.400001525878906,47.38999938964844,29200800.0,47.09150314331055
2018-11-21,47.880001068115234,47.02000045776367,47.849998474121094,47.029998779296875,19011400.0,46.733768463134766
2018-11-23,47.06999969482422,46.52000045776367,46.689998626708984,46.540000915527344,8906900.0,46.246856689453125
2018-11-26,47.459999084472656,46.70000076293945,47.27000045776367,47.45000076293945,20723000.0,47.151126861572266
2018-11-27,48.220001220703125,46.59000015258789,46.939998626708984,48.06999969482422,27621000.0,47.76721954345703
2018-11-28,48.880001068115234,47.650001525878906,47.939998626708984,48.86000061035156,28003200.0,48.55224609375
2018-11-29,48.560001373291016,47.630001068115234,48.4900016784668,47.70000076293945,23592500.0,47.39955139160156
2018-11-30,49.31999969482422,47.560001373291016,47.95000076293945,49.310001373291016,43313700.0,48.999412536621094
2018-12-03,50.5,49.529998779296875,50.0,50.130001068115234,30870400.0,49.814247131347656
2018-12-04,49.599998474121094,47.68000030517578,49.52000045776367,47.75,35397700.0,47.44923782348633
2018-12-06,48.38999938964844,46.52000045776367,46.79999923706055,48.369998931884766,31661700.0,48.065330505371094
2018-12-07,48.060001373291016,46.22999954223633,47.939998626708984,46.2400016784668,34016400.0,45.94874954223633
2018-12-10,47.459999084472656,46.0099983215332,46.279998779296875,47.209999084472656,23289000.0,46.912635803222656
2018-12-11,48.59000015258789,47.130001068115234,47.900001525878906,47.380001068115234,23851000.0,47.081565856933594
2018-12-12,48.63999938964844,47.40999984741211,48.58000183105469,47.83000183105469,31305000.0,47.52873229980469
2018-12-13,48.58000183105469,47.86000061035156,48.2599983215332,48.290000915527344,19526000.0,47.985836029052734
2018-12-14,48.7599983215332,47.849998474121094,47.88999938964844,47.86000061035156,26372100.0,47.55854415893555
2018-12-17,48.40999984741211,46.65999984741211,47.86000061035156,47.08000183105469,26598700.0,46.7834587097168
2018-12-18,48.45000076293945,47.36000061035156,47.470001220703125,47.7400016784668,29014300.0,47.439300537109375
2018-12-19,47.72999954223633,45.380001068115234,47.4900016784668,45.56999969482422,39717600.0,45.28296661376953
2018-12-20,46.310001373291016,45.0099983215332,45.40999984741211,45.540000915527344,37750900.0,45.25315856933594
2018-12-21,46.650001525878906,44.79999923706055,45.75,44.84000015258789,52768300.0,44.55756378173828
2018-12-24,45.16999816894531,43.540000915527344,44.630001068115234,43.59000015258789,19241600.0,43.31543731689453
2018-12-26,46.20000076293945,43.5099983215332,44.0,46.189998626708984,28677600.0,45.8990592956543
2018-12-27,46.380001068115234,44.66999816894531,45.619998931884766,46.36000061035156,29970700.0,46.0679931640625
2018-12-28,47.7400016784668,46.29999923706055,46.5099983215332,46.75,24758700.0,46.455535888671875
2018-12-31,47.47999954223633,46.54999923706055,47.09000015258789,46.93000030517578,20490400.0,46.634403228759766
2019-01-02,47.470001220703125,45.77000045776367,45.959999084472656,47.08000183105469,18774600.0,46.7834587097168
2019-01-03,46.279998779296875,44.38999938964844,46.150001525878906,44.4900016784668,32267300.0,44.20977020263672
2019-01-04,47.56999969482422,45.540000915527344,45.84000015258789,47.220001220703125,35447300.0,46.922576904296875
2019-01-07,48.0,46.75,47.099998474121094,47.439998626708984,22736800.0,47.14118576049805
2019-01-08,48.029998779296875,46.779998779296875,47.79999923706055,47.7400016784668,22749200.0,47.439300537109375
2019-01-09,48.56999969482422,47.779998779296875,47.959999084472656,48.0099983215332,22554500.0,47.70759582519531
2019-01-10,48.650001525878906,47.40999984741211,47.75,48.560001373291016,27202600.0,48.25413513183594
2019-01-11,49.290000915527344,48.04999923706055,48.099998474121094,48.93000030517578,21751300.0,48.621803283691406
2019-01-14,48.83000183105469,48.29999923706055,48.459999084472656,48.349998474121094,19193900.0,48.04545593261719
2019-01-15,49.130001068115234,48.439998626708984,48.709999084472656,48.599998474121094,22480800.0,48.293880462646484
2019-01-16,48.88999938964844,48.08000183105469,48.599998474121094,48.130001068115234,19057700.0,47.82684326171875
2019-01-17,48.84000015258789,47.90999984741211,48.0,48.470001220703125,17448700.0,48.164703369140625
2019-01-18,49.380001068115234,48.689998626708984,49.11000061035156,49.189998626708984,29874600.0,48.880165100097656
2019-01-22,48.97999954223633,47.869998931884766,48.959999084472656,48.27000045776367,25940700.0,47.96596145629883
2019-01-23,48.79999923706055,47.52000045776367,48.40999984741211,47.939998626708984,18960700.0,47.638038635253906
2019-01-24,50.040000915527344,48.599998474121094,48.70000076293945,49.7599983215332,50578300.0,49.44657516479492
2019-01-25,47.43000030517578,45.75,46.849998474121094,47.040000915527344,86455700.0,46.743709564208984
2019-01-28,46.72999954223633,46.04999923706055,46.130001068115234,46.709999084472656,35928700.0,46.41578674316406
2019-01-29,46.970001220703125,46.33000183105469,46.779998779296875,46.540000915527344,20988300.0,46.246856689453125
2019-01-30,47.68000030517578,46.45000076293945,46.68000030517578,47.540000915527344,26931700.0,47.24055862426758
2019-01-31,47.18000030517578,46.099998474121094,46.70000076293945,47.119998931884766,43051300.0,46.823204040527344
2019-02-01,49.04999923706055,47.0099983215332,47.060001373291016,48.72999954223633,37442900.0,48.42306137084961
2019-02-04,49.2400016784668,48.2400016784668,48.619998931884766,49.220001220703125,20905000.0,48.909976959228516
2019-02-05,50.720001220703125,49.18000030517578,49.18000030517578,50.0099983215332,31641600.0,49.69499969482422
2019-02-06,50.63999938964844,49.81999969482422,49.95000076293945,49.900001525878906,21647800.0,49.900001525878906
2019-02-07,49.849998474121094,48.68000030517578,49.5,49.22999954223633,27825900.0,49.22999954223633
2019-02-08,49.02000045776367,48.0099983215332,48.77000045776367,48.84000015258789,18851200.0,48.84000015258789
2019-02-11,49.31999969482422,48.58000183105469,49.02000045776367,48.77000045776367,18004100.0,48.77000045776367
2019-02-12,50.13999938964844,49.27000045776367,49.36000061035156,50.0099983215332,18050100.0,50.0099983215332
2019-02-13,50.810001373291016,50.0,50.130001068115234,50.470001220703125,17712800.0,50.470001220703125
2019-02-14,51.040000915527344,50.349998474121094,50.40999984741211,50.810001373291016,17545400.0,50.810001373291016
2019-02-15,51.66999816894531,51.09000015258789,51.25,51.65999984741211,22520400.0,51.65999984741211
2019-02-19,51.709999084472656,51.34000015258789,51.349998474121094,51.400001525878906,15611800.0,51.400001525878906
2019-02-20,51.72999954223633,51.060001373291016,51.630001068115234,51.38999938964844,21607700.0,51.38999938964844
2019-02-21,51.84000015258789,51.209999084472656,51.31999969482422,51.40999984741211,16162100.0,51.40999984741211
2019-02-22,52.97999954223633,52.060001373291016,52.70000076293945,52.4900016784668,31934100.0,52.4900016784668
2019-02-25,53.61000061035156,52.86000061035156,53.060001373291016,53.099998474121094,20711800.0,53.099998474121094
2019-02-26,53.369998931884766,52.90999984741211,53.0099983215332,53.22999954223633,16082200.0,53.22999954223633
2019-02-27,53.380001068115234,52.5099983215332,52.7599983215332,53.2400016784668,17590300.0,53.2400016784668
2019-02-28,53.18000030517578,52.810001373291016,52.91999816894531,52.959999084472656,18388800.0,52.959999084472656
2019-03-01,53.68000030517578,52.88999938964844,53.439998626708984,53.29999923706055,18359300.0,53.29999923706055
2019-03-04,54.099998474121094,53.209999084472656,53.75,53.939998626708984,21706100.0,53.939998626708984
2019-03-05,53.9900016784668,53.11000061035156,53.849998474121094,53.68000030517578,21057700.0,53.68000030517578
2019-03-06,53.650001525878906,52.939998626708984,53.630001068115234,52.95000076293945,14740500.0,52.95000076293945
2019-03-07,52.9900016784668,52.36000061035156,52.77000045776367,52.599998474121094,17803000.0,52.599998474121094
2019-03-08,52.560001373291016,51.70000076293945,51.970001220703125,52.47999954223633,16793900.0,52.47999954223633
2019-03-11,53.650001525878906,52.56999969482422,52.880001068115234,53.349998474121094,18963000.0,53.349998474121094
2019-03-12,53.959999084472656,53.18000030517578,53.34000015258789,53.56999969482422,20782100.0,53.56999969482422
2019-03-13,54.56999969482422,53.650001525878906,54.0,54.369998931884766,25522300.0,54.369998931884766
2019-03-14,54.45000076293945,53.33000183105469,54.29999923706055,53.439998626708984,26647100.0,53.439998626708984
2019-03-15,54.689998626708984,53.68000030517578,53.68000030517578,54.33000183105469,46512500.0,54.33000183105469
2019-03-18,54.5099983215332,53.869998931884766,54.41999816894531,54.099998474121094,16274000.0,54.099998474121094
2019-03-19,54.650001525878906,54.0,54.470001220703125,54.16999816894531,18274800.0,54.16999816894531
2019-03-20,54.400001525878906,53.61000061035156,54.060001373291016,53.81999969482422,24325300.0,53.81999969482422
2019-03-21,54.9900016784668,53.84000015258789,53.91999816894531,54.63999938964844,19127200.0,54.63999938964844
2019-03-22,54.619998931884766,53.209999084472656,54.400001525878906,53.2599983215332,21438400.0,53.2599983215332
2019-03-25,53.54999923706055,52.380001068115234,52.970001220703125,52.779998779296875,16971400.0,52.779998779296875
2019-03-26,53.77000045776367,53.040000915527344,53.31999969482422,53.439998626708984,17724300.0,53.439998626708984
2019-03-27,53.86000061035156,52.939998626708984,53.59000015258789,53.15999984741211,19656000.0,53.15999984741211
2019-03-28,53.439998626708984,52.77000045776367,53.25,53.11000061035156,13607900.0,53.11000061035156
2019-03-29,54.040000915527344,53.47999954223633,53.79999923706055,53.70000076293945,18736100.0,53.70000076293945
2019-04-01,54.56999969482422,54.099998474121094,54.34000015258789,54.5099983215332,17795900.0,54.5099983215332
