Date,High,Low,Open,Close,Volume,Adj Close
2018-04-02,110.7300033569336,106.08000183105469,109.95999908447266,107.8499984741211,18822500.0,105.12993621826172
2018-04-03,109.5,107.26000213623047,108.36000061035156,109.33000183105469,14050700.0,106.57260131835938
2018-04-04,111.20999908447266,107.0199966430664,107.0999984741211,110.98999786376953,15302600.0,108.19073486328125
2018-04-05,112.83000183105469,111.38999938964844,111.62999725341797,111.87999725341797,16627000.0,109.61132049560547
2018-04-06,111.55000305175781,107.81999969482422,110.55000305175781,109.08999633789062,18906000.0,106.87789916992188
2018-04-09,112.9800033569336,109.88999938964844,110.01000213623047,110.4000015258789,15974300.0,108.16133880615234
2018-04-10,112.87000274658203,111.41999816894531,112.12999725341797,112.51000213623047,13951400.0,110.22856140136719
2018-04-11,111.80999755859375,110.5199966430664,111.66000366210938,110.62000274658203,14503300.0,108.37688446044922
2018-04-12,114.38999938964844,111.5,111.55999755859375,113.37000274658203,16435500.0,111.07111358642578
2018-04-13,115.1500015258789,109.05000305175781,115.0199966430664,110.30000305175781,39152800.0,108.0633773803711
2018-04-16,111.47000122070312,109.79000091552734,110.94000244140625,110.20999908447266,16580500.0,107.9751968383789
2018-04-17,111.91999816894531,109.98999786376953,111.37000274658203,110.20999908447266,15501400.0,107.9751968383789
2018-04-18,111.06999969482422,108.88999938964844,110.52999877929688,109.31999969482422,16081400.0,107.10323333740234
2018-04-19,111.87000274658203,109.5,109.52999877929688,111.72000122070312,17911000.0,109.45457458496094
2018-04-20,112.73999786376953,110.87999725341797,112.30000305175781,111.47000122070312,15584400.0,109.20964050292969
2018-04-23,111.94999694824219,110.62999725341797,111.56999969482422,110.93000030517578,11285800.0,108.68060302734375
2018-04-24,112.9000015258789,109.58999633789062,111.75,110.41000366210938,16453100.0,108.171142578125
2018-04-25,110.52999877929688,108.5999984741211,110.2699966430664,109.98999786376953,13548200.0,107.75965881347656
2018-04-26,110.81999969482422,109.33999633789062,109.97000122070312,110.0999984741211,10299500.0,107.86742401123047
2018-04-27,110.16000366210938,109.12999725341797,109.55000305175781,109.4000015258789,9384000.0,107.1816177368164
2018-04-30,110.30000305175781,108.75,109.75,108.77999877929688,13744900.0,106.5741958618164
2018-05-01,108.97000122070312,107.54000091552734,108.44999694824219,108.77999877929688,10503400.0,106.5741958618164
2018-05-02,109.48999786376953,107.7300033569336,108.11000061035156,107.91999816894531,12162100.0,105.73162841796875
2018-05-03,107.7699966430664,105.18000030517578,107.58999633789062,107.23999786376953,15379100.0,105.06542205810547
2018-05-04,108.73999786376953,105.9800033569336,106.43000030517578,108.43000030517578,11967900.0,106.23129272460938
2018-05-07,109.68000030517578,108.36000061035156,108.76000213623047,109.37000274658203,9356700.0,107.15222930908203
2018-05-08,111.33999633789062,109.27999877929688,109.52999877929688,110.98999786376953,12543200.0,108.7393798828125
2018-05-09,113.63999938964844,111.02999877929688,111.44000244140625,113.41000366210938,11368100.0,111.11030578613281
2018-05-10,114.44000244140625,112.75,113.19000244140625,114.29000091552734,9159700.0,111.97246551513672
2018-05-11,114.7300033569336,113.66999816894531,114.48999786376953,113.86000061035156,10253000.0,111.55118560791016
2018-05-14,114.69999694824219,113.73999786376953,114.11000061035156,113.9000015258789,8710700.0,111.59037780761719
2018-05-15,113.91000366210938,112.56999969482422,113.91000366210938,113.02999877929688,11536200.0,110.73800659179688
2018-05-16,113.69000244140625,112.62999725341797,112.88999938964844,113.33999633789062,7571100.0,111.04171752929688
2018-05-17,113.41000366210938,112.19999694824219,113.19999694824219,112.95999908447266,8617200.0,110.66942596435547
2018-05-18,112.80000305175781,110.83999633789062,112.75,111.12999725341797,11806300.0,108.87653350830078
2018-05-21,112.54000091552734,111.91999816894531,112.05000305175781,112.1500015258789,9441900.0,109.87586212158203
2018-05-22,114.29000091552734,112.29000091552734,112.3499984741211,113.01000213623047,11507600.0,110.71841430664062
2018-05-23,112.7699966430664,111.12000274658203,112.51000213623047,112.48999786376953,11119300.0,110.2089614868164
2018-05-24,112.1500015258789,110.12000274658203,112.13999938964844,111.2300033569336,14084800.0,108.97451782226562
2018-05-25,111.08000183105469,110.19999694824219,110.45999908447266,110.66000366210938,8283500.0,108.41607666015625
2018-05-29,109.19999694824219,104.95999908447266,109.18000030517578,105.93000030517578,30643800.0,103.78199005126953
2018-05-30,108.5999984741211,106.6500015258789,107.63999938964844,108.3499984741211,17490800.0,106.15291595458984
2018-05-31,108.19000244140625,106.41999816894531,107.94999694824219,107.01000213623047,19808200.0,104.840087890625
2018-06-01,108.94000244140625,107.80000305175781,108.33999633789062,108.4000015258789,13594200.0,106.201904296875
2018-06-04,109.26000213623047,108.2699966430664,108.98999786376953,108.44999694824219,9415400.0,106.25088500976562
2018-06-05,108.30999755859375,107.06999969482422,108.23999786376953,107.83999633789062,10415200.0,105.65324401855469
2018-06-06,110.73999786376953,108.4800033569336,108.66000366210938,110.36000061035156,15453600.0,108.12215423583984
2018-06-07,111.5,110.02999877929688,111.18000030517578,110.80000305175781,13444400.0,108.55323791503906
2018-06-08,111.13999938964844,110.05999755859375,110.62000274658203,111.11000061035156,10383200.0,108.85694122314453
2018-06-11,111.91000366210938,110.7699966430664,111.12000274658203,110.83000183105469,12642900.0,108.58262634277344
2018-06-12,111.52999877929688,109.5199966430664,111.13999938964844,110.19000244140625,15294100.0,107.95560455322266
2018-06-13,111.44999694824219,109.58000183105469,110.45999908447266,109.97000122070312,14979700.0,107.74006652832031
2018-06-14,110.36000061035156,107.77999877929688,110.27999877929688,108.02999877929688,20487300.0,105.83940124511719
2018-06-15,108.37999725341797,106.2699966430664,107.80000305175781,107.9000015258789,26028600.0,105.7120361328125
2018-06-18,108.4000015258789,106.69000244140625,107.26000213623047,108.18000030517578,9786800.0,105.98635864257812
2018-06-19,107.87999725341797,106.5999984741211,106.9000015258789,107.55000305175781,12707200.0,105.36913299560547
2018-06-20,108.63999938964844,107.44000244140625,108.18000030517578,107.54000091552734,8876900.0,105.35933685302734
2018-06-21,108.20999908447266,106.52999877929688,107.0999984741211,107.51000213623047,11048700.0,105.32994842529297
2018-06-22,108.37000274658203,105.51000213623047,108.16000366210938,105.75,19478900.0,103.60563659667969
2018-06-25,105.69999694824219,103.95999908447266,105.66000366210938,104.79000091552734,16907600.0,102.66510009765625
2018-06-26,105.20999908447266,103.11000061035156,104.70999908447266,104.86000061035156,17086800.0,102.73368072509766
2018-06-27,105.91999816894531,103.2300033569336,104.68000030517578,103.23999786376953,16276800.0,101.14653015136719
2018-06-28,105.45999908447266,103.51000213623047,103.68000030517578,104.93000030517578,14491300.0,102.80226135253906
2018-06-29,106.9000015258789,104.1500015258789,106.68000030517578,104.19999694824219,18972400.0,102.0870590209961
2018-07-02,105.08999633789062,103.37999725341797,103.72000122070312,105.08000183105469,11130000.0,102.94921875
2018-07-03,105.77999877929688,103.5199966430664,105.41000366210938,103.61000061035156,8311700.0,101.50902557373047
2018-07-05,104.37999725341797,103.52999877929688,104.12999725341797,103.72000122070312,10723400.0,102.16900634765625
2018-07-06,104.5,102.19999694824219,103.12000274658203,104.05999755859375,12173700.0,102.50392150878906
2018-07-09,107.45999908447266,104.70999908447266,104.70999908447266,107.27999877929688,13900800.0,105.67577362060547
2018-07-10,108.4000015258789,106.52999877929688,108.0199966430664,106.62000274658203,14575900.0,105.02564239501953
2018-07-11,107.05999755859375,106.20999908447266,106.30999755859375,106.38999938964844,10186500.0,104.79907989501953
2018-07-12,107.55999755859375,105.97000122070312,107.41999816894531,106.8499984741211,12456800.0,105.252197265625
2018-07-13,107.80000305175781,105.13999938964844,107.30000305175781,106.36000061035156,21289100.0,104.76953125
2018-07-16,110.7699966430664,106.9800033569336,107.05000305175781,110.58000183105469,24662600.0,108.92642974853516
2018-07-17,110.93000030517578,109.75,110.69000244140625,110.5,14821900.0,108.84762573242188
2018-07-18,112.12000274658203,110.19999694824219,110.41999816894531,111.52999877929688,14244900.0,109.86222076416016
2018-07-19,111.08999633789062,109.7300033569336,111.05999755859375,109.88999938964844,16775300.0,108.24674987792969
2018-07-20,111.73999786376953,109.77999877929688,110.0,111.27999877929688,13578100.0,109.61595916748047
2018-07-23,114.23999786376953,110.93000030517578,111.05999755859375,113.3499984741211,18140000.0,111.6550064086914
2018-07-24,114.77999877929688,113.41999816894531,113.55000305175781,114.1500015258789,14000400.0,112.44304656982422
2018-07-25,115.5199966430664,113.37999725341797,113.87999725341797,115.18000030517578,13329100.0,113.4576416015625
2018-07-26,115.58999633789062,114.58000183105469,115.41999816894531,114.8499984741211,11897800.0,113.13257598876953
2018-07-27,116.30000305175781,114.80999755859375,115.18000030517578,116.02999877929688,12802700.0,114.29492950439453
2018-07-30,117.61000061035156,116.05999755859375,116.27999877929688,116.7300033569336,13411600.0,114.9844741821289
2018-07-31,117.08000183105469,114.81999969482422,117.08000183105469,114.94999694824219,15843800.0,113.2310791015625
2018-08-01,116.69000244140625,115.27999877929688,115.75,115.66000366210938,13531600.0,113.93046569824219
2018-08-02,116.25,114.33000183105469,114.56999969482422,116.1500015258789,11058100.0,114.41313934326172
2018-08-03,117.12999725341797,115.94000244140625,116.0,117.08999633789062,11016100.0,115.33907318115234
2018-08-06,117.52999877929688,116.18000030517578,116.79000091552734,117.12000274658203,9857400.0,115.36863708496094
2018-08-07,118.29000091552734,117.33000183105469,117.73999786376953,117.55000305175781,10562100.0,115.79220581054688
2018-08-08,118.2699966430664,117.27999877929688,117.33000183105469,117.79000091552734,8997100.0,116.02861022949219
2018-08-09,117.72000122070312,116.69999694824219,117.51000213623047,116.87999725341797,9694200.0,115.13221740722656
2018-08-10,115.94999694824219,114.68000030517578,115.5,115.7300033569336,12630600.0,113.99942016601562
2018-08-13,115.87999725341797,113.81999969482422,115.55999755859375,113.88999938964844,10336300.0,112.18692779541016
2018-08-14,115.04000091552734,113.6500015258789,114.2699966430664,114.6500015258789,10597600.0,112.9355697631836
2018-08-15,114.33000183105469,112.97000122070312,113.81999969482422,113.69999694824219,10152100.0,111.99977111816406
2018-08-16,115.30999755859375,114.30000305175781,114.3499984741211,114.7699966430664,10118600.0,113.05377197265625
2018-08-17,115.06999969482422,114.30000305175781,114.63999938964844,114.7699966430664,8505100.0,113.05377197265625
2018-08-20,115.05000305175781,114.11000061035156,114.58999633789062,114.62000274658203,8618700.0,112.90601348876953
2018-08-21,116.38999938964844,114.87999725341797,115.37000274658203,115.31999969482422,10976700.0,113.59554290771484
2018-08-22,115.41000366210938,114.77999877929688,115.30999755859375,114.97000122070312,8314700.0,113.25078582763672
2018-08-23,115.1500015258789,114.43000030517578,114.95999908447266,114.7300033569336,9265400.0,113.01437377929688
2018-08-24,115.22000122070312,114.44999694824219,114.9800033569336,114.68000030517578,8845700.0,112.96511840820312
2018-08-27,117.27999877929688,115.16999816894531,115.22000122070312,116.70999908447266,13768000.0,114.96476745605469
2018-08-28,117.02999877929688,115.97000122070312,117.0,116.13999938964844,8302600.0,114.40328216552734
2018-08-29,116.37000274658203,115.36000061035156,116.3499984741211,115.76000213623047,7221700.0,114.02897644042969
2018-08-30,116.04000091552734,114.9800033569336,115.58999633789062,115.19000244140625,8991800.0,113.46749877929688
2018-08-31,114.83999633789062,113.81999969482422,114.83000183105469,114.58000183105469,13065700.0,112.86661529541016
2018-09-04,115.23999786376953,113.62999725341797,114.33999633789062,115.1500015258789,10174200.0,113.42809295654297
2018-09-05,115.69999694824219,114.25,115.0,114.58999633789062,11462400.0,112.87645721435547
2018-09-06,114.69999694824219,113.5,114.5,114.0999984741211,9877600.0,112.39378356933594
2018-09-07,114.7699966430664,113.62999725341797,114.5,114.31999969482422,10955600.0,112.61050415039062
2018-09-10,114.97000122070312,113.66000366210938,114.8499984741211,113.70999908447266,8276900.0,112.0096206665039
2018-09-11,114.58000183105469,113.18000030517578,113.54000091552734,114.43000030517578,9333800.0,112.71885681152344
2018-09-12,114.87999725341797,112.8499984741211,114.25,113.08000183105469,10800800.0,111.38904571533203
2018-09-13,114.12999725341797,112.66999816894531,113.37000274658203,113.5199966430664,12470800.0,111.82246398925781
2018-09-14,114.48999786376953,113.2300033569336,113.80999755859375,113.5,10337900.0,111.80276489257812
2018-09-17,114.43000030517578,113.30000305175781,113.79000091552734,113.83999633789062,9561300.0,112.1376724243164
2018-09-18,114.66000366210938,113.55999755859375,114.33000183105469,114.30000305175781,7944200.0,112.59080505371094
2018-09-19,118.05999755859375,114.44000244140625,114.44000244140625,117.62000274658203,16052800.0,115.86116027832031
2018-09-20,119.23999786376953,118.08000183105469,118.5,118.62999725341797,15590000.0,116.85604858398438
2018-09-21,119.2300033569336,117.73999786376953,119.12999725341797,117.8499984741211,24788200.0,116.08771514892578
2018-09-24,118.45999908447266,116.43000030517578,117.76000213623047,116.72000122070312,12492500.0,114.97461700439453
2018-09-25,117.97000122070312,116.31999969482422,117.04000091552734,116.38999938964844,9308300.0,114.64955139160156
2018-09-26,116.87000274658203,114.66000366210938,116.75,115.0199966430664,14023600.0,113.30003356933594
2018-09-27,115.76000213623047,114.16000366210938,115.41999816894531,114.5199966430664,13283000.0,112.80751037597656
2018-09-28,114.23999786376953,112.5199966430664,113.6500015258789,112.83999633789062,15815100.0,111.15263366699219
2018-10-01,114.61000061035156,113.04000091552734,113.37000274658203,113.5,10146300.0,111.80276489257812
2018-10-02,114.12000274658203,112.80999755859375,113.36000061035156,113.97000122070312,13753100.0,112.26573944091797
2018-10-03,115.66000366210938,114.4800033569336,114.94000244140625,115.04000091552734,17142000.0,113.31974029541016
2018-10-04,116.80999755859375,114.20999908447266,114.55000305175781,115.2699966430664,16357400.0,114.3414306640625
2018-10-05,116.0999984741211,114.0199966430664,115.83000183105469,114.62000274658203,13777600.0,113.69667053222656
2018-10-08,115.77999877929688,113.3499984741211,114.25,115.31999969482422,14370900.0,114.39102935791016
2018-10-09,115.02999877929688,113.66999816894531,114.66999816894531,114.5199966430664,14069500.0,113.59747314453125
2018-10-10,114.94999694824219,111.47000122070312,114.69999694824219,111.47000122070312,23086400.0,110.5720443725586
2018-10-11,111.47000122070312,107.37999725341797,110.97000122070312,108.12999725341797,33705600.0,107.25894927978516
2018-10-12,110.83000183105469,105.5999984741211,110.37000274658203,106.94999694824219,32075700.0,106.08845520019531
2018-10-15,108.8499984741211,106.31999969482422,107.19999694824219,106.33999633789062,18903200.0,105.48336791992188
2018-10-16,108.77999877929688,106.7300033569336,107.16000366210938,108.62000274658203,19302800.0,107.74501037597656
2018-10-17,110.80000305175781,108.2300033569336,108.37999725341797,109.83000183105469,18794500.0,108.94525909423828
2018-10-18,109.83999633789062,107.80999755859375,109.0199966430664,108.08999633789062,17582500.0,107.21926879882812
2018-10-19,109.22000122070312,107.2699966430664,107.6500015258789,107.91000366210938,15234500.0,107.04072570800781
2018-10-22,108.33999633789062,106.11000061035156,108.1500015258789,106.36000061035156,16199100.0,105.50321197509766
2018-10-23,106.16000366210938,103.69999694824219,104.19999694824219,105.25,21407500.0,104.40215301513672
2018-10-24,105.02999877929688,102.91000366210938,104.76000213623047,103.29000091552734,23168900.0,102.45793914794922
2018-10-25,105.9000015258789,103.72000122070312,104.18000030517578,104.86000061035156,17464700.0,104.01529693603516
2018-10-26,104.55999755859375,102.7300033569336,104.0,103.41999816894531,19174900.0,102.5868911743164
2018-10-29,106.62999725341797,103.69999694824219,104.45999908447266,104.8499984741211,18445200.0,104.00537109375
2018-10-30,106.9800033569336,104.86000061035156,105.70999908447266,106.69999694824219,18019700.0,105.84046936035156
2018-10-31,110.4800033569336,107.79000091552734,108.08000183105469,109.0199966430664,20860000.0,108.14177703857422
2018-11-01,110.22000122070312,108.31999969482422,109.62000274658203,108.9800033569336,13065000.0,108.10210418701172
2018-11-02,110.80999755859375,107.48999786376953,109.9000015258789,108.37999725341797,19009200.0,107.5069351196289
2018-11-05,109.29000091552734,108.41999816894531,108.61000061035156,109.08999633789062,10276400.0,108.21121215820312
2018-11-06,109.66999816894531,107.76000213623047,108.66999816894531,109.5999984741211,10825000.0,108.71710968017578
2018-11-07,111.7300033569336,109.3499984741211,110.37000274658203,111.4800033569336,12679600.0,110.58197021484375
2018-11-08,112.93000030517578,111.0,111.01000213623047,112.37999725341797,11662500.0,111.47471618652344
2018-11-09,112.36000061035156,110.83000183105469,112.2300033569336,111.29000091552734,10432200.0,110.39349365234375
2018-11-12,111.94000244140625,108.5999984741211,111.41999816894531,108.94999694824219,13279700.0,108.07234191894531
2018-11-13,111.12000274658203,109.0999984741211,109.0999984741211,109.58999633789062,13746100.0,108.70718383789062
2018-11-14,110.70999908447266,105.9800033569336,110.2300033569336,107.33000183105469,18361400.0,106.46540069580078
2018-11-15,110.08000183105469,106.80999755859375,108.23999786376953,110.06999969482422,19100000.0,109.1833267211914
2018-11-16,110.76000213623047,108.55000305175781,109.44999694824219,109.98999786376953,13798600.0,109.10396575927734
2018-11-19,111.19999694824219,109.52999877929688,109.95999908447266,110.83000183105469,13987000.0,109.93720245361328
2018-11-20,110.48999786376953,107.9800033569336,109.77999877929688,108.44999694824219,18936200.0,107.57637023925781
2018-11-21,109.61000061035156,107.63999938964844,109.02999877929688,107.63999938964844,10619600.0,106.77289581298828
2018-11-23,107.38999938964844,106.05999755859375,106.73999786376953,106.6500015258789,6488400.0,105.79087829589844
2018-11-26,109.9800033569336,107.44999694824219,107.72000122070312,109.26000213623047,13948300.0,108.37985229492188
2018-11-27,110.02999877929688,108.62999725341797,108.76000213623047,109.72000122070312,9238200.0,108.83614349365234
2018-11-28,111.4000015258789,108.87000274658203,109.80000305175781,110.94000244140625,13977300.0,110.04631805419922
2018-11-29,110.80000305175781,109.63999938964844,110.2699966430664,110.05999755859375,11144300.0,109.17340087890625
2018-11-30,111.31999969482422,109.58000183105469,109.8499984741211,111.19000244140625,18652700.0,110.29430389404297
2018-12-03,112.88999938964844,111.73999786376953,112.37999725341797,112.23999786376953,16034500.0,111.3358383178711
2018-12-04,111.5999984741211,106.7300033569336,111.5999984741211,107.2300033569336,23555900.0,106.36620330810547
2018-12-06,105.36000061035156,102.87999725341797,105.01000213623047,105.19000244140625,27213900.0,104.34263610839844
2018-12-07,106.9800033569336,102.91000366210938,105.16000366210938,103.29000091552734,19248600.0,102.45793914794922
2018-12-10,103.48999786376953,99.27999877929688,102.87000274658203,101.36000061035156,23636400.0,100.54348754882812
2018-12-11,103.66000366210938,100.20999908447266,103.12999725341797,100.37000274658203,16860700.0,99.56146240234375
2018-12-12,102.9000015258789,100.05999755859375,101.66000366210938,101.0199966430664,22621500.0,100.20622253417969
2018-12-13,101.97000122070312,100.66999816894531,101.55000305175781,101.12000274658203,17250900.0,100.305419921875
2018-12-14,101.94000244140625,99.86000061035156,99.98999786376953,100.29000091552734,19879500.0,99.48210906982422
2018-12-17,100.55999755859375,98.44000244140625,99.7699966430664,99.01000213623047,25113500.0,98.21241760253906
2018-12-18,100.88999938964844,98.12000274658203,99.41999816894531,98.54000091552734,20837200.0,97.74620819091797
2018-12-19,100.58000183105469,96.5999984741211,98.41000366210938,97.29000091552734,28767900.0,96.50627136230469
2018-12-20,98.27999877929688,95.69000244140625,96.61000061035156,96.44999694824219,31825200.0,95.67303466796875
2018-12-21,98.43000030517578,93.69000244140625,96.68000030517578,94.16999816894531,41313900.0,93.41140747070312
2018-12-24,94.22000122070312,92.13999938964844,92.88999938964844,92.13999938964844,17009300.0,91.39775848388672
2018-12-26,95.95999908447266,91.11000061035156,92.69000244140625,95.95999908447266,22542900.0,95.1869888305664
2018-12-27,97.1500015258789,93.55000305175781,94.81999969482422,97.04000091552734,20304700.0,96.25828552246094
2018-12-28,98.31999969482422,96.44000244140625,97.94999694824219,96.83000183105469,17963300.0,96.04998016357422
2018-12-31,98.80999755859375,96.7699966430664,97.58999633789062,97.62000274658203,13237200.0,96.8336181640625
2019-01-02,99.77999877929688,95.94000244140625,95.94999694824219,99.30999755859375,15670900.0,98.51000213623047
2019-01-03,98.88999938964844,96.69000244140625,98.63999938964844,97.11000061035156,16286400.0,97.11000061035156
2019-01-04,100.93000030517578,98.27999877929688,99.11000061035156,100.69000244140625,16935200.0,100.69000244140625
2019-01-07,101.47000122070312,99.70999908447266,100.43000030517578,100.76000213623047,15430700.0,100.76000213623047
2019-01-08,101.81999969482422,99.55000305175781,101.62999725341797,100.56999969482422,13578800.0,100.56999969482422
2019-01-09,101.48999786376953,99.93000030517578,100.80999755859375,100.4000015258789,14230300.0,100.4000015258789
2019-01-10,100.7300033569336,99.2699966430664,100.0199966430664,100.38999938964844,14376100.0,100.38999938964844
2019-01-11,100.16999816894531,98.94999694824219,99.88999938964844,99.91000366210938,15439900.0,99.91000366210938
2019-01-14,101.36000061035156,98.66000366210938,98.87000274658203,100.94000244140625,21258500.0,100.94000244140625
2019-01-15,102.47000122070312,98.5999984741211,98.88999938964844,101.68000030517578,26504900.0,101.68000030517578
2019-01-16,103.44999694824219,101.80000305175781,102.25,102.5,18533000.0,102.5
2019-01-17,103.5,101.91999816894531,102.11000061035156,102.91999816894531,14247600.0,102.91999816894531
2019-01-18,104.9000015258789,102.83000183105469,103.7699966430664,104.58999633789062,16428700.0,104.58999633789062
2019-01-22,103.58999633789062,102.12999725341797,103.08000183105469,102.94000244140625,17083700.0,102.94000244140625
2019-01-23,103.69999694824219,101.97000122070312,103.44000244140625,102.68000030517578,12146700.0,102.68000030517578
2019-01-24,103.08999633789062,101.94000244140625,102.12999725341797,102.73999786376953,11296800.0,102.73999786376953
2019-01-25,104.30999755859375,102.73999786376953,103.51000213623047,103.38999938964844,14369400.0,103.38999938964844
2019-01-28,104.23999786376953,102.58999633789062,102.88999938964844,103.87999725341797,12283100.0,103.87999725341797
2019-01-29,105.11000061035156,103.7300033569336,103.87999725341797,104.16999816894531,9743300.0,104.16999816894531
2019-01-30,105.23999786376953,103.77999877929688,104.13999938964844,104.41000366210938,12526300.0,104.41000366210938
2019-01-31,103.80000305175781,102.7300033569336,103.41000366210938,103.5,17520600.0,103.5
2019-02-01,104.8499984741211,103.5199966430664,104.0,103.87999725341797,13000800.0,103.87999725341797
2019-02-04,104.25,103.01000213623047,103.79000091552734,104.25,9871500.0,104.25
2019-02-05,104.55000305175781,103.29000091552734,104.5199966430664,103.79000091552734,12763000.0,103.79000091552734
2019-02-06,104.62000274658203,103.47000122070312,103.70999908447266,103.73999786376953,8745000.0,103.73999786376953
2019-02-07,103.5,101.44000244140625,103.25,102.37999725341797,13177500.0,102.37999725341797
2019-02-08,102.33999633789062,100.05999755859375,102.08000183105469,101.36000061035156,12892600.0,101.36000061035156
2019-02-11,102.01000213623047,100.7699966430664,101.76000213623047,100.87999725341797,10978500.0,100.87999725341797
2019-02-12,102.91999816894531,101.88999938964844,101.94999694824219,102.5999984741211,12852300.0,102.5999984741211
2019-02-13,103.8499984741211,102.9000015258789,102.9000015258789,103.08999633789062,10754100.0,103.08999633789062
2019-02-14,103.0999984741211,101.3499984741211,102.47000122070312,102.41999816894531,11518500.0,102.41999816894531
2019-02-15,105.69999694824219,103.66000366210938,103.9000015258789,105.55000305175781,14716900.0,105.55000305175781
2019-02-19,105.37000274658203,103.80999755859375,104.91000366210938,105.18000030517578,12764900.0,105.18000030517578
2019-02-20,105.80000305175781,104.87999725341797,105.20999908447266,105.69000244140625,10030300.0,105.69000244140625
2019-02-21,105.98999786376953,104.95999908447266,105.44999694824219,105.47000122070312,8400100.0,105.47000122070312
2019-02-22,106.08999633789062,104.77999877929688,105.69999694824219,105.0,10647300.0,105.0
2019-02-25,107.2699966430664,105.69000244140625,105.75,106.0999984741211,11230700.0,106.0999984741211
2019-02-26,105.47000122070312,103.94000244140625,104.5,105.29000091552734,15465400.0,105.29000091552734
2019-02-27,105.37999725341797,104.51000213623047,105.18000030517578,105.16000366210938,9968800.0,105.16000366210938
2019-02-28,105.20999908447266,104.18000030517578,105.01000213623047,104.36000061035156,15156900.0,104.36000061035156
2019-03-01,105.91000366210938,104.19999694824219,105.0999984741211,104.43000030517578,13813300.0,104.43000030517578
2019-03-04,105.91999816894531,103.2699966430664,104.91999816894531,104.19000244140625,12466300.0,104.19000244140625
2019-03-05,104.55000305175781,103.26000213623047,104.12999725341797,104.11000061035156,10856600.0,104.11000061035156
2019-03-06,104.56999969482422,103.55000305175781,103.86000061035156,103.72000122070312,9070800.0,103.72000122070312
2019-03-07,103.47000122070312,102.16000366210938,103.25,102.97000122070312,12705700.0,102.97000122070312
2019-03-08,103.2300033569336,101.98999786376953,101.98999786376953,103.01000213623047,10582400.0,103.01000213623047
2019-03-11,104.55000305175781,103.66000366210938,103.9800033569336,104.3499984741211,9763200.0,104.3499984741211
2019-03-12,104.79000091552734,103.75,104.58999633789062,104.04000091552734,10219100.0,104.04000091552734
2019-03-13,104.9800033569336,103.94999694824219,104.19000244140625,104.38999938964844,13022200.0,104.38999938964844
2019-03-14,105.87000274658203,104.45999908447266,104.5,105.33999633789062,10926500.0,105.33999633789062
2019-03-15,106.80000305175781,105.2300033569336,105.41000366210938,106.55000305175781,24811700.0,106.55000305175781
2019-03-18,107.79000091552734,106.5,106.55000305175781,107.19000244140625,12935500.0,107.19000244140625
2019-03-19,108.4000015258789,106.55000305175781,108.19999694824219,106.80000305175781,12889300.0,106.80000305175781
2019-03-20,106.6500015258789,104.41000366210938,106.43000030517578,104.5199966430664,14920700.0,104.5199966430664
2019-03-21,103.48999786376953,102.27999877929688,103.48999786376953,102.87000274658203,19751000.0,102.87000274658203
2019-03-22,102.31999969482422,99.5199966430664,101.81999969482422,99.76000213623047,31115200.0,99.76000213623047
2019-03-25,100.56999969482422,98.08999633789062,99.58999633789062,98.93000030517578,21032300.0,98.93000030517578
2019-03-26,100.4000015258789,98.81999969482422,99.81999969482422,99.91999816894531,15987100.0,99.91999816894531
2019-03-27,100.44999694824219,99.08000183105469,99.87999725341797,99.58000183105469,12753200.0,99.58000183105469
2019-03-28,100.80000305175781,99.73999786376953,100.0,100.70999908447266,12454100.0,100.70999908447266
2019-03-29,101.98999786376953,100.58999633789062,101.54000091552734,101.2300033569336,14523400.0,101.2300033569336
2019-04-01,104.68000030517578,102.12000274658203,102.1500015258789,104.63999938964844,17493400.0,104.63999938964844
