Date,High,Low,Open,Close,Volume,Adj Close
2018-04-02,119.83000183105469,116.76000213623047,119.2699966430664,118.38999938964844,9877100.0,117.60586547851562
2018-04-03,119.98999786376953,117.48999786376953,118.88999938964844,119.19999694824219,7084800.0,118.4104995727539
2018-04-04,120.12000274658203,116.70999908447266,116.9000015258789,119.80999755859375,8425700.0,119.0164566040039
2018-04-05,122.01000213623047,120.37000274658203,121.0,121.19000244140625,6816000.0,120.38732147216797
2018-04-06,120.55999755859375,117.12000274658203,120.18000030517578,117.69999694824219,8383800.0,116.9204330444336
2018-04-09,120.66999816894531,118.62999725341797,118.62999725341797,118.79000091552734,7024800.0,118.00321960449219
2018-04-10,121.16000366210938,119.63999938964844,120.55999755859375,120.72000122070312,8947200.0,119.92044067382812
2018-04-11,121.66000366210938,119.62000274658203,119.98999786376953,119.77999877929688,5874900.0,118.98665618896484
2018-04-12,121.9800033569336,120.38999938964844,120.4000015258789,121.06999969482422,5666000.0,120.26811981201172
2018-04-13,122.47000122070312,120.6500015258789,121.7300033569336,120.75,9174300.0,119.95023345947266
2018-04-16,122.87000274658203,121.51000213623047,122.11000061035156,121.87999725341797,6903200.0,121.07275390625
2018-04-17,124.26000213623047,122.5199966430664,122.91000366210938,123.80000305175781,5979600.0,122.98003387451172
2018-04-18,124.87000274658203,123.37999725341797,124.05999755859375,124.4800033569336,5171000.0,123.65553283691406
2018-04-19,124.72000122070312,123.1500015258789,124.30999755859375,123.95999908447266,7294100.0,123.13898468017578
2018-04-20,124.81999969482422,123.30999755859375,124.05999755859375,124.19999694824219,7479400.0,123.37738037109375
2018-04-23,124.97000122070312,123.9000015258789,124.30000305175781,124.45999908447266,8004300.0,123.63565826416016
2018-04-24,125.04000091552734,120.55000305175781,124.87000274658203,121.2699966430664,9434400.0,120.46678924560547
2018-04-25,121.3499984741211,119.37000274658203,121.13999938964844,121.20999908447266,8001200.0,120.40719604492188
2018-04-26,127.58999633789062,123.77999877929688,125.13999938964844,127.08000183105469,14345800.0,126.23831939697266
2018-04-27,127.05999755859375,125.38999938964844,126.44000244140625,126.01000213623047,6842700.0,125.17539978027344
2018-04-30,127.9000015258789,126.66000366210938,126.73999786376953,126.87999725341797,8449200.0,126.03963470458984
2018-05-01,127.56999969482422,125.51000213623047,126.86000061035156,127.51000213623047,6407300.0,126.66546630859375
2018-05-02,128.10000610351562,126.0,127.87999725341797,126.37999725341797,8515300.0,125.5429458618164
2018-05-03,127.45999908447266,125.31999969482422,125.80999755859375,127.18000030517578,6778600.0,126.337646484375
2018-05-04,128.36000061035156,126.06999969482422,126.33000183105469,128.16000366210938,5798400.0,127.31117248535156
2018-05-07,129.52000427246094,128.25,128.39999389648438,129.25999450683594,5737300.0,128.4038543701172
2018-05-08,129.97000122070312,128.30999755859375,129.13999938964844,129.89999389648438,5044700.0,129.03961181640625
2018-05-09,131.0,129.58999633789062,130.00999450683594,130.83999633789062,6119400.0,129.97340393066406
2018-05-10,131.75,130.72000122070312,131.2899932861328,131.0,6585800.0,130.13233947753906
2018-05-11,132.08999633789062,130.22999572753906,131.0,131.82000732421875,5437100.0,130.94692993164062
2018-05-14,132.5,130.6699981689453,132.42999267578125,131.2100067138672,5017000.0,130.34095764160156
2018-05-15,131.39999389648438,129.89999389648438,130.55999755859375,131.10000610351562,5532300.0,130.231689453125
2018-05-16,131.39999389648438,130.5399932861328,131.08999633789062,130.88999938964844,5124200.0,130.02308654785156
2018-05-17,130.8000030517578,129.61000061035156,130.5800018310547,129.92999267578125,4911700.0,129.27684020996094
2018-05-18,130.33999633789062,129.07000732421875,129.6199951171875,129.92999267578125,6082700.0,129.27684020996094
2018-05-21,131.50999450683594,129.99000549316406,130.9499969482422,130.66000366210938,5591800.0,130.003173828125
2018-05-22,131.77999877929688,130.5,131.0,130.7100067138672,6645500.0,130.05291748046875
2018-05-23,131.91000366210938,129.8000030517578,130.05999755859375,131.8800048828125,6545200.0,131.217041015625
2018-05-24,132.2100067138672,130.5,131.82000732421875,131.88999938964844,6035200.0,131.22698974609375
2018-05-25,132.10000610351562,130.92999267578125,131.8800048828125,131.27999877929688,7509600.0,130.6200408935547
2018-05-29,131.0500030517578,129.05999755859375,130.38999938964844,129.69000244140625,10401900.0,129.03805541992188
2018-05-30,131.10000610351562,129.8699951171875,130.1999969482422,130.63999938964844,10631300.0,129.98326110839844
2018-05-31,131.5800018310547,129.97999572753906,130.64999389648438,130.72000122070312,11086000.0,130.0628662109375
2018-06-01,132.50999450683594,130.36000061035156,131.83999633789062,130.85000610351562,8323400.0,130.19223022460938
2018-06-04,133.57000732421875,131.42999267578125,131.94000244140625,133.07000732421875,7178000.0,132.40106201171875
2018-06-05,133.6199951171875,132.6999969482422,133.3800048828125,133.55999755859375,6198200.0,132.8885955810547
2018-06-06,136.30999755859375,133.61000061035156,134.0,136.27999877929688,8065800.0,135.5949249267578
2018-06-07,136.5800018310547,133.0500030517578,136.36000061035156,133.83999633789062,8309200.0,133.1671905517578
2018-06-08,134.9199981689453,133.22999572753906,133.44000244140625,134.74000549316406,5261000.0,134.06268310546875
2018-06-11,135.19000244140625,133.80999755859375,134.89999389648438,133.91000366210938,7988700.0,133.23684692382812
2018-06-12,135.1300048828125,133.5399932861328,134.0399932861328,134.86000061035156,5743300.0,134.18206787109375
2018-06-13,135.77000427246094,134.30999755859375,135.17999267578125,134.39999389648438,4881600.0,133.724365234375
2018-06-14,135.6999969482422,134.75,134.9600067138672,135.0,6464100.0,134.32135009765625
2018-06-15,135.72999572753906,134.0,135.10000610351562,135.10000610351562,10044500.0,134.42086791992188
2018-06-18,136.30999755859375,134.1199951171875,134.3699951171875,136.1999969482422,8713300.0,135.5153045654297
2018-06-19,135.24000549316406,133.57000732421875,134.55999755859375,135.11000061035156,6557600.0,134.43080139160156
2018-06-20,136.69000244140625,135.5,135.52000427246094,135.5,7192000.0,134.81883239746094
2018-06-21,136.1199951171875,134.25999450683594,135.27000427246094,134.52999877929688,8689800.0,133.8537139892578
2018-06-22,135.85000610351562,134.25999450683594,135.60000610351562,135.3300018310547,6031900.0,134.64968872070312
2018-06-25,134.91000366210938,129.52999877929688,134.91000366210938,130.92999267578125,10086200.0,130.2718048095703
2018-06-26,133.7899932861328,131.61000061035156,132.11000061035156,132.5500030517578,7733900.0,131.8836669921875
2018-06-27,133.66000366210938,131.00999450683594,133.00999450683594,131.02000427246094,7282100.0,130.3613739013672
2018-06-28,133.1199951171875,130.64999389648438,131.0,132.74000549316406,6576500.0,132.07272338867188
2018-06-29,134.19000244140625,132.4499969482422,133.27999877929688,132.4499969482422,7259000.0,131.78416442871094
2018-07-02,133.0500030517578,131.14999389648438,131.9600067138672,132.5,7554400.0,131.8339080810547
2018-07-03,133.41000366210938,131.4199981689453,133.00999450683594,131.4499969482422,3621600.0,130.78919982910156
2018-07-05,133.3300018310547,131.8300018310547,132.1300048828125,133.2899932861328,4729300.0,132.61996459960938
2018-07-06,134.27999877929688,132.5,133.5800018310547,134.08999633789062,4839800.0,133.4159393310547
2018-07-09,135.97000122070312,134.7899932861328,134.94000244140625,135.52000427246094,8960700.0,134.8387451171875
2018-07-10,137.3300018310547,135.33999633789062,135.57000732421875,136.69000244140625,6561900.0,136.00286865234375
2018-07-11,138.80999755859375,136.60000610351562,136.6300048828125,138.14999389648438,10648700.0,137.4555206298828
2018-07-12,139.9499969482422,138.66000366210938,139.00999450683594,139.89999389648438,11816100.0,139.19671630859375
2018-07-13,140.02999877929688,137.5399932861328,139.7899932861328,139.4199981689453,7865700.0,138.71914672851562
2018-07-16,139.5500030517578,138.16000366210938,139.4199981689453,138.4600067138672,4969900.0,137.7639617919922
2018-07-17,139.91000366210938,137.4199981689453,138.17999267578125,139.63999938964844,5412600.0,138.9380340576172
2018-07-18,141.1699981689453,139.3699951171875,139.91000366210938,140.89999389648438,7008600.0,140.19168090820312
2018-07-19,140.99000549316406,139.92999267578125,140.9499969482422,140.1300048828125,7937000.0,139.42556762695312
2018-07-20,141.47000122070312,139.9199981689453,140.0,140.99000549316406,7153600.0,140.28125
2018-07-23,140.97000122070312,139.63999938964844,140.66000366210938,140.02999877929688,7723600.0,139.32606506347656
2018-07-24,141.47000122070312,139.50999450683594,140.99000549316406,140.02999877929688,8336700.0,139.32606506347656
2018-07-25,142.77000427246094,139.89999389648438,140.33999633789062,142.63999938964844,8376000.0,141.92294311523438
2018-07-26,142.7899932861328,139.52999877929688,141.61000061035156,142.5,10520800.0,141.7836456298828
2018-07-27,143.13999938964844,139.2100067138672,143.0800018310547,140.7100067138672,7014900.0,140.00265502929688
2018-07-30,140.4199981689453,135.30999755859375,140.1300048828125,136.47999572753906,12812400.0,135.79391479492188
2018-07-31,138.02000427246094,135.6300048828125,137.1300048828125,136.74000549316406,7683300.0,136.0526123046875
2018-08-01,138.74000549316406,137.41000366210938,137.74000549316406,138.25,7087700.0,137.55502319335938
2018-08-02,139.19000244140625,137.0,137.4499969482422,138.9199981689453,12300000.0,138.22164916992188
2018-08-03,139.86000061035156,137.94000244140625,139.2899932861328,139.82000732421875,4617500.0,139.11712646484375
2018-08-06,140.25999450683594,139.0500030517578,139.64999389648438,139.7100067138672,5143000.0,139.0076904296875
2018-08-07,140.69000244140625,139.8699951171875,139.97999572753906,140.27999877929688,10034500.0,139.57481384277344
2018-08-08,140.99000549316406,139.8300018310547,139.97999572753906,140.67999267578125,5389500.0,139.97280883789062
2018-08-09,141.24000549316406,139.89999389648438,140.72999572753906,140.00999450683594,5678700.0,139.30618286132812
2018-08-10,140.74000549316406,139.25,139.8800048828125,139.72999572753906,6523500.0,139.02757263183594
2018-08-13,141.24000549316406,139.8300018310547,140.52999877929688,140.2100067138672,4817500.0,139.5051727294922
2018-08-14,140.99000549316406,139.8800048828125,140.3000030517578,140.75999450683594,5888700.0,140.05239868164062
2018-08-15,140.69000244140625,138.83999633789062,140.35000610351562,139.9199981689453,5288400.0,139.2166290283203
2018-08-16,141.49000549316406,140.4199981689453,141.07000732421875,140.64999389648438,5931700.0,140.15330505371094
2018-08-17,141.7100067138672,140.57000732421875,140.77999877929688,141.3300018310547,7699600.0,140.83090209960938
2018-08-20,141.60000610351562,140.6999969482422,141.5399932861328,140.94000244140625,4662200.0,140.44229125976562
2018-08-21,141.4600067138672,139.8000030517578,141.0,140.0399932861328,6854300.0,139.54544067382812
2018-08-22,141.52999877929688,139.85000610351562,139.85000610351562,141.13999938964844,4191700.0,140.64157104492188
2018-08-23,142.4499969482422,140.77000427246094,141.00999450683594,142.10000610351562,4426800.0,141.5981903076172
2018-08-24,144.3800048828125,142.32000732421875,142.32000732421875,144.1999969482422,5714000.0,143.69076538085938
2018-08-27,145.60000610351562,144.7100067138672,144.99000549316406,145.39999389648438,7194900.0,144.8865203857422
2018-08-28,146.1699981689453,144.8699951171875,145.6300048828125,145.1999969482422,4925700.0,144.68722534179688
2018-08-29,147.3000030517578,145.4199981689453,145.4600067138672,147.02999877929688,5192900.0,146.51077270507812
2018-08-30,147.7100067138672,146.36000061035156,146.82000732421875,146.74000549316406,7804600.0,146.2218017578125
2018-08-31,147.63999938964844,146.5,146.74000549316406,146.88999938964844,5786600.0,146.37127685546875
2018-09-04,147.86000061035156,146.6699981689453,146.92999267578125,147.8000030517578,7638100.0,147.27806091308594
2018-09-05,147.82000732421875,142.5500030517578,147.0,142.6699981689453,11363400.0,142.16616821289062
2018-09-06,144.6999969482422,142.5399932861328,143.2899932861328,144.5,9589200.0,143.9897003173828
2018-09-07,144.44000244140625,142.75,143.99000549316406,143.1999969482422,13626200.0,142.6942901611328
2018-09-10,144.44000244140625,143.2100067138672,144.1300048828125,144.0800018310547,5362700.0,143.57119750976562
2018-09-11,145.52000427246094,143.25,143.4600067138672,145.49000549316406,9895900.0,144.97621154785156
2018-09-12,146.8000030517578,145.07000732421875,145.85000610351562,146.57000732421875,6964100.0,146.05239868164062
2018-09-13,148.07000732421875,147.08999633789062,147.14999389648438,147.6300048828125,5803400.0,147.10865783691406
2018-09-14,148.3699951171875,147.35000610351562,147.91000366210938,147.83999633789062,4928300.0,147.31790161132812
2018-09-17,147.89999389648438,145.8300018310547,147.8300018310547,146.17999267578125,7708600.0,145.6637725830078
2018-09-18,148.08999633789062,145.9499969482422,146.1999969482422,147.6300048828125,5692100.0,147.10865783691406
2018-09-19,148.82000732421875,147.25,148.27999877929688,147.4199981689453,7432300.0,146.89938354492188
2018-09-20,149.49000549316406,147.1999969482422,147.99000549316406,149.24000549316406,7172700.0,148.71298217773438
2018-09-21,150.25999450683594,149.35000610351562,149.9499969482422,150.0500030517578,15628100.0,149.52011108398438
2018-09-24,149.64999389648438,147.27000427246094,149.16000366210938,149.11000061035156,6706700.0,148.58343505859375
2018-09-25,149.9600067138672,149.10000610351562,149.7100067138672,149.5800018310547,4230700.0,149.05177307128906
2018-09-26,150.4199981689453,149.0399932861328,150.0,149.27000427246094,5852400.0,148.74285888671875
2018-09-27,150.63999938964844,149.55999755859375,149.89999389648438,150.02000427246094,5868500.0,149.49021911621094
2018-09-28,150.3699951171875,149.5500030517578,149.80999755859375,150.08999633789062,6035900.0,149.55996704101562
2018-10-01,151.55999755859375,150.61000061035156,150.88999938964844,150.7899932861328,9802100.0,150.2574920654297
2018-10-02,150.83999633789062,149.1699981689453,150.83999633789062,149.6699981689453,8047500.0,149.14144897460938
2018-10-03,150.7100067138672,149.19000244140625,150.7100067138672,149.3699951171875,7521100.0,148.84249877929688
2018-10-04,149.27999877929688,146.10000610351562,149.17999267578125,146.75999450683594,9208900.0,146.24171447753906
2018-10-05,147.41000366210938,144.39999389648438,146.63999938964844,145.36000061035156,7085700.0,144.84666442871094
2018-10-08,145.00999450683594,140.17999267578125,145.00999450683594,141.88999938964844,11637300.0,141.38893127441406
2018-10-09,143.2899932861328,141.1199951171875,141.4600067138672,142.30999755859375,10798000.0,141.8074493408203
2018-10-10,142.69000244140625,135.2100067138672,142.57000732421875,135.52000427246094,15450100.0,135.0414276123047
2018-10-11,137.24000549316406,132.25999450683594,134.08999633789062,133.72999572753906,15657200.0,133.2577362060547
2018-10-12,140.97999572753906,137.42999267578125,138.47999572753906,140.05999755859375,12993300.0,139.5653839111328
2018-10-15,140.05999755859375,137.22000122070312,139.89999389648438,137.22999572753906,7953000.0,136.74537658691406
2018-10-16,142.13999938964844,138.67999267578125,138.7100067138672,141.74000549316406,11059500.0,141.23947143554688
2018-10-17,142.86000061035156,140.72999572753906,142.33999633789062,142.4499969482422,9170600.0,141.9469451904297
2018-10-18,142.4600067138672,137.9499969482422,142.4600067138672,139.2899932861328,10222600.0,138.798095703125
2018-10-19,142.19000244140625,139.3800048828125,139.89999389648438,140.0800018310547,8696900.0,139.5853271484375
2018-10-22,141.5399932861328,139.50999450683594,140.97000122070312,140.63999938964844,6099500.0,140.14334106445312
2018-10-23,140.0399932861328,135.58999633789062,136.88999938964844,139.1199951171875,10736100.0,138.62869262695312
2018-10-24,140.17999267578125,134.0,139.6999969482422,134.25999450683594,13849600.0,133.78585815429688
2018-10-25,140.89999389648438,132.5,135.4499969482422,140.52000427246094,14985900.0,140.02377319335938
2018-10-26,139.8699951171875,136.05999755859375,137.97999572753906,137.74000549316406,12034900.0,137.2535858154297
2018-10-29,141.50999450683594,132.27000427246094,139.61000061035156,134.3300018310547,12768200.0,133.85562133789062
2018-10-30,134.86000061035156,129.7899932861328,133.0800018310547,132.75999450683594,15107600.0,132.29115295410156
2018-10-31,139.1199951171875,134.99000549316406,134.99000549316406,137.85000610351562,13205300.0,137.3632049560547
2018-11-01,140.8699951171875,137.49000549316406,139.0,140.8300018310547,16024000.0,140.33267211914062
2018-11-02,141.4499969482422,137.85000610351562,141.11000061035156,139.77999877929688,17063100.0,139.286376953125
2018-11-05,140.2100067138672,138.07000732421875,139.8000030517578,139.8000030517578,6280000.0,139.3063201904297
2018-11-06,140.91000366210938,139.72000122070312,139.8000030517578,140.7899932861328,4732700.0,140.2928009033203
2018-11-07,144.89999389648438,142.32000732421875,142.33999633789062,144.77999877929688,20502100.0,144.2687225341797
2018-11-08,145.4600067138672,143.64999389648438,144.60000610351562,145.22999572753906,5927400.0,144.71713256835938
2018-11-09,144.57000732421875,142.36000061035156,144.1999969482422,143.92999267578125,8339800.0,143.4217071533203
2018-11-12,143.63999938964844,139.1699981689453,143.4199981689453,139.72000122070312,11335100.0,139.22659301757812
2018-11-13,141.89999389648438,139.00999450683594,140.35000610351562,139.72000122070312,6287000.0,139.22659301757812
2018-11-14,142.60000610351562,138.41000366210938,142.02000427246094,139.49000549316406,6613900.0,138.99740600585938
2018-11-15,141.91000366210938,137.92999267578125,138.85000610351562,141.83999633789062,8565000.0,141.59286499023438
2018-11-16,141.83999633789062,139.9199981689453,140.4199981689453,140.17999267578125,8628000.0,139.93576049804688
2018-11-19,140.57000732421875,134.25,140.47000122070312,134.75999450683594,16253000.0,134.52520751953125
2018-11-20,134.52999877929688,129.5399932861328,130.30999755859375,133.3699951171875,12720200.0,133.1376190185547
2018-11-21,135.77999877929688,133.6300048828125,134.36000061035156,134.4199981689453,7416300.0,134.185791015625
2018-11-23,134.25,132.49000549316406,132.58999633789062,132.8699951171875,3676000.0,132.63848876953125
2018-11-26,136.52000427246094,134.25,134.60000610351562,135.94000244140625,9144600.0,135.70315551757812
2018-11-27,136.30999755859375,134.1199951171875,135.27999877929688,135.91000366210938,7877900.0,135.67320251464844
2018-11-28,141.5399932861328,136.8699951171875,137.07000732421875,141.3800048828125,11265100.0,141.13368225097656
2018-11-29,140.6999969482422,138.7100067138672,140.69000244140625,139.10000610351562,8751500.0,138.85765075683594
2018-11-30,142.25999450683594,138.6300048828125,139.00999450683594,141.7100067138672,11362800.0,141.46310424804688
2018-12-03,145.72000122070312,143.85000610351562,145.0,145.0,11285600.0,144.7473602294922
2018-12-04,144.35000610351562,138.5,143.1300048828125,138.63999938964844,13988900.0,138.39845275878906
2018-12-06,141.11000061035156,133.47999572753906,135.0399932861328,141.0500030517578,16391900.0,140.8042449951172
2018-12-07,142.1300048828125,135.99000549316406,140.82000732421875,137.11000061035156,14007700.0,136.87110900878906
2018-12-10,138.27000427246094,134.86000061035156,136.25,137.8800048828125,15744300.0,137.6397705078125
2018-12-11,140.0500030517578,135.9199981689453,139.94000244140625,136.80999755859375,12466300.0,136.57164001464844
2018-12-12,140.8800048828125,137.75,139.3000030517578,137.8000030517578,10387200.0,137.55992126464844
2018-12-13,139.1300048828125,136.14999389648438,138.3000030517578,137.5399932861328,8780900.0,137.30035400390625
2018-12-14,136.72000122070312,134.5500030517578,135.69000244140625,135.08999633789062,9351200.0,134.85462951660156
2018-12-17,134.42999267578125,130.69000244140625,134.2100067138672,131.39999389648438,11796200.0,131.17105102539062
2018-12-18,134.1699981689453,131.8000030517578,132.2899932861328,132.66000366210938,12761900.0,132.42886352539062
2018-12-19,135.8699951171875,129.52000427246094,132.92999267578125,131.25999450683594,13819000.0,131.0312957763672
2018-12-20,132.00999450683594,127.1500015258789,130.16000366210938,128.75999450683594,18091700.0,128.53565979003906
2018-12-21,130.3300018310547,122.94999694824219,127.18000030517578,124.26000213623047,25448600.0,124.04350280761719
2018-12-24,125.20999908447266,121.5999984741211,122.08000183105469,121.7300033569336,8617700.0,121.51791381835938
2018-12-26,130.24000549316406,123.0,123.0199966430664,130.22999572753906,13499500.0,130.0030975341797
2018-12-27,132.00999450683594,126.5199966430664,127.98999786376953,132.00999450683594,10883000.0,131.77999877929688
2018-12-28,133.6199951171875,129.66000366210938,133.0800018310547,130.94000244140625,7381300.0,130.7118682861328
2018-12-31,132.44000244140625,130.22999572753906,131.67999267578125,131.94000244140625,7976000.0,131.7101287841797
2019-01-02,133.74000549316406,129.60000610351562,130.0,132.9199981689453,8788000.0,132.68841552734375
2019-01-03,131.27999877929688,127.87999725341797,131.2100067138672,128.1300048828125,9428300.0,127.9067611694336
2019-01-04,134.58999633789062,130.1300048828125,130.44000244140625,133.64999389648438,11065800.0,133.41712951660156
2019-01-07,137.1699981689453,134.0399932861328,134.4499969482422,136.05999755859375,12928000.0,135.82293701171875
2019-01-08,138.19000244140625,135.9600067138672,137.97000122070312,136.8000030517578,9243000.0,136.56166076660156
2019-01-09,139.47999572753906,137.6199951171875,138.3000030517578,138.41000366210938,9987600.0,138.16885375976562
2019-01-10,138.82000732421875,136.36000061035156,136.80999755859375,138.6699981689453,12514900.0,138.4283905029297
2019-01-11,138.60000610351562,137.41000366210938,137.75,138.05999755859375,5860100.0,137.8194580078125
2019-01-14,138.1300048828125,136.64999389648438,136.99000549316406,137.10000610351562,8666700.0,136.8611297607422
2019-01-15,137.72000122070312,135.25,136.9600067138672,137.33999633789062,7594900.0,137.1007080078125
2019-01-16,138.8699951171875,137.07000732421875,138.39999389648438,137.33999633789062,7258000.0,137.1007080078125
2019-01-17,137.91000366210938,136.58999633789062,136.97000122070312,137.27999877929688,5864900.0,137.0408172607422
2019-01-18,138.60000610351562,136.63999938964844,138.30999755859375,138.5,10263500.0,138.25869750976562
2019-01-22,139.52000427246094,136.97999572753906,137.89999389648438,138.0500030517578,8102300.0,137.80947875976562
2019-01-23,138.97999572753906,136.14999389648438,138.77000427246094,137.00999450683594,5465800.0,136.7712860107422
2019-01-24,138.32000732421875,136.52000427246094,137.11000061035156,137.6999969482422,4924800.0,137.4600830078125
2019-01-25,139.89999389648438,137.6999969482422,139.0,138.6699981689453,9756300.0,138.4283905029297
2019-01-28,137.50999450683594,134.80999755859375,137.50999450683594,135.99000549316406,9857200.0,135.75306701660156
2019-01-29,136.69000244140625,134.11000061035156,136.58999633789062,135.0,7457700.0,134.76478576660156
2019-01-30,137.89999389648438,135.50999450683594,136.10000610351562,137.60000610351562,8078100.0,137.36026000976562
2019-01-31,135.72999572753906,133.3000030517578,134.38999938964844,135.00999450683594,20095700.0,134.77476501464844
2019-02-01,140.35000610351562,135.25999450683594,135.38999938964844,140.14999389648438,13248300.0,139.9058074951172
2019-02-04,141.52000427246094,139.17999267578125,139.7899932861328,141.5,11882700.0,141.2534637451172
2019-02-05,142.9499969482422,141.8300018310547,142.0,142.52999877929688,8455700.0,142.2816619873047
2019-02-06,142.4199981689453,141.0500030517578,141.9600067138672,141.49000549316406,6146900.0,141.2434844970703
2019-02-07,141.05999755859375,139.2100067138672,139.9199981689453,140.1699981689453,10675300.0,139.92578125
2019-02-08,140.39999389648438,138.52000427246094,138.69000244140625,140.3800048828125,5950700.0,140.1354217529297
2019-02-11,142.2899932861328,140.4499969482422,141.25999450683594,140.8000030517578,7600100.0,140.5546875
2019-02-12,142.8000030517578,141.25,141.7899932861328,141.99000549316406,6090000.0,141.74261474609375
2019-02-13,144.6999969482422,142.8699951171875,142.88999938964844,143.49000549316406,6885600.0,143.24000549316406
2019-02-14,143.47999572753906,142.39999389648438,142.97999572753906,143.16000366210938,6314000.0,143.16000366210938
2019-02-15,144.91000366210938,143.82000732421875,144.5500030517578,144.91000366210938,6536000.0,144.91000366210938
2019-02-19,144.8800048828125,144.02000427246094,144.4199981689453,144.44000244140625,8406700.0,144.44000244140625
2019-02-20,144.83999633789062,143.52000427246094,144.35000610351562,144.72999572753906,5283100.0,144.72999572753906
2019-02-21,145.02999877929688,143.17999267578125,144.35000610351562,144.0,8573400.0,144.0
2019-02-22,146.27999877929688,144.4199981689453,144.4199981689453,145.8699951171875,9680800.0,145.8699951171875
2019-02-25,147.1999969482422,145.80999755859375,146.91000366210938,146.05999755859375,9731200.0,146.05999755859375
2019-02-26,147.39999389648438,145.02000427246094,145.1999969482422,147.0399932861328,7332500.0,147.0399932861328
2019-02-27,147.49000549316406,145.9199981689453,146.5,147.22000122070312,9731200.0,147.22000122070312
2019-02-28,148.82000732421875,147.22999572753906,147.25999450683594,148.1199951171875,6250200.0,148.1199951171875
2019-03-01,149.92999267578125,148.3800048828125,149.4600067138672,149.47000122070312,7016800.0,149.47000122070312
2019-03-04,150.19000244140625,146.9499969482422,150.07000732421875,147.9600067138672,6979700.0,147.9600067138672
2019-03-05,149.2899932861328,147.8300018310547,148.0,147.9499969482422,9678600.0,147.9499969482422
2019-03-06,148.52000427246094,147.4199981689453,148.0,147.80999755859375,8186400.0,147.80999755859375
2019-03-07,147.80999755859375,146.0399932861328,147.25999450683594,146.8300018310547,8761700.0,146.8300018310547
2019-03-08,147.47999572753906,144.5,145.44000244140625,147.35000610351562,5168100.0,147.35000610351562
2019-03-11,150.97000122070312,148.02000427246094,148.11000061035156,150.6699981689453,9361500.0,150.6699981689453
2019-03-12,153.13999938964844,150.8699951171875,151.0,151.72999572753906,9465100.0,151.72999572753906
2019-03-13,154.0399932861328,152.0399932861328,152.3000030517578,152.47000122070312,8308900.0,152.47000122070312
2019-03-14,154.69000244140625,152.3000030517578,152.55999755859375,154.1999969482422,9364900.0,154.1999969482422
2019-03-15,156.82000732421875,153.36000061035156,153.72000122070312,155.4600067138672,20162000.0,155.4600067138672
2019-03-18,156.41000366210938,154.4199981689453,155.9199981689453,154.9600067138672,9689400.0,154.9600067138672
2019-03-19,155.9499969482422,154.13999938964844,155.9499969482422,154.58999633789062,9236100.0,154.58999633789062
2019-03-20,154.8699951171875,152.7100067138672,154.33999633789062,153.75,6391400.0,153.75
2019-03-21,156.67999267578125,153.30999755859375,153.32000732421875,155.8000030517578,7027100.0,155.8000030517578
2019-03-22,155.67999267578125,152.85000610351562,154.99000549316406,153.07000732421875,8119800.0,153.07000732421875
2019-03-25,154.05999755859375,151.5399932861328,152.36000061035156,153.02999877929688,7568000.0,153.02999877929688
2019-03-26,155.60000610351562,153.77000427246094,153.77000427246094,155.3000030517578,15594400.0,155.3000030517578
2019-03-27,155.86000061035156,153.36000061035156,155.47000122070312,154.22000122070312,12253800.0,154.22000122070312
2019-03-28,155.0800018310547,153.61000061035156,154.92999267578125,154.6699981689453,16902200.0,154.6699981689453
2019-03-29,156.2899932861328,154.92999267578125,155.72999572753906,156.19000244140625,12164400.0,156.19000244140625
2019-04-01,157.72999572753906,156.5500030517578,157.52999877929688,157.25999450683594,6420100.0,157.25999450683594
