Date,High,Low,Open,Close,Volume,Adj Close
2017-02-03,20081.48046875,19964.2109375,19964.2109375,20071.4609375,344220000,20071.4609375
2017-02-06,20094.94921875,20002.810546875,20025.609375,20052.419921875,281720000,20052.419921875
2017-02-07,20155.349609375,20068.6796875,20107.619140625,20090.2890625,279670000,20090.2890625
2017-02-08,20068.279296875,20015.330078125,20049.2890625,20054.33984375,280410000,20054.33984375
2017-02-09,20206.359375,20061.73046875,20061.73046875,20172.400390625,325310000,20172.400390625
2017-02-10,20298.2109375,20204.759765625,20211.23046875,20269.369140625,312230000,20269.369140625
2017-02-13,20441.48046875,20322.94921875,20338.5390625,20412.16015625,314620000,20412.16015625
2017-02-14,20504.41015625,20374.01953125,20374.220703125,20504.41015625,356580000,20504.41015625
2017-02-15,20620.44921875,20496.029296875,20504.26953125,20611.859375,384380000,20611.859375
2017-02-16,20639.869140625,20556.830078125,20627.310546875,20619.76953125,354120000,20619.76953125
2017-02-17,20624.05078125,20532.609375,20564.130859375,20624.05078125,340620000,20624.05078125
2017-02-21,20757.640625,20663.369140625,20663.4296875,20743.0,336880000,20743.0
2017-02-22,20781.58984375,20692.390625,20715.41015625,20775.599609375,310530000,20775.599609375
2017-02-23,20840.69921875,20746.41015625,20817.2109375,20810.3203125,302110000,20810.3203125
2017-02-24,20821.759765625,20733.94921875,20751.91015625,20821.759765625,292540000,20821.759765625
2017-02-27,20851.330078125,20774.759765625,20808.7109375,20837.439453125,256540000,20837.439453125
2017-02-28,20841.240234375,20781.2109375,20833.880859375,20812.240234375,339210000,20812.240234375
2017-03-01,21169.109375,20957.2890625,20957.2890625,21115.55078125,392820000,21115.55078125
2017-03-02,21129.19921875,20996.609375,21128.91015625,21002.970703125,319910000,21002.970703125
2017-03-03,21039.9609375,20953.859375,21008.75,21005.7109375,254420000,21005.7109375
2017-03-06,20986.4296875,20912.109375,20955.7109375,20954.33984375,266620000,20954.33984375
2017-03-07,20970.5390625,20901.259765625,20934.890625,20924.759765625,274630000,20924.759765625
2017-03-08,20951.439453125,20835.580078125,20940.439453125,20855.73046875,296780000,20855.73046875
2017-03-09,20900.5703125,20777.16015625,20864.3203125,20858.189453125,275960000,20858.189453125
2017-03-10,20940.2890625,20827.66015625,20919.009765625,20902.98046875,315430000,20902.98046875
2017-03-13,20926.060546875,20845.7109375,20899.279296875,20881.48046875,289260000,20881.48046875
2017-03-14,20874.0,20786.310546875,20848.599609375,20837.369140625,246820000,20837.369140625
2017-03-15,20977.470703125,20859.599609375,20874.779296875,20950.099609375,306590000,20950.099609375
2017-03-16,21000.109375,20893.5,20969.26953125,20934.55078125,264360000,20934.55078125
2017-03-17,20980.509765625,20911.0703125,20965.369140625,20914.619140625,535280000,20914.619140625
2017-03-20,20955.44921875,20885.69921875,20916.26953125,20905.859375,253610000,20905.859375
2017-03-21,20970.0390625,20653.259765625,20956.330078125,20668.009765625,369320000,20668.009765625
2017-03-22,20686.2109375,20578.94921875,20640.419921875,20661.30078125,325090000,20661.30078125
2017-03-23,20757.890625,20618.619140625,20645.0703125,20656.580078125,280050000,20656.580078125
2017-03-24,20718.330078125,20529.669921875,20674.44921875,20596.720703125,292980000,20596.720703125
2017-03-27,20578.4609375,20412.80078125,20488.349609375,20550.98046875,269380000,20550.98046875
2017-03-28,20735.609375,20520.099609375,20542.140625,20701.5,299670000,20701.5
2017-03-29,20684.73046875,20625.029296875,20675.75,20659.3203125,238320000,20659.3203125
2017-03-30,20753.779296875,20643.599609375,20662.7890625,20728.490234375,270900000,20728.490234375
2017-03-31,20722.58984375,20660.6796875,20700.33984375,20663.220703125,303770000,20663.220703125
2017-04-03,20692.33984375,20517.8203125,20665.169921875,20650.2109375,285670000,20650.2109375
2017-04-04,20701.2890625,20605.30078125,20634.939453125,20689.240234375,237390000,20689.240234375
2017-04-05,20887.5,20639.55078125,20745.060546875,20648.150390625,284980000,20648.150390625
2017-04-06,20746.4609375,20612.169921875,20653.76953125,20662.94921875,251720000,20662.94921875
2017-04-07,20726.0703125,20606.94921875,20647.810546875,20656.099609375,219730000,20656.099609375
2017-04-10,20750.330078125,20614.859375,20668.220703125,20658.01953125,230480000,20658.01953125
2017-04-11,20660.029296875,20512.560546875,20644.3203125,20651.30078125,255120000,20651.30078125
2017-04-12,20642.5390625,20553.029296875,20637.94921875,20591.859375,267670000,20591.859375
2017-04-13,20612.26953125,20453.25,20561.689453125,20453.25,235810000,20453.25
2017-04-17,20644.41015625,20484.75,20484.75,20636.919921875,229240000,20636.919921875
2017-04-18,20600.119140625,20462.279296875,20561.390625,20523.279296875,263180000,20523.279296875
2017-04-19,20546.689453125,20379.55078125,20503.51953125,20404.490234375,294790000,20404.490234375
2017-04-20,20629.779296875,20406.6796875,20406.6796875,20578.7109375,312440000,20578.7109375
2017-04-21,20601.400390625,20505.330078125,20578.099609375,20547.759765625,369600000,20547.759765625
2017-04-24,20792.19921875,20723.58984375,20723.58984375,20763.890625,342400000,20763.890625
2017-04-25,21026.970703125,20909.380859375,20915.509765625,20996.119140625,348180000,20996.119140625
2017-04-26,21070.900390625,20972.26953125,21009.94921875,20975.08984375,328550000,20975.08984375
2017-04-27,21005.80078125,20935.80078125,20991.119140625,20981.330078125,305690000,20981.330078125
2017-04-28,20987.759765625,20926.75,20987.390625,20940.509765625,329990000,20940.509765625
2017-05-01,20976.619140625,20898.380859375,20962.73046875,20913.4609375,288160000,20913.4609375
2017-05-02,20960.919921875,20904.060546875,20941.189453125,20949.890625,338810000,20949.890625
2017-05-03,20972.740234375,20874.1796875,20915.0,20957.900390625,310920000,20957.900390625
2017-05-04,20990.7890625,20847.94921875,20987.830078125,20951.470703125,274720000,20951.470703125
2017-05-05,21006.939453125,20905.0,20929.0390625,21006.939453125,260960000,21006.939453125
2017-05-08,21017.890625,20971.05078125,20991.259765625,21012.279296875,276150000,21012.279296875
2017-05-09,21046.849609375,20938.0390625,21022.279296875,20975.779296875,273000000,20975.779296875
2017-05-10,20976.279296875,20884.150390625,20958.490234375,20943.109375,283340000,20943.109375
2017-05-11,20933.359375,20798.900390625,20925.720703125,20919.419921875,287680000,20919.419921875
2017-05-12,20916.099609375,20869.740234375,20893.189453125,20896.609375,288500000,20896.609375
2017-05-15,21000.830078125,20923.630859375,20923.630859375,20981.939453125,313170000,20981.939453125
2017-05-16,21033.529296875,20932.880859375,20984.48046875,20979.75,311580000,20979.75
2017-05-17,20846.169921875,20601.080078125,20846.169921875,20606.9296875,423200000,20606.9296875
2017-05-18,20759.19921875,20553.44921875,20579.650390625,20663.01953125,422590000,20663.01953125
2017-05-19,20857.130859375,20687.939453125,20698.279296875,20804.83984375,365180000,20804.83984375
2017-05-22,20914.259765625,20860.16015625,20867.76953125,20894.830078125,276120000,20894.830078125
2017-05-23,20961.140625,20896.220703125,20908.669921875,20937.91015625,244950000,20937.91015625
2017-05-24,21022.8203125,20933.580078125,20949.2109375,21012.419921875,283180000,21012.419921875
2017-05-25,21112.3203125,21051.41015625,21062.9609375,21082.94921875,268970000,21082.94921875
2017-05-26,21092.8203125,21050.490234375,21070.150390625,21080.279296875,208000000,21080.279296875
2017-05-30,21063.619140625,21009.599609375,21045.490234375,21029.470703125,242810000,21029.470703125
2017-05-31,21051.69921875,20942.5703125,21048.4609375,21008.650390625,371580000,21008.650390625
2017-06-01,21144.1796875,20994.220703125,21030.55078125,21144.1796875,276730000,21144.1796875
2017-06-02,21225.0390625,21129.560546875,21142.08984375,21206.2890625,329700000,21206.2890625
2017-06-05,21224.41015625,21168.689453125,21195.029296875,21184.0390625,269790000,21184.0390625
2017-06-06,21180.470703125,21118.4609375,21145.48046875,21136.23046875,283550000,21136.23046875
2017-06-07,21189.83984375,21113.310546875,21171.5703125,21173.689453125,273400000,21173.689453125
2017-06-08,21265.689453125,21138.16015625,21169.759765625,21182.529296875,330330000,21182.529296875
2017-06-09,21305.349609375,21159.44921875,21208.9609375,21271.970703125,397200000,21271.970703125
2017-06-12,21277.080078125,21186.150390625,21259.94921875,21235.669921875,528080000,21235.669921875
2017-06-13,21332.76953125,21256.830078125,21256.830078125,21328.470703125,323510000,21328.470703125
2017-06-14,21391.970703125,21294.08984375,21342.7109375,21374.560546875,295090000,21374.560546875
2017-06-15,21367.279296875,21261.869140625,21291.689453125,21359.900390625,317200000,21359.900390625
2017-06-16,21384.419921875,21308.009765625,21335.9296875,21384.279296875,603260000,21384.279296875
2017-06-19,21528.990234375,21436.080078125,21444.75,21528.990234375,289400000,21528.990234375
2017-06-20,21535.029296875,21464.240234375,21521.25,21467.140625,310200000,21467.140625
2017-06-21,21492.619140625,21390.0,21466.390625,21410.029296875,292500000,21410.029296875
2017-06-22,21456.470703125,21394.810546875,21407.98046875,21397.2890625,270680000,21397.2890625
2017-06-23,21421.7890625,21333.890625,21380.919921875,21394.759765625,368400000,21394.759765625
2017-06-26,21506.2109375,21381.25,21434.6796875,21409.55078125,241880000,21409.55078125
2017-06-27,21440.599609375,21310.66015625,21411.189453125,21310.66015625,292170000,21310.66015625
2017-06-28,21478.75,21372.359375,21372.359375,21454.609375,271510000,21454.609375
2017-06-29,21487.380859375,21197.080078125,21487.380859375,21287.029296875,336750000,21287.029296875
2017-06-30,21426.119140625,21325.080078125,21348.599609375,21349.630859375,313260000,21349.630859375
2017-07-03,21562.75,21391.7109375,21392.30078125,21479.26953125,186810000,21479.26953125
2017-07-05,21505.359375,21404.759765625,21492.830078125,21478.169921875,273690000,21478.169921875
2017-07-06,21433.099609375,21305.380859375,21423.9296875,21320.0390625,320450000,21320.0390625
2017-07-07,21425.8203125,21350.720703125,21354.66015625,21414.33984375,242240000,21414.33984375
2017-07-10,21446.390625,21371.109375,21381.23046875,21408.51953125,270340000,21408.51953125
2017-07-11,21441.619140625,21279.30078125,21410.169921875,21409.0703125,247570000,21409.0703125
2017-07-12,21580.7890625,21467.9296875,21467.9296875,21532.140625,267870000,21532.140625
2017-07-13,21568.720703125,21512.359375,21537.189453125,21553.08984375,232270000,21553.08984375
2017-07-14,21681.529296875,21521.720703125,21532.76953125,21637.740234375,235590000,21637.740234375
2017-07-17,21661.810546875,21617.66015625,21633.970703125,21629.720703125,244780000,21629.720703125
2017-07-18,21589.939453125,21471.140625,21589.939453125,21574.73046875,251110000,21574.73046875
2017-07-19,21640.75,21565.83984375,21569.25,21640.75,253040000,21640.75
2017-07-20,21661.91015625,21576.9609375,21641.5390625,21611.779296875,313950000,21611.779296875
2017-07-21,21592.609375,21503.779296875,21591.720703125,21580.0703125,362830000,21580.0703125
2017-07-24,21577.779296875,21496.130859375,21577.779296875,21513.169921875,284080000,21513.169921875
2017-07-25,21670.619140625,21577.369140625,21638.560546875,21613.4296875,304300000,21613.4296875
2017-07-26,21742.69921875,21683.2890625,21690.380859375,21711.009765625,278240000,21711.009765625
2017-07-27,21798.470703125,21687.849609375,21717.419921875,21796.55078125,407320000,21796.55078125
2017-07-28,21841.1796875,21756.119140625,21787.509765625,21830.310546875,285630000,21830.310546875
2017-07-31,21929.80078125,21861.7109375,21863.390625,21891.119140625,307610000,21891.119140625
2017-08-01,21990.9609375,21940.810546875,21961.419921875,21963.919921875,328410000,21963.919921875
2017-08-02,22036.099609375,21967.4609375,22004.359375,22016.240234375,336820000,22016.240234375
2017-08-03,22044.849609375,21991.3203125,22007.580078125,22026.099609375,278730000,22026.099609375
2017-08-04,22092.810546875,22024.640625,22058.390625,22092.810546875,253640000,22092.810546875
2017-08-07,22121.150390625,22081.970703125,22100.19921875,22118.419921875,213010000,22118.419921875
2017-08-08,22179.109375,22057.2890625,22095.140625,22085.33984375,262000000,22085.33984375
2017-08-09,22057.189453125,21996.689453125,22022.33984375,22048.69921875,277800000,22048.69921875
2017-08-10,21988.19921875,21843.939453125,21988.19921875,21844.009765625,303310000,21844.009765625
2017-08-11,21911.08984375,21842.740234375,21883.3203125,21858.3203125,237790000,21858.3203125
2017-08-14,22019.23046875,21945.640625,21945.640625,21993.7109375,235030000,21993.7109375
2017-08-15,22038.919921875,21971.48046875,22029.91015625,21998.990234375,269070000,21998.990234375
2017-08-16,22085.7109375,22002.470703125,22031.9296875,22024.869140625,264920000,22024.869140625
2017-08-17,21984.740234375,21750.3203125,21984.740234375,21750.73046875,311030000,21750.73046875
2017-08-18,21793.349609375,21641.630859375,21724.880859375,21674.509765625,309070000,21674.509765625
2017-08-21,21718.740234375,21600.33984375,21671.359375,21703.75,277880000,21703.75
2017-08-22,21912.830078125,21738.130859375,21739.779296875,21899.890625,244980000,21899.890625
2017-08-23,21866.66015625,21808.390625,21850.26953125,21812.08984375,234810000,21812.08984375
2017-08-24,21870.109375,21765.8203125,21839.900390625,21783.400390625,228480000,21783.400390625
2017-08-25,21906.859375,21812.810546875,21819.080078125,21813.669921875,217570000,21813.669921875
2017-08-28,21861.490234375,21767.939453125,21832.5,21808.400390625,218740000,21808.400390625
2017-08-29,21879.220703125,21673.580078125,21718.0,21865.369140625,227340000,21865.369140625
2017-08-30,21914.259765625,21839.470703125,21859.759765625,21892.4296875,242840000,21892.4296875
2017-08-31,21985.759765625,21910.5,21936.009765625,21948.099609375,376790000,21948.099609375
2017-09-01,22038.970703125,21974.91015625,21981.76953125,21987.560546875,256240000,21987.560546875
2017-09-05,21921.08984375,21709.630859375,21912.369140625,21753.310546875,332840000,21753.310546875
2017-09-06,21849.240234375,21794.0703125,21815.759765625,21807.640625,318760000,21807.640625
2017-09-07,21850.009765625,21745.7109375,21820.380859375,21784.779296875,333810000,21784.779296875
2017-09-08,21846.630859375,21731.119140625,21764.4296875,21797.7890625,289400000,21797.7890625
2017-09-11,22067.099609375,21927.7890625,21927.7890625,22057.369140625,312770000,22057.369140625
2017-09-12,22134.5703125,22087.08984375,22090.560546875,22118.859375,364580000,22118.859375
2017-09-13,22158.1796875,22095.7890625,22103.470703125,22158.1796875,291890000,22158.1796875
2017-09-14,22216.439453125,22135.259765625,22144.9609375,22203.48046875,297780000,22203.48046875
2017-09-15,22275.01953125,22214.51953125,22252.439453125,22268.33984375,527540000,22268.33984375
2017-09-18,22355.619140625,22283.349609375,22297.919921875,22331.349609375,302740000,22331.349609375
2017-09-19,22386.009765625,22340.7109375,22349.69921875,22370.80078125,295570000,22370.80078125
2017-09-20,22413.259765625,22314.6796875,22351.380859375,22412.58984375,334560000,22412.58984375
2017-09-21,22419.509765625,22356.55078125,22414.01953125,22359.23046875,287390000,22359.23046875
2017-09-22,22364.310546875,22299.580078125,22334.0703125,22349.58984375,297140000,22349.58984375
2017-09-25,22359.880859375,22219.109375,22320.470703125,22296.08984375,332430000,22296.08984375
2017-09-26,22369.349609375,22279.51953125,22322.029296875,22284.3203125,285990000,22284.3203125
2017-09-27,22371.099609375,22254.9296875,22330.9296875,22340.7109375,342900000,22340.7109375
2017-09-28,22394.740234375,22288.970703125,22306.830078125,22381.19921875,263010000,22381.19921875
2017-09-29,22405.630859375,22332.9609375,22358.470703125,22405.08984375,274790000,22405.08984375
2017-10-02,22559.380859375,22416.0,22423.470703125,22557.599609375,268530000,22557.599609375
2017-10-03,22646.3203125,22562.900390625,22564.44921875,22641.669921875,238830000,22641.669921875
2017-10-04,22685.939453125,22632.80078125,22645.669921875,22661.640625,235730000,22661.640625
2017-10-05,22777.0390625,22655.140625,22669.080078125,22775.390625,246400000,22775.390625
2017-10-06,22773.669921875,22730.849609375,22762.029296875,22773.669921875,221450000,22773.669921875
2017-10-09,22803.369140625,22739.380859375,22779.73046875,22761.0703125,310770000,22761.0703125
2017-10-10,22850.509765625,22770.990234375,22784.759765625,22830.6796875,319270000,22830.6796875
2017-10-11,22872.890625,22821.66015625,22827.650390625,22872.890625,316000000,22872.890625
2017-10-12,22884.8203125,22821.130859375,22854.849609375,22841.009765625,291790000,22841.009765625
2017-10-13,22905.330078125,22855.9296875,22876.4296875,22871.720703125,259560000,22871.720703125
2017-10-16,22960.119140625,22887.119140625,22892.919921875,22956.9609375,247180000,22956.9609375
2017-10-17,23002.19921875,22948.23046875,22952.41015625,22997.439453125,273090000,22997.439453125
2017-10-18,23172.9296875,23086.75,23087.130859375,23157.599609375,271870000,23157.599609375
2017-10-19,23167.240234375,23052.669921875,23107.470703125,23163.0390625,350400000,23163.0390625
2017-10-20,23328.83984375,23201.779296875,23205.1796875,23328.630859375,474380000,23328.630859375
2017-10-23,23368.369140625,23273.9609375,23348.94921875,23273.9609375,456830000,23273.9609375
2017-10-24,23485.25,23343.23046875,23346.779296875,23441.759765625,406850000,23441.759765625
2017-10-25,23451.509765625,23251.109375,23431.08984375,23329.4609375,399560000,23329.4609375
2017-10-26,23459.83984375,23380.890625,23380.890625,23400.859375,370600000,23400.859375
2017-10-27,23449.400390625,23353.16015625,23419.16015625,23434.189453125,518870000,23434.189453125
2017-10-30,23428.75,23327.869140625,23405.75,23348.740234375,436900000,23348.740234375
2017-10-31,23406.349609375,23334.390625,23369.220703125,23377.240234375,388050000,23377.240234375
2017-11-01,23517.7109375,23388.91015625,23442.900390625,23435.009765625,361260000,23435.009765625
2017-11-02,23531.380859375,23350.98046875,23463.240234375,23516.259765625,348040000,23516.259765625
2017-11-03,23557.060546875,23481.5703125,23549.58984375,23539.189453125,312250000,23539.189453125
2017-11-06,23574.859375,23520.75,23533.9609375,23548.419921875,325190000,23548.419921875
2017-11-07,23602.119140625,23484.189453125,23574.029296875,23557.23046875,285080000,23557.23046875
2017-11-08,23575.0,23510.560546875,23542.599609375,23563.359375,264670000,23563.359375
2017-11-09,23516.740234375,23310.01953125,23492.08984375,23461.939453125,305440000,23461.939453125
2017-11-10,23452.19921875,23392.9609375,23432.7109375,23422.2109375,351280000,23422.2109375
2017-11-13,23461.6796875,23343.33984375,23367.470703125,23439.69921875,491260000,23439.69921875
2017-11-14,23414.080078125,23271.5703125,23388.400390625,23409.470703125,561330000,23409.470703125
2017-11-15,23344.990234375,23242.75,23334.58984375,23271.279296875,404300000,23271.279296875
2017-11-16,23492.189453125,23365.33984375,23365.33984375,23458.359375,402020000,23458.359375
2017-11-17,23433.76953125,23356.009765625,23433.76953125,23358.240234375,386000000,23358.240234375
2017-11-20,23456.880859375,23360.580078125,23370.7109375,23430.330078125,315330000,23430.330078125
2017-11-21,23617.80078125,23500.150390625,23500.150390625,23590.830078125,329650000,23590.830078125
2017-11-22,23605.76953125,23507.609375,23597.240234375,23526.1796875,268760000,23526.1796875
2017-11-24,23599.1796875,23551.58984375,23552.75,23557.990234375,118610000,23557.990234375
2017-11-27,23638.919921875,23545.01953125,23552.859375,23580.779296875,296320000,23580.779296875
2017-11-28,23849.609375,23617.109375,23625.189453125,23836.7109375,319240000,23836.7109375
2017-11-29,23959.759765625,23872.58984375,23883.259765625,23940.6796875,401410000,23940.6796875
2017-11-30,24327.8203125,24013.80078125,24013.80078125,24272.349609375,488200000,24272.349609375
2017-12-01,24322.060546875,23921.900390625,24305.400390625,24231.58984375,417910000,24231.58984375
2017-12-04,24534.0390625,24288.189453125,24424.109375,24290.05078125,424250000,24290.05078125
2017-12-05,24349.740234375,24155.279296875,24335.009765625,24180.640625,371190000,24180.640625
2017-12-06,24229.349609375,24134.490234375,24171.900390625,24140.91015625,312720000,24140.91015625
2017-12-07,24262.880859375,24101.240234375,24116.599609375,24211.48046875,319060000,24211.48046875
2017-12-08,24330.119140625,24225.5,24263.259765625,24329.16015625,293590000,24329.16015625
2017-12-11,24389.720703125,24314.740234375,24338.109375,24386.029296875,300580000,24386.029296875
2017-12-12,24552.970703125,24443.830078125,24452.9609375,24504.80078125,342220000,24504.80078125
2017-12-13,24666.01953125,24518.30078125,24525.189453125,24585.4296875,325280000,24585.4296875
2017-12-14,24672.48046875,24508.66015625,24631.009765625,24508.66015625,314780000,24508.66015625
2017-12-15,24688.619140625,24584.439453125,24585.7109375,24651.740234375,635740000,24651.740234375
2017-12-18,24876.0703125,24739.560546875,24739.560546875,24792.19921875,354880000,24792.19921875
2017-12-19,24850.109375,24715.599609375,24834.380859375,24754.75,335330000,24754.75
2017-12-20,24852.439453125,24697.109375,24838.08984375,24726.650390625,341790000,24726.650390625
2017-12-21,24850.91015625,24766.26953125,24778.259765625,24782.2890625,339530000,24782.2890625
2017-12-22,24784.150390625,24717.509765625,24764.0390625,24754.060546875,255140000,24754.060546875
2017-12-26,24778.130859375,24708.419921875,24715.83984375,24746.2109375,208290000,24746.2109375
2017-12-27,24789.51953125,24731.6796875,24766.51953125,24774.30078125,225890000,24774.30078125
2017-12-28,24839.23046875,24797.130859375,24807.2109375,24837.509765625,200960000,24837.509765625
2017-12-29,24871.66015625,24719.220703125,24849.630859375,24719.220703125,270760000,24719.220703125
2018-01-02,24864.189453125,24741.69921875,24809.349609375,24824.009765625,341130000,24824.009765625
2018-01-03,24941.919921875,24825.55078125,24850.44921875,24922.6796875,456790000,24922.6796875
2018-01-04,25105.9609375,24963.26953125,24964.859375,25075.130859375,403280000,25075.130859375
2018-01-05,25299.7890625,25112.009765625,25114.919921875,25295.869140625,358020000,25295.869140625
2018-01-08,25311.990234375,25235.41015625,25308.400390625,25283.0,341390000,25283.0
2018-01-09,25439.779296875,25308.41015625,25312.05078125,25385.80078125,333490000,25385.80078125
2018-01-10,25404.919921875,25256.990234375,25348.130859375,25369.130859375,341470000,25369.130859375
2018-01-11,25575.419921875,25396.189453125,25398.599609375,25574.73046875,346830000,25574.73046875
2018-01-12,25810.4296875,25633.080078125,25638.390625,25803.189453125,376390000,25803.189453125
2018-01-16,26086.119140625,25702.990234375,25987.619140625,25792.859375,606520000,25792.859375
2018-01-17,26130.44921875,25865.01953125,25910.779296875,26115.650390625,522720000,26115.650390625
2018-01-18,26153.419921875,25947.3203125,26149.55078125,26017.810546875,492780000,26017.810546875
2018-01-19,26071.720703125,25942.830078125,25987.349609375,26071.720703125,585000000,26071.720703125
2018-01-22,26215.23046875,25974.650390625,26025.3203125,26214.599609375,431200000,26214.599609375
2018-01-23,26246.189453125,26143.900390625,26214.869140625,26210.810546875,433490000,26210.810546875
2018-01-24,26392.80078125,26106.939453125,26282.0703125,26252.119140625,518790000,26252.119140625
2018-01-25,26458.25,26259.720703125,26313.060546875,26392.7890625,401390000,26392.7890625
2018-01-26,26616.7109375,26425.349609375,26466.740234375,26616.7109375,477780000,26616.7109375
2018-01-29,26608.900390625,26435.33984375,26584.279296875,26439.48046875,421000000,26439.48046875
2018-01-30,26256.990234375,26028.419921875,26198.44921875,26076.890625,448330000,26076.890625
2018-01-31,26338.029296875,26050.98046875,26268.169921875,26149.390625,479130000,26149.390625
2018-02-01,26306.69921875,26014.439453125,26083.0390625,26186.7109375,410620000,26186.7109375
2018-02-02,26061.7890625,25490.66015625,26061.7890625,25520.9609375,522880000,25520.9609375
2018-02-05,25520.529296875,23923.880859375,25337.869140625,24345.75,714450000,24345.75
2018-02-06,24946.23046875,23778.740234375,24085.169921875,24912.76953125,823940000,24912.76953125
2018-02-07,25293.9609375,24785.439453125,24892.869140625,24893.349609375,504620000,24893.349609375
2018-02-08,24903.6796875,23849.23046875,24902.30078125,23860.4609375,657500000,23860.4609375
2018-02-09,24382.140625,23360.2890625,23992.669921875,24190.900390625,735030000,24190.900390625
2018-02-12,24765.16015625,24290.48046875,24337.759765625,24601.26953125,496610000,24601.26953125
2018-02-13,24705.720703125,24421.029296875,24540.330078125,24640.44921875,374410000,24640.44921875
2018-02-14,24925.94921875,24490.359375,24535.8203125,24893.490234375,431160000,24893.490234375
2018-02-15,25203.94921875,24809.419921875,25047.8203125,25200.369140625,416780000,25200.369140625
2018-02-16,25432.419921875,25149.259765625,25165.939453125,25219.380859375,406730000,25219.380859375
2018-02-20,25179.009765625,24884.189453125,25124.91015625,24964.75,421510000,24964.75
2018-02-21,25267.990234375,24792.990234375,24988.060546875,24797.779296875,456070000,24797.779296875
2018-02-22,25156.720703125,24854.830078125,24855.41015625,24962.48046875,378900000,24962.48046875
2018-02-23,25313.91015625,25028.73046875,25050.509765625,25309.990234375,335420000,25309.990234375
2018-02-26,25732.80078125,25398.560546875,25403.349609375,25709.26953125,473360000,25709.26953125
2018-02-27,25800.349609375,25407.830078125,25735.779296875,25410.029296875,438390000,25410.029296875
2018-02-28,25576.150390625,25022.419921875,25485.150390625,25029.19921875,451870000,25029.19921875
2018-03-01,25185.349609375,24442.560546875,25024.0390625,24608.98046875,506280000,24608.98046875
2018-03-02,24592.4609375,24217.759765625,24394.91015625,24538.060546875,437130000,24538.060546875
2018-03-05,24961.0,24387.150390625,24471.310546875,24874.759765625,383910000,24874.759765625
2018-03-06,24995.240234375,24708.41015625,24965.890625,24884.119140625,331770000,24884.119140625
2018-03-07,24849.6796875,24535.119140625,24758.150390625,24801.359375,394070000,24801.359375
2018-03-08,24950.490234375,24703.05078125,24853.41015625,24895.2109375,327300000,24895.2109375
2018-03-09,25336.330078125,25004.890625,25004.890625,25335.740234375,371570000,25335.740234375
2018-03-12,25449.150390625,25152.01953125,25372.439453125,25178.609375,362580000,25178.609375
2018-03-13,25376.400390625,24947.5,25257.75,25007.029296875,447880000,25007.029296875
2018-03-14,25130.119140625,24668.830078125,25086.970703125,24758.119140625,356830000,24758.119140625
2018-03-15,25053.869140625,24753.2890625,24837.2890625,24873.66015625,316310000,24873.66015625
2018-03-16,25031.0,24857.08984375,24877.33984375,24946.509765625,654240000,24946.509765625
2018-03-19,24893.689453125,24453.140625,24893.689453125,24610.91015625,377990000,24610.91015625
2018-03-20,24803.609375,24650.640625,24650.640625,24727.26953125,342510000,24727.26953125
2018-03-21,24977.650390625,24655.400390625,24723.490234375,24682.310546875,343230000,24682.310546875
2018-03-22,24526.009765625,23938.740234375,24526.009765625,23957.890625,439280000,23957.890625
2018-03-23,24108.470703125,23509.060546875,23995.1796875,23533.19921875,482550000,23533.19921875
2018-03-26,24232.30078125,23741.220703125,23825.740234375,24202.599609375,479540000,24202.599609375
2018-03-27,24446.220703125,23708.73046875,24276.619140625,23857.7109375,524480000,23857.7109375
2018-03-28,24092.470703125,23728.669921875,23883.080078125,23848.419921875,530040000,23848.419921875
2018-03-29,24314.30078125,23928.130859375,23949.1796875,24103.109375,463550000,24103.109375
2018-04-02,24123.80078125,23344.51953125,24076.599609375,23644.189453125,509820000,23644.189453125
2018-04-03,24044.349609375,23664.330078125,23698.330078125,24033.359375,394130000,24033.359375
2018-04-04,24308.9609375,23523.16015625,23654.150390625,24264.30078125,388540000,24264.30078125
2018-04-05,24622.259765625,24313.91015625,24313.91015625,24505.220703125,347790000,24505.220703125
2018-04-06,24434.400390625,23738.19921875,24373.599609375,23932.759765625,395990000,23932.759765625
2018-04-09,24373.1796875,23954.830078125,24037.51953125,23979.099609375,380790000,23979.099609375
2018-04-10,24511.349609375,24198.94921875,24198.94921875,24408.0,368590000,24408.0
2018-04-11,24366.5703125,24150.869140625,24274.189453125,24189.44921875,286360000,24189.44921875
2018-04-12,24592.119140625,24302.8203125,24302.8203125,24483.05078125,336130000,24483.05078125
2018-04-13,24646.44921875,24243.740234375,24582.8203125,24360.140625,331890000,24360.140625
2018-04-16,24675.359375,24480.19921875,24483.150390625,24573.0390625,305070000,24573.0390625
2018-04-17,24858.970703125,24681.7890625,24681.7890625,24786.630859375,342410000,24786.630859375
2018-04-18,24832.5390625,24721.08984375,24820.849609375,24748.0703125,302030000,24748.0703125
2018-04-19,24762.48046875,24557.029296875,24711.30078125,24664.890625,381110000,24664.890625
2018-04-20,24678.0703125,24375.0390625,24657.390625,24462.939453125,537770000,24462.939453125
2018-04-23,24536.890625,24328.5390625,24488.0703125,24448.689453125,351030000,24448.689453125
2018-04-24,24579.939453125,23828.73046875,24579.939453125,24024.130859375,468180000,24024.130859375
2018-04-25,24146.33984375,23823.080078125,24070.19921875,24083.830078125,437100000,24083.830078125
2018-04-26,24402.4609375,24128.720703125,24128.720703125,24322.33984375,390360000,24322.33984375
2018-04-27,24359.380859375,24194.44921875,24342.140625,24311.189453125,392810000,24311.189453125
2018-04-30,24498.23046875,24163.080078125,24410.41015625,24163.150390625,416650000,24163.150390625
2018-05-01,24117.2890625,23808.189453125,24117.2890625,24099.05078125,380070000,24099.05078125
2018-05-02,24185.51953125,23886.30078125,24097.630859375,23924.98046875,385350000,23924.98046875
2018-05-03,23996.150390625,23531.310546875,23836.23046875,23930.150390625,389240000,23930.150390625
2018-05-04,24333.349609375,23778.869140625,23865.220703125,24262.509765625,329480000,24262.509765625
2018-05-07,24479.44921875,24263.419921875,24317.66015625,24357.3203125,307670000,24357.3203125
2018-05-08,24412.33984375,24198.33984375,24341.349609375,24360.2109375,344940000,24360.2109375
2018-05-09,24586.48046875,24323.869140625,24399.1796875,24542.5390625,361580000,24542.5390625
2018-05-10,24794.990234375,24575.91015625,24591.66015625,24739.529296875,304210000,24739.529296875
2018-05-11,24868.650390625,24717.5,24758.640625,24831.169921875,274150000,24831.169921875
2018-05-14,24994.189453125,24862.51953125,24879.369140625,24899.41015625,282860000,24899.41015625
2018-05-15,24809.55078125,24629.390625,24809.55078125,24706.41015625,301900000,24706.41015625
2018-05-16,24801.189453125,24672.7890625,24722.3203125,24768.9296875,280810000,24768.9296875
2018-05-17,24839.490234375,24639.400390625,24752.400390625,24713.98046875,314650000,24713.98046875
2018-05-18,24774.970703125,24664.869140625,24707.720703125,24715.08984375,269700000,24715.08984375
2018-05-21,25086.490234375,24883.060546875,24883.060546875,25013.2890625,308920000,25013.2890625
2018-05-22,25064.990234375,24812.060546875,25047.55078125,24834.41015625,288200000,24834.41015625
2018-05-23,24889.4609375,24667.119140625,24757.7109375,24886.810546875,399610000,24886.810546875
2018-05-24,24877.359375,24605.900390625,24877.359375,24811.759765625,347050000,24811.759765625
2018-05-25,24824.220703125,24687.810546875,24781.2890625,24753.08984375,257210000,24753.08984375
2018-05-29,24635.1796875,24247.83984375,24606.58984375,24361.44921875,395810000,24361.44921875
2018-05-30,24714.48046875,24459.08984375,24467.830078125,24667.779296875,324870000,24667.779296875
2018-05-31,24620.7890625,24352.150390625,24620.7890625,24415.83984375,429740000,24415.83984375
2018-06-01,24673.599609375,24542.08984375,24542.08984375,24635.2109375,315710000,24635.2109375
2018-06-04,24859.369140625,24722.140625,24727.55078125,24813.689453125,340400000,24813.689453125
2018-06-05,24838.779296875,24710.8203125,24820.119140625,24799.98046875,306340000,24799.98046875
2018-06-06,25146.4609375,24854.140625,24854.140625,25146.390625,316090000,25146.390625
2018-06-07,25326.08984375,25164.48046875,25192.140625,25241.41015625,357680000,25241.41015625
2018-06-08,25325.630859375,25165.69921875,25209.2890625,25316.529296875,317510000,25316.529296875
2018-06-11,25402.830078125,25290.19921875,25336.669921875,25322.310546875,276740000,25322.310546875
2018-06-12,25364.369140625,25247.0390625,25346.8203125,25320.73046875,265750000,25320.73046875
2018-06-13,25362.0703125,25191.419921875,25328.650390625,25201.19921875,329700000,25201.19921875
2018-06-14,25332.5,25138.599609375,25254.650390625,25175.310546875,341170000,25175.310546875
2018-06-15,25130.8203125,24894.380859375,25116.7109375,25090.48046875,659370000,25090.48046875
2018-06-18,25003.099609375,24825.76953125,24944.279296875,24987.470703125,337070000,24987.470703125
2018-06-19,24763.58984375,24567.75,24763.58984375,24700.2109375,376380000,24700.2109375
2018-06-20,24804.759765625,24628.390625,24771.169921875,24657.80078125,359520000,24657.80078125
2018-06-21,24639.2109375,24406.630859375,24639.2109375,24461.69921875,349570000,24461.69921875
2018-06-22,24663.1796875,24526.970703125,24526.970703125,24580.890625,473970000,24580.890625
2018-06-25,24463.73046875,24084.390625,24463.73046875,24252.80078125,439130000,24252.80078125
2018-06-26,24384.2109375,24241.220703125,24281.890625,24283.109375,301130000,24283.109375
2018-06-27,24569.01953125,24115.8203125,24303.109375,24117.58984375,313790000,24117.58984375
2018-06-28,24308.16015625,23997.2109375,24064.189453125,24216.05078125,305020000,24216.05078125
2018-06-29,24509.51953125,24269.7109375,24323.9296875,24271.41015625,329070000,24271.41015625
2018-07-02,24319.419921875,24077.560546875,24161.529296875,24307.1796875,244110000,24307.1796875
2018-07-03,24444.880859375,24150.849609375,24359.390625,24174.8203125,160960000,24174.8203125
2018-07-05,24372.80078125,24177.439453125,24285.8203125,24356.740234375,237670000,24356.740234375
2018-07-06,24520.2890625,24281.470703125,24352.470703125,24456.48046875,219450000,24456.48046875
2018-07-09,24796.51953125,24518.4296875,24519.19921875,24776.58984375,240580000,24776.58984375
2018-07-10,24945.380859375,24806.970703125,24806.970703125,24919.66015625,235040000,24919.66015625
2018-07-11,24815.16015625,24663.8203125,24789.48046875,24700.44921875,237370000,24700.44921875
2018-07-12,24939.970703125,24802.900390625,24802.900390625,24924.890625,233150000,24924.890625
2018-07-13,25043.2109375,24890.060546875,24926.0703125,25019.41015625,255520000,25019.41015625
2018-07-16,25072.41015625,24979.640625,25025.580078125,25064.359375,231270000,25064.359375
2018-07-17,25155.390625,24989.609375,25033.919921875,25119.890625,250450000,25119.890625
2018-07-18,25215.3203125,25101.119140625,25133.7890625,25199.2890625,252870000,25199.2890625
2018-07-19,25154.169921875,25052.619140625,25139.150390625,25064.5,285760000,25064.5
2018-07-20,25124.099609375,24986.349609375,25041.140625,25058.119140625,274080000,25058.119140625
2018-07-23,25081.44921875,24983.330078125,25036.900390625,25044.2890625,228820000,25044.2890625
2018-07-24,25286.619140625,25092.4296875,25092.4296875,25241.939453125,274940000,25241.939453125
2018-07-25,25432.869140625,25113.55078125,25183.69921875,25414.099609375,273670000,25414.099609375
2018-07-26,25587.240234375,25463.16015625,25468.55078125,25527.0703125,297530000,25527.0703125
2018-07-27,25580.220703125,25370.0703125,25520.51953125,25451.060546875,329680000,25451.060546875
2018-07-30,25500.16015625,25287.380859375,25439.3203125,25306.830078125,296880000,25306.830078125
2018-07-31,25490.98046875,25345.2109375,25345.2109375,25415.189453125,348700000,25415.189453125
2018-08-01,25488.80078125,25278.3203125,25461.630859375,25333.8203125,315880000,25333.8203125
2018-08-02,25360.48046875,25120.0703125,25256.44921875,25326.16015625,307700000,25326.16015625
2018-08-03,25467.900390625,25325.169921875,25360.369140625,25462.580078125,239020000,25462.580078125
2018-08-06,25540.01953125,25381.380859375,25437.4296875,25502.1796875,238990000,25502.1796875
2018-08-07,25692.720703125,25551.650390625,25551.650390625,25628.91015625,239910000,25628.91015625
2018-08-08,25634.109375,25557.48046875,25615.720703125,25583.75,217770000,25583.75
2018-08-09,25613.310546875,25492.689453125,25589.7890625,25509.23046875,214970000,25509.23046875
2018-08-10,25401.189453125,25222.880859375,25401.189453125,25313.140625,234480000,25313.140625
2018-08-13,25381.390625,25153.9296875,25327.189453125,25187.69921875,219990000,25187.69921875
2018-08-14,25339.509765625,25201.869140625,25215.689453125,25299.919921875,219210000,25299.919921875
2018-08-15,25235.369140625,24965.76953125,25235.369140625,25162.41015625,295810000,25162.41015625
2018-08-16,25607.33984375,25294.970703125,25294.970703125,25558.73046875,342430000,25558.73046875
2018-08-17,25728.16015625,25521.66015625,25550.80078125,25669.3203125,284160000,25669.3203125
2018-08-20,25790.169921875,25716.41015625,25727.69921875,25758.689453125,248570000,25758.689453125
2018-08-21,25888.8203125,25784.900390625,25786.990234375,25822.2890625,241620000,25822.2890625
2018-08-22,25836.16015625,25722.4296875,25825.060546875,25733.599609375,200480000,25733.599609375
2018-08-23,25762.560546875,25608.01953125,25714.859375,25656.98046875,213270000,25656.98046875
2018-08-24,25826.05078125,25688.580078125,25688.580078125,25790.349609375,200330000,25790.349609375
2018-08-27,26067.5703125,25882.7109375,25882.7109375,26049.640625,220510000,26049.640625
2018-08-28,26122.240234375,26037.849609375,26092.69921875,26064.01953125,211470000,26064.01953125
2018-08-29,26167.939453125,26035.30078125,26082.529296875,26124.5703125,214960000,26124.5703125
2018-08-30,26104.369140625,25934.80078125,26099.009765625,25986.919921875,240440000,25986.919921875
2018-08-31,26028.830078125,25879.76953125,25964.849609375,25964.8203125,273440000,25964.8203125
2018-09-04,25971.76953125,25805.94921875,25916.0703125,25952.48046875,254600000,25952.48046875
2018-09-05,26011.220703125,25871.0390625,25919.83984375,25974.990234375,289210000,25974.990234375
2018-09-06,26073.6796875,25880.83984375,25973.01953125,25995.869140625,262380000,25995.869140625
2018-09-07,26002.990234375,25818.390625,25951.01953125,25916.5390625,281350000,25916.5390625
2018-09-10,26039.9609375,25854.130859375,25991.91015625,25857.0703125,252170000,25857.0703125
2018-09-11,26019.919921875,25754.3203125,25841.140625,25971.060546875,265960000,25971.060546875
2018-09-12,26145.720703125,25929.4296875,25989.0703125,25998.919921875,282770000,25998.919921875
2018-09-13,26191.640625,26067.080078125,26083.939453125,26145.990234375,260800000,26145.990234375
2018-09-14,26211.109375,26068.2890625,26169.560546875,26154.669921875,228640000,26154.669921875
2018-09-17,26184.470703125,26030.349609375,26151.66015625,26062.119140625,230230000,26062.119140625
2018-09-18,26317.33984375,26076.2109375,26076.2109375,26246.9609375,243000000,26246.9609375
2018-09-19,26464.41015625,26280.759765625,26287.83984375,26405.759765625,251330000,26405.759765625
2018-09-20,26697.490234375,26519.390625,26519.390625,26656.98046875,260480000,26656.98046875
2018-09-21,26769.16015625,26680.369140625,26726.25,26743.5,657620000,26743.5
2018-09-24,26709.939453125,26548.6796875,26705.25,26562.05078125,254850000,26562.05078125
2018-09-25,26634.849609375,26475.580078125,26601.580078125,26492.2109375,234110000,26492.2109375
2018-09-26,26606.08984375,26349.33984375,26536.859375,26385.279296875,262620000,26385.279296875
2018-09-27,26557.009765625,26379.94921875,26418.26953125,26439.9296875,226350000,26439.9296875
2018-09-28,26515.759765625,26383.5703125,26407.66015625,26458.310546875,264030000,26458.310546875
2018-10-01,26737.98046875,26596.05078125,26598.359375,26651.2109375,238320000,26651.2109375
2018-10-02,26824.779296875,26627.66015625,26648.91015625,26773.939453125,258290000,26773.939453125
2018-10-03,26951.810546875,26789.080078125,26833.470703125,26828.390625,280130000,26828.390625
2018-10-04,26793.8203125,26471.609375,26784.080078125,26627.48046875,289600000,26627.48046875
2018-10-05,26676.16015625,26301.810546875,26632.76953125,26447.05078125,267100000,26447.05078125
2018-10-08,26529.349609375,26223.08984375,26399.44921875,26486.779296875,273020000,26486.779296875
2018-10-09,26539.939453125,26324.16015625,26469.189453125,26430.5703125,282560000,26430.5703125
2018-10-10,26487.869140625,25567.099609375,26441.73046875,25598.740234375,438200000,25598.740234375
2018-10-11,25683.640625,24899.76953125,25518.390625,25052.830078125,522880000,25052.830078125
2018-10-12,25467.55078125,25000.830078125,25407.630859375,25339.990234375,397510000,25339.990234375
2018-10-15,25482.419921875,25243.880859375,25332.4609375,25250.55078125,287320000,25250.55078125
2018-10-16,25817.6796875,25351.529296875,25351.529296875,25798.419921875,305800000,25798.419921875
2018-10-17,25810.08984375,25479.16015625,25705.869140625,25706.6796875,298210000,25706.6796875
2018-10-18,25691.4609375,25236.009765625,25645.560546875,25379.44921875,328020000,25379.44921875
2018-10-19,25608.7109375,25350.01953125,25421.08984375,25444.33984375,350810000,25444.33984375
2018-10-22,25561.33984375,25236.05078125,25492.140625,25317.41015625,314940000,25317.41015625
2018-10-23,25307.69921875,24768.7890625,25038.4609375,25191.4296875,436430000,25191.4296875
2018-10-24,25306.23046875,24533.189453125,25172.880859375,24583.419921875,496400000,24583.419921875
2018-10-25,25104.2890625,24645.560546875,24736.5390625,24984.55078125,439670000,24984.55078125
2018-10-26,24916.16015625,24445.189453125,24770.25,24688.310546875,505310000,24688.310546875
2018-10-29,25040.580078125,24122.23046875,24818.98046875,24442.919921875,443850000,24442.919921875
2018-10-30,24906.6796875,24415.689453125,24482.0390625,24874.640625,470050000,24874.640625
2018-10-31,25336.55078125,25008.8203125,25008.8203125,25115.759765625,448930000,25115.759765625
2018-11-01,25396.470703125,25108.109375,25142.080078125,25380.740234375,383970000,25380.740234375
2018-11-02,25578.98046875,25078.720703125,25443.599609375,25270.830078125,429480000,25270.830078125
2018-11-05,25507.349609375,25261.470703125,25261.470703125,25461.69921875,334740000,25461.69921875
2018-11-06,25651.859375,25444.900390625,25452.830078125,25635.009765625,265450000,25635.009765625
2018-11-07,26200.140625,25765.880859375,25788.4609375,26180.30078125,361780000,26180.30078125
2018-11-08,26277.8203125,26081.900390625,26139.58984375,26191.220703125,295650000,26191.220703125
2018-11-09,26161.490234375,25882.91015625,26149.109375,25989.30078125,324450000,25989.30078125
2018-11-12,25966.7109375,25340.509765625,25959.330078125,25387.1796875,346910000,25387.1796875
2018-11-13,25511.029296875,25193.779296875,25321.2109375,25286.490234375,339690000,25286.490234375
2018-11-14,25501.2890625,24935.8203125,25388.080078125,25080.5,384240000,25080.5
2018-11-15,25354.560546875,24787.7890625,25061.48046875,25289.26953125,392750000,25289.26953125
2018-11-16,25510.23046875,25147.80078125,25242.349609375,25413.220703125,354460000,25413.220703125
2018-11-19,25392.609375,24900.98046875,25392.609375,25017.439453125,358090000,25017.439453125
2018-11-20,24707.259765625,24368.98046875,24618.6796875,24465.640625,445920000,24465.640625
2018-11-21,24669.7890625,24463.279296875,24541.650390625,24464.689453125,289370000,24464.689453125
2018-11-23,24408.80078125,24268.740234375,24336.400390625,24285.94921875,155940000,24285.94921875
2018-11-26,24673.2890625,24364.130859375,24364.130859375,24640.240234375,306280000,24640.240234375
2018-11-27,24750.73046875,24416.029296875,24557.01953125,24748.73046875,308250000,24748.73046875
2018-11-28,25368.9296875,24832.83984375,24832.83984375,25366.4296875,362160000,25366.4296875
2018-11-29,25479.0390625,25202.7890625,25343.650390625,25338.83984375,305110000,25338.83984375
2018-11-30,25549.7109375,25250.970703125,25307.140625,25538.4609375,482250000,25538.4609375
2018-12-03,25980.2109375,25670.509765625,25779.5703125,25826.4296875,388480000,25826.4296875
2018-12-04,25773.119140625,25008.109375,25752.560546875,25027.0703125,418900000,25027.0703125
2018-12-06,24951.009765625,24242.220703125,24737.419921875,24947.669921875,471690000,24947.669921875
2018-12-07,25095.619140625,24284.779296875,24918.8203125,24388.94921875,398230000,24388.94921875
2018-12-10,24500.810546875,23881.369140625,24360.94921875,24423.259765625,389690000,24423.259765625
2018-12-11,24791.259765625,24221.060546875,24719.91015625,24370.240234375,342960000,24370.240234375
2018-12-12,24828.2890625,24509.08984375,24509.08984375,24527.26953125,344330000,24527.26953125
2018-12-13,24740.9609375,24473.2890625,24575.859375,24597.380859375,299970000,24597.380859375
2018-12-14,24431.140625,24033.7890625,24408.0390625,24100.509765625,416940000,24100.509765625
2018-12-17,24088.080078125,23456.880859375,23986.830078125,23592.98046875,466740000,23592.98046875
2018-12-18,23927.76953125,23516.01953125,23769.130859375,23675.640625,408070000,23675.640625
2018-12-19,24057.33984375,23162.640625,23693.330078125,23323.66015625,503550000,23323.66015625
2018-12-20,23282.19921875,22644.310546875,23224.119140625,22859.599609375,576700000,22859.599609375
2018-12-21,23254.58984375,22396.33984375,22871.740234375,22445.369140625,900510000,22445.369140625
2018-12-24,22339.869140625,21792.19921875,22317.279296875,21792.19921875,308420000,21792.19921875
2018-12-26,22878.919921875,21712.529296875,21857.73046875,22878.44921875,433080000,22878.44921875
2018-12-27,23138.890625,22267.419921875,22629.060546875,23138.8203125,407940000,23138.8203125
2018-12-28,23381.880859375,22981.330078125,23213.609375,23062.400390625,336510000,23062.400390625
2018-12-31,23333.1796875,23118.30078125,23153.939453125,23327.4609375,288830000,23327.4609375
2019-01-02,23413.470703125,22928.58984375,23058.609375,23346.240234375,321570000,23346.240234375
2019-01-03,23176.390625,22638.41015625,23176.390625,22686.220703125,424240000,22686.220703125
2019-01-04,23518.640625,22894.919921875,22894.919921875,23433.16015625,396020000,23433.16015625
2019-01-07,23687.740234375,23301.58984375,23474.259765625,23531.349609375,334200000,23531.349609375
2019-01-08,23864.650390625,23581.44921875,23680.3203125,23787.44921875,317420000,23787.44921875
2019-01-09,24084.7109375,23703.16015625,23844.26953125,23879.119140625,324570000,23879.119140625
2019-01-10,24014.779296875,23703.25,23811.109375,24001.919921875,338150000,24001.919921875
2019-01-11,23996.3203125,23798.16015625,23940.009765625,23995.94921875,262650000,23995.94921875
2019-01-14,23964.900390625,23765.240234375,23880.529296875,23909.83984375,277560000,23909.83984375
2019-01-15,24099.140625,23887.9296875,23914.109375,24065.58984375,291570000,24065.58984375
2019-01-16,24288.609375,24119.720703125,24139.91015625,24207.16015625,302830000,24207.16015625
2019-01-17,24474.4609375,24088.900390625,24147.08984375,24370.099609375,288590000,24370.099609375
2019-01-18,24750.220703125,24459.029296875,24534.189453125,24706.349609375,372970000,24706.349609375
2019-01-22,24607.759765625,24244.310546875,24607.759765625,24404.48046875,338480000,24404.48046875
2019-01-23,24700.98046875,24307.169921875,24577.25,24575.619140625,318600000,24575.619140625
2019-01-24,24626.30078125,24422.73046875,24579.9609375,24553.240234375,320170000,24553.240234375
2019-01-25,24860.150390625,24676.75,24687.2109375,24737.19921875,376890000,24737.19921875
2019-01-28,24596.98046875,24323.939453125,24596.98046875,24528.220703125,347170000,24528.220703125
2019-01-29,24674.869140625,24504.0390625,24519.619140625,24579.9609375,330870000,24579.9609375
2019-01-30,25109.619140625,24790.900390625,24826.51953125,25014.859375,397330000,25014.859375
2019-01-31,25049.619140625,24842.08984375,24954.48046875,24999.669921875,507350000,24999.669921875
2019-02-01,25193.150390625,24982.490234375,25025.310546875,25063.890625,372090000,25063.890625
2019-02-04,25239.91015625,24977.669921875,25062.119140625,25239.369140625,298540000,25239.369140625
2019-02-05,25427.3203125,25287.650390625,25287.9296875,25411.51953125,310650000,25411.51953125
2019-02-06,25439.0390625,25312.060546875,25371.5703125,25390.30078125,247590000,25390.30078125
2019-02-07,25314.259765625,25000.51953125,25265.810546875,25169.529296875,295460000,25169.529296875
2019-02-08,25106.390625,24883.0390625,25042.359375,25106.330078125,248210000,25106.330078125
2019-02-11,25196.75,25009.099609375,25142.810546875,25053.109375,241700000,25053.109375
2019-02-12,25458.98046875,25152.029296875,25152.029296875,25425.759765625,278110000,25425.759765625
2019-02-13,25625.94921875,25480.859375,25480.859375,25543.26953125,263330000,25543.26953125
2019-02-14,25558.900390625,25308.08984375,25460.650390625,25439.390625,313010000,25439.390625
2019-02-15,25883.720703125,25564.630859375,25564.630859375,25883.25,328530000,25883.25
2019-02-19,25961.439453125,25820.009765625,25849.849609375,25891.3203125,280620000,25891.3203125
2019-02-20,25986.19921875,25846.48046875,25872.259765625,25954.439453125,287880000,25954.439453125
2019-02-21,25938.880859375,25762.2109375,25922.41015625,25850.630859375,255710000,25850.630859375
2019-02-22,26052.900390625,25906.26953125,25906.26953125,26031.810546875,279760000,26031.810546875
2019-02-25,26241.419921875,26080.66015625,26126.150390625,26091.94921875,281600000,26091.94921875
2019-02-26,26155.2890625,25966.009765625,26051.609375,26057.98046875,257850000,26057.98046875
2019-02-27,26039.6796875,25877.240234375,25995.599609375,25985.16015625,255380000,25985.16015625
2019-02-28,26029.2109375,25896.560546875,25984.279296875,25916.0,338520000,25916.0
2019-03-01,26143.919921875,25914.369140625,26019.669921875,26026.3203125,289890000,26026.3203125
2019-03-04,26155.98046875,25611.55078125,26122.189453125,25819.650390625,295510000,25819.650390625
2019-03-05,25877.150390625,25725.630859375,25829.0703125,25806.630859375,252260000,25806.630859375
2019-03-06,25837.609375,25633.7109375,25818.759765625,25673.4609375,256250000,25673.4609375
2019-03-07,25645.44921875,25352.55078125,25645.44921875,25473.23046875,289140000,25473.23046875
2019-03-08,25466.140625,25252.4609375,25347.380859375,25450.240234375,270500000,25450.240234375
2019-03-11,25661.630859375,25208.0,25208.0,25650.880859375,309790000,25650.880859375
2019-03-12,25675.439453125,25522.169921875,25600.30078125,25554.66015625,317730000,25554.66015625
2019-03-13,25776.490234375,25571.310546875,25637.23046875,25702.890625,331410000,25702.890625
2019-03-14,25752.83984375,25621.310546875,25692.310546875,25709.939453125,302790000,25709.939453125
2019-03-15,25927.91015625,25649.69921875,25720.9609375,25848.869140625,616910000,25848.869140625
2019-03-18,25924.76953125,25785.66015625,25801.880859375,25914.099609375,399530000,25914.099609375
2019-03-19,26109.6796875,25814.919921875,25987.869140625,25887.380859375,342250000,25887.380859375
2019-03-20,25929.51953125,25670.630859375,25867.7890625,25745.669921875,321980000,25745.669921875
2019-03-21,26009.900390625,25657.779296875,25688.439453125,25962.509765625,335250000,25962.509765625
2019-03-22,25877.009765625,25501.44921875,25844.650390625,25502.3203125,386510000,25502.3203125
2019-03-25,25603.26953125,25372.259765625,25490.720703125,25516.830078125,303120000,25516.830078125
2019-03-26,25796.2890625,25544.779296875,25649.560546875,25657.73046875,305110000,25657.73046875
2019-03-27,25758.169921875,25425.26953125,25676.33984375,25625.58984375,270340000,25625.58984375
2019-03-28,25743.41015625,25576.689453125,25693.3203125,25717.4609375,237170000,25717.4609375
2019-03-29,25949.3203125,25771.669921875,25827.310546875,25928.6796875,300620000,25928.6796875
2019-04-01,26280.900390625,26071.689453125,26075.099609375,26258.419921875,295570000,26258.419921875
2019-04-02,26221.240234375,26122.310546875,26213.55078125,26179.130859375,250940000,26179.130859375
2019-04-03,26282.169921875,26138.470703125,26238.029296875,26218.130859375,271980000,26218.130859375
2019-04-04,26398.900390625,26212.779296875,26213.419921875,26384.630859375,233040000,26384.630859375
2019-04-05,26487.5703125,26370.8203125,26427.560546875,26424.990234375,229550000,26424.990234375
2019-04-08,26344.650390625,26246.029296875,26312.669921875,26341.01953125,229380000,26341.01953125
2019-04-09,26246.33984375,26103.140625,26243.5390625,26150.580078125,244410000,26150.580078125
2019-04-10,26209.490234375,26101.240234375,26173.7109375,26157.16015625,203130000,26157.16015625
2019-04-11,26229.880859375,26062.58984375,26188.2109375,26143.05078125,211680000,26143.05078125
2019-04-12,26436.6796875,26309.720703125,26357.7890625,26412.30078125,369910000,26412.30078125
2019-04-15,26424.849609375,26316.419921875,26407.759765625,26384.76953125,250620000,26384.76953125
2019-04-16,26530.7109375,26397.189453125,26482.189453125,26452.66015625,302340000,26452.66015625
2019-04-17,26501.01953125,26391.859375,26468.529296875,26449.5390625,367780000,26449.5390625
2019-04-18,26602.419921875,26444.529296875,26463.369140625,26559.5390625,332850000,26559.5390625
2019-04-22,26553.05078125,26458.609375,26510.76953125,26511.05078125,232570000,26511.05078125
2019-04-23,26695.9609375,26503.560546875,26513.830078125,26656.390625,311690000,26656.390625
2019-04-24,26680.580078125,26582.859375,26652.560546875,26597.05078125,283370000,26597.05078125
2019-04-25,26536.48046875,26310.279296875,26426.369140625,26462.080078125,296730000,26462.080078125
2019-04-26,26543.560546875,26392.55078125,26454.619140625,26543.330078125,317290000,26543.330078125
2019-04-29,26602.5390625,26520.75,26559.869140625,26554.390625,279450000,26554.390625
2019-04-30,26614.0390625,26419.470703125,26594.560546875,26592.91015625,340320000,26592.91015625
2019-05-01,26689.390625,26426.380859375,26639.060546875,26430.140625,303850000,26430.140625
2019-05-02,26454.689453125,26180.359375,26407.150390625,26307.7890625,287610000,26307.7890625
2019-05-03,26534.9609375,26370.08984375,26379.140625,26504.94921875,248900000,26504.94921875
2019-05-06,26476.26953125,26033.94921875,26160.619140625,26438.48046875,283020000,26438.48046875
2019-05-07,26276.900390625,25789.7109375,26276.900390625,25965.08984375,334960000,25965.08984375
2019-05-08,26118.099609375,25889.41015625,25933.7890625,25967.330078125,276420000,25967.330078125
2019-05-09,25884.890625,25517.390625,25878.849609375,25828.359375,334760000,25828.359375
2019-05-10,26019.3203125,25469.859375,25763.720703125,25942.369140625,294580000,25942.369140625
2019-05-13,25568.060546875,25222.509765625,25568.060546875,25324.990234375,361240000,25324.990234375
2019-05-14,25688.9609375,25384.029296875,25384.029296875,25532.05078125,291570000,25532.05078125
2019-05-15,25724.890625,25341.939453125,25400.130859375,25648.01953125,270720000,25648.01953125
2019-05-16,25957.630859375,25692.140625,25692.140625,25862.6796875,320960000,25862.6796875
2019-05-17,25948.740234375,25657.779296875,25719.94921875,25764.0,283760000,25764.0
2019-05-20,25751.7109375,25560.55078125,25655.310546875,25679.900390625,279560000,25679.900390625
2019-05-21,25898.26953125,25779.609375,25782.33984375,25877.330078125,260870000,25877.330078125
2019-05-22,25878.2109375,25755.109375,25818.4609375,25776.609375,241760000,25776.609375
2019-05-23,25657.990234375,25328.08984375,25657.990234375,25490.470703125,316940000,25490.470703125
2019-05-24,25670.810546875,25496.19921875,25551.0703125,25585.689453125,201370000,25585.689453125
2019-05-28,25717.630859375,25342.279296875,25616.55078125,25347.76953125,358980000,25347.76953125
2019-05-29,25231.4609375,24938.240234375,25231.4609375,25126.41015625,298930000,25126.41015625
2019-05-30,25218.5390625,25066.75,25139.939453125,25169.880859375,215240000,25169.880859375
2019-05-31,25046.310546875,24809.509765625,25046.310546875,24815.0390625,292230000,24815.0390625
2019-06-03,24935.2109375,24680.5703125,24830.16015625,24819.779296875,328240000,24819.779296875
2019-06-04,25343.76953125,24962.8203125,24962.8203125,25332.1796875,281690000,25332.1796875
2019-06-05,25544.66015625,25373.580078125,25451.0,25539.5703125,262660000,25539.5703125
2019-06-06,25800.30078125,25518.05078125,25567.44921875,25720.66015625,248070000,25720.66015625
2019-06-07,26072.75,25768.720703125,25768.720703125,25983.939453125,263010000,25983.939453125
2019-06-10,26210.609375,26054.310546875,26090.220703125,26062.6796875,249280000,26062.6796875
2019-06-11,26248.669921875,25998.869140625,26180.58984375,26048.509765625,253490000,26048.509765625
2019-06-12,26082.099609375,25958.66015625,26040.30078125,26004.830078125,223690000,26004.830078125
2019-06-13,26146.91015625,25995.7109375,26036.939453125,26106.76953125,213400000,26106.76953125
2019-06-14,26162.279296875,25988.08984375,26076.359375,26089.609375,208020000,26089.609375
2019-06-17,26165.779296875,26049.80078125,26108.529296875,26112.529296875,199500000,26112.529296875
2019-06-18,26527.189453125,26227.759765625,26228.880859375,26465.5390625,273490000,26465.5390625
2019-06-19,26569.75,26415.05078125,26490.16015625,26504.0,240950000,26504.0
2019-06-20,26798.630859375,26539.689453125,26665.380859375,26753.169921875,278170000,26753.169921875
2019-06-21,26907.369140625,26705.869140625,26749.119140625,26719.130859375,485560000,26719.130859375
2019-06-24,26806.51953125,26723.369140625,26727.609375,26727.5390625,232390000,26727.5390625
2019-06-25,26752.310546875,26527.66015625,26731.609375,26548.220703125,282160000,26548.220703125
2019-06-26,26660.0390625,26536.330078125,26599.419921875,26536.8203125,274340000,26536.8203125
2019-06-27,26607.240234375,26465.3203125,26523.720703125,26526.580078125,246930000,26526.580078125
2019-06-28,26638.349609375,26522.26953125,26605.9296875,26599.9609375,499350000,26599.9609375
2019-07-01,26890.640625,26616.2109375,26805.859375,26717.4296875,267670000,26717.4296875
2019-07-02,26787.560546875,26632.650390625,26719.529296875,26786.6796875,219270000,26786.6796875
2019-07-03,26966.0,26831.439453125,26832.3203125,26966.0,149840000,26966.0
2019-07-05,26950.810546875,26733.330078125,26867.75,26922.119140625,192170000,26922.119140625
2019-07-08,26839.140625,26744.869140625,26835.640625,26806.140625,214290000,26806.140625
2019-07-09,26807.69921875,26665.5703125,26725.119140625,26783.490234375,218330000,26783.490234375
2019-07-10,26983.44921875,26813.109375,26851.9609375,26860.19921875,207990000,26860.19921875
2019-07-11,27088.44921875,26916.3203125,26950.16015625,27088.080078125,252300000,27088.080078125
2019-07-12,27333.7890625,27135.44921875,27139.490234375,27332.029296875,248390000,27332.029296875
2019-07-15,27364.689453125,27294.169921875,27364.689453125,27359.16015625,199730000,27359.16015625
2019-07-16,27398.6796875,27290.240234375,27349.3203125,27335.630859375,226000000,27335.630859375
2019-07-17,27343.060546875,27218.380859375,27320.91015625,27219.849609375,193930000,27219.849609375
2019-07-18,27266.810546875,27068.7890625,27191.98046875,27222.970703125,216070000,27222.970703125
2019-07-19,27342.9609375,27145.779296875,27246.380859375,27154.19921875,287690000,27154.19921875
2019-07-22,27227.76953125,27088.900390625,27174.1796875,27171.900390625,216310000,27171.900390625
2019-07-23,27368.810546875,27204.580078125,27231.859375,27349.189453125,248850000,27349.189453125
2019-07-24,27291.0390625,27191.119140625,27262.240234375,27269.970703125,244320000,27269.970703125
2019-07-25,27298.4296875,27062.48046875,27247.390625,27140.98046875,241420000,27140.98046875
2019-07-26,27213.69921875,27123.25,27166.0,27192.44921875,233650000,27192.44921875
2019-07-29,27275.849609375,27178.060546875,27192.240234375,27221.349609375,250850000,27221.349609375
2019-07-30,27224.359375,27069.859375,27145.390625,27198.01953125,293250000,27198.01953125
2019-07-31,27281.650390625,26719.599609375,27244.669921875,26864.26953125,385150000,26864.26953125
2019-08-01,27175.58984375,26548.7109375,26879.859375,26583.419921875,386320000,26583.419921875
2019-08-02,26570.01953125,26249.220703125,26528.66015625,26485.009765625,327640000,26485.009765625
2019-08-05,26259.23046875,25523.380859375,26259.23046875,25717.740234375,422240000,25717.740234375
2019-08-06,26038.6796875,25710.869140625,25810.619140625,26029.51953125,318160000,26029.51953125
2019-08-07,26073.2109375,25440.390625,25814.220703125,26007.0703125,344790000,26007.0703125
2019-08-08,26383.609375,26038.099609375,26086.51953125,26378.189453125,282530000,26378.189453125
2019-08-09,26413.359375,26097.640625,26337.08984375,26287.439453125,240260000,26287.439453125
2019-08-12,26178.94921875,25824.939453125,26169.91015625,25896.439453125,199390000,25896.439453125
2019-08-13,26426.970703125,25833.25,25888.880859375,26279.91015625,308900000,26279.91015625
2019-08-14,26035.080078125,25471.58984375,26035.080078125,25479.419921875,352250000,25479.419921875
2019-08-15,25639.689453125,25339.599609375,25514.25,25579.390625,332600000,25579.390625
2019-08-16,25929.650390625,25678.169921875,25678.169921875,25886.009765625,276210000,25886.009765625
2019-08-19,26222.3203125,26020.060546875,26020.060546875,26135.7890625,252640000,26135.7890625
2019-08-20,26160.119140625,25952.0,26086.859375,25962.439453125,238100000,25962.439453125
2019-08-21,26268.3203125,26141.76953125,26145.359375,26202.73046875,208790000,26202.73046875
2019-08-22,26388.779296875,26099.009765625,26271.640625,26252.240234375,222810000,26252.240234375
2019-08-23,26320.2890625,25507.1796875,26134.2109375,25628.900390625,364260000,25628.900390625
2019-08-26,25941.25,25716.390625,25826.05078125,25898.830078125,222780000,25898.830078125
2019-08-27,26054.01953125,25721.849609375,26014.4609375,25777.900390625,263530000,25777.900390625
2019-08-28,26041.5703125,25637.4296875,25712.990234375,26036.099609375,207070000,26036.099609375
2019-08-29,26408.83984375,26185.7109375,26249.08984375,26362.25,208650000,26362.25
2019-08-30,26514.619140625,26295.58984375,26476.390625,26403.279296875,2190810000,26403.279296875
2019-09-03,26198.259765625,25978.220703125,26198.259765625,26118.01953125,223210000,26118.01953125
2019-09-04,26362.349609375,26244.439453125,26301.990234375,26355.470703125,202710000,26355.470703125
2019-09-05,26836.30078125,26603.150390625,26603.150390625,26728.150390625,256670000,26728.150390625
2019-09-06,26860.869140625,26708.390625,26790.25,26797.4609375,209700000,26797.4609375
2019-09-09,26900.830078125,26762.1796875,26866.23046875,26835.509765625,273120000,26835.509765625
2019-09-10,26909.4296875,26717.05078125,26805.830078125,26909.4296875,322340000,26909.4296875
2019-09-11,27137.0390625,26885.48046875,26928.05078125,27137.0390625,272590000,27137.0390625
2019-09-12,27306.73046875,27105.009765625,27197.3203125,27182.44921875,250010000,27182.44921875
2019-09-13,27277.55078125,27193.94921875,27216.669921875,27219.51953125,255260000,27219.51953125
2019-09-16,27172.869140625,27032.560546875,27146.060546875,27076.8203125,220620000,27076.8203125
2019-09-17,27110.80078125,26984.140625,27010.119140625,27110.80078125,223580000,27110.80078125
2019-09-18,27161.9296875,26899.150390625,27075.390625,27147.080078125,212860000,27147.080078125
2019-09-19,27272.169921875,27064.2109375,27186.05078125,27094.7890625,212360000,27094.7890625
2019-09-20,27194.75,26926.6796875,27102.1796875,26935.0703125,497640000,26935.0703125
2019-09-23,27011.0703125,26831.33984375,26851.44921875,26949.990234375,204240000,26949.990234375
2019-09-24,27079.6796875,26704.9609375,27034.0703125,26807.76953125,301750000,26807.76953125
2019-09-25,27016.560546875,26755.859375,26866.7109375,26970.7109375,237220000,26970.7109375
2019-09-26,27015.0703125,26803.83984375,27004.109375,26891.119140625,229180000,26891.119140625
2019-09-27,27012.5390625,26715.8203125,26987.259765625,26820.25,217780000,26820.25
2019-09-30,26998.859375,26852.330078125,26852.330078125,26916.830078125,222680000,26916.830078125
2019-10-01,27046.2109375,26562.220703125,26962.5390625,26573.0390625,260110000,26573.0390625
2019-10-02,26438.0390625,25974.119140625,26425.859375,26078.619140625,309640000,26078.619140625
2019-10-03,26205.19921875,25743.4609375,26039.01953125,26201.0390625,241610000,26201.0390625
2019-10-04,26590.740234375,26271.69921875,26271.69921875,26573.720703125,221310000,26573.720703125
2019-10-07,26655.83984375,26424.5390625,26502.330078125,26478.01953125,195200000,26478.01953125
2019-10-08,26421.810546875,26139.80078125,26276.58984375,26164.0390625,244590000,26164.0390625
2019-10-09,26424.310546875,26249.75,26308.23046875,26346.009765625,190060000,26346.009765625
2019-10-10,26603.310546875,26314.509765625,26317.349609375,26496.669921875,217680000,26496.669921875
2019-10-11,27013.970703125,26694.19921875,26694.19921875,26816.58984375,282080000,26816.58984375
2019-10-14,26874.330078125,26749.1796875,26766.4296875,26787.359375,178620000,26787.359375
2019-10-15,27120.109375,26811.19921875,26811.19921875,27024.80078125,245510000,27024.80078125
2019-10-16,27058.33984375,26943.2890625,26972.310546875,27001.98046875,214660000,27001.98046875
2019-10-17,27112.16015625,26970.2890625,27032.380859375,27025.880859375,222540000,27025.880859375
2019-10-18,27018.25,26770.130859375,27004.490234375,26770.19921875,288970000,26770.19921875
2019-10-21,26852.669921875,26747.619140625,26852.669921875,26827.640625,241030000,26827.640625
2019-10-22,26946.640625,26782.609375,26850.4296875,26788.099609375,265510000,26788.099609375
2019-10-23,26896.890625,26745.0,26835.240234375,26833.94921875,247680000,26833.94921875
2019-10-24,26931.779296875,26714.33984375,26893.9296875,26805.529296875,253590000,26805.529296875
2019-10-25,27015.369140625,26765.6796875,26789.609375,26958.060546875,274610000,26958.060546875
2019-10-28,27167.880859375,27028.7109375,27040.330078125,27090.720703125,290770000,27090.720703125
2019-10-29,27165.939453125,27039.759765625,27061.0703125,27071.4609375,269610000,27071.4609375
2019-10-30,27204.359375,26999.640625,27110.7109375,27186.689453125,231750000,27186.689453125
2019-10-31,27188.369140625,26918.2890625,27188.369140625,27046.23046875,270910000,27046.23046875
2019-11-01,27347.4296875,27142.94921875,27142.94921875,27347.359375,270870000,27347.359375
2019-11-04,27517.580078125,27402.060546875,27402.060546875,27462.109375,273030000,27462.109375
2019-11-05,27560.359375,27453.55078125,27500.23046875,27492.630859375,286350000,27492.630859375
2019-11-06,27526.05078125,27407.810546875,27502.740234375,27492.560546875,237910000,27492.560546875
2019-11-07,27774.669921875,27590.16015625,27590.16015625,27674.80078125,259020000,27674.80078125
2019-11-08,27694.94921875,27578.970703125,27686.19921875,27681.240234375,221440000,27681.240234375
2019-11-11,27714.390625,27517.669921875,27580.66015625,27691.490234375,202350000,27691.490234375
2019-11-12,27770.859375,27635.3203125,27701.58984375,27691.490234375,213670000,27691.490234375
2019-11-13,27806.400390625,27587.19921875,27622.0390625,27783.58984375,278390000,27783.58984375
2019-11-14,27800.7109375,27676.970703125,27757.19921875,27781.9609375,303970000,27781.9609375
2019-11-15,28004.890625,27843.5390625,27843.5390625,28004.890625,283720000,28004.890625
2019-11-18,28040.970703125,27969.240234375,27993.220703125,28036.220703125,252320000,28036.220703125
2019-11-19,28090.2109375,27894.51953125,28079.759765625,27934.01953125,245890000,27934.01953125
2019-11-20,27897.279296875,27675.279296875,27879.55078125,27821.08984375,258140000,27821.08984375
2019-11-21,27828.330078125,27708.33984375,27820.279296875,27766.2890625,232020000,27766.2890625
2019-11-22,27898.4609375,27773.98046875,27831.23046875,27875.619140625,214780000,27875.619140625
2019-11-25,28068.689453125,27917.76953125,27917.76953125,28066.470703125,248420000,28066.470703125
2019-11-26,28146.01953125,28042.2109375,28080.75,28121.6796875,324050000,28121.6796875
2019-11-27,28174.970703125,28075.23046875,28156.470703125,28164.0,198210000,28164.0
2019-11-29,28119.509765625,28042.529296875,28103.16015625,28051.41015625,120630000,28051.41015625
2019-12-02,28109.83984375,27782.349609375,28109.740234375,27783.0390625,236610000,27783.0390625
2019-12-03,27524.740234375,27325.130859375,27501.98046875,27502.810546875,275350000,27502.810546875
2019-12-04,27727.44921875,27612.080078125,27634.630859375,27649.779296875,218200000,27649.779296875
2019-12-05,27745.19921875,27562.80078125,27736.05078125,27677.7890625,208600000,27677.7890625
2019-12-06,28035.849609375,27839.6796875,27839.6796875,28015.060546875,223310000,28015.060546875
2019-12-09,28010.419921875,27906.140625,27987.05078125,27909.599609375,217000000,27909.599609375
2019-12-10,27949.01953125,27804.0,27900.650390625,27881.720703125,213250000,27881.720703125
2019-12-11,27925.5,27801.80078125,27867.310546875,27911.30078125,213510000,27911.30078125
2019-12-12,28224.94921875,27859.869140625,27898.33984375,28132.05078125,277740000,28132.05078125
2019-12-13,28290.73046875,28028.3203125,28123.640625,28135.380859375,250660000,28135.380859375
2019-12-16,28337.490234375,28191.669921875,28191.669921875,28235.890625,286770000,28235.890625
2019-12-17,28328.630859375,28220.560546875,28221.75,28267.16015625,286770000,28267.16015625
2019-12-18,28323.25,28239.279296875,28291.439453125,28239.279296875,289890000,28239.279296875
2019-12-19,28381.48046875,28278.240234375,28278.310546875,28376.9609375,262570000,28376.9609375
2019-12-20,28608.640625,28445.599609375,28608.640625,28455.08984375,603780000,28455.08984375
2019-12-23,28582.490234375,28491.779296875,28491.779296875,28551.529296875,223530000,28551.529296875
2019-12-24,28576.80078125,28503.2109375,28572.5703125,28515.44921875,86150000,28515.44921875
2019-12-26,28624.099609375,28535.150390625,28539.4609375,28621.390625,155970000,28621.390625
2019-12-27,28701.66015625,28608.98046875,28675.33984375,28645.259765625,182280000,28645.259765625
2019-12-30,28664.689453125,28428.98046875,28654.759765625,28462.140625,181600000,28462.140625
2019-12-31,28547.349609375,28376.490234375,28414.640625,28538.439453125,193340000,28538.439453125
2020-01-02,28872.80078125,28627.76953125,28638.970703125,28868.80078125,251820000,28868.80078125
2020-01-03,28716.310546875,28500.359375,28553.330078125,28634.880859375,239590000,28634.880859375
2020-01-06,28708.01953125,28418.630859375,28465.5,28703.380859375,252760000,28703.380859375
2020-01-07,28685.5,28565.279296875,28639.1796875,28583.6796875,258900000,28583.6796875
2020-01-08,28866.1796875,28522.509765625,28556.140625,28745.08984375,291750000,28745.08984375
2020-01-09,28988.009765625,28844.310546875,28851.970703125,28956.900390625,275060000,28956.900390625
2020-01-10,29009.0703125,28789.099609375,28977.51953125,28823.76953125,237830000,28823.76953125
2020-01-13,28909.91015625,28819.4296875,28869.009765625,28907.05078125,249830000,28907.05078125
2020-01-14,29054.16015625,28872.26953125,28895.5,28939.669921875,287440000,28939.669921875
2020-01-15,29127.58984375,28897.349609375,28901.80078125,29030.220703125,260270000,29030.220703125
2020-01-16,29300.3203125,29131.94921875,29131.94921875,29297.640625,252110000,29297.640625
2020-01-17,29373.619140625,29289.91015625,29313.310546875,29348.099609375,321820000,29348.099609375
2020-01-21,29341.2109375,29146.470703125,29269.05078125,29196.0390625,320640000,29196.0390625
2020-01-22,29320.19921875,29172.259765625,29263.630859375,29186.26953125,283440000,29186.26953125
2020-01-23,29190.470703125,28966.98046875,29111.01953125,29160.08984375,307060000,29160.08984375
2020-01-24,29288.7890625,28843.310546875,29230.390625,28989.73046875,380010000,28989.73046875
2020-01-27,28671.7890625,28440.470703125,28542.490234375,28535.80078125,337270000,28535.80078125
2020-01-28,28823.23046875,28575.75,28594.279296875,28722.849609375,330140000,28722.849609375
2020-01-29,28944.240234375,28728.189453125,28820.529296875,28734.44921875,302290000,28734.44921875
2020-01-30,28879.7109375,28489.759765625,28640.16015625,28859.439453125,326850000,28859.439453125
2020-01-31,28813.0390625,28169.529296875,28813.0390625,28256.029296875,403890000,28256.029296875
