Date,High,Low,Open,Close,Volume,Adj Close
2017-02-03,11696.9404296875,11627.98046875,11636.23046875,11651.490234375,80185400.0,11651.490234375
2017-02-06,11679.91015625,11509.580078125,11628.0302734375,11509.83984375,92395100.0,11509.83984375
2017-02-07,11606.259765625,11483.830078125,11498.490234375,11549.4404296875,70078100.0,11549.4404296875
2017-02-08,11591.259765625,11479.7802734375,11546.9296875,11543.3798828125,95316900.0,11543.3798828125
2017-02-09,11657.240234375,11548.1796875,11584.400390625,11642.8603515625,106780800.0,11642.8603515625
2017-02-10,11711.5498046875,11645.1298828125,11698.7001953125,11666.9697265625,76846100.0,11666.9697265625
2017-02-13,11812.6904296875,11684.91015625,11697.990234375,11774.4296875,76660400.0,11774.4296875
2017-02-14,11787.8203125,11752.6796875,11766.990234375,11771.8095703125,70471800.0,11771.8095703125
2017-02-15,11848.0400390625,11725.3798828125,11834.48046875,11793.9296875,86209800.0,11793.9296875
2017-02-16,11814.7001953125,11728.3798828125,11778.990234375,11757.240234375,74134300.0,11757.240234375
2017-02-17,11775.400390625,11693.7001953125,11759.5703125,11757.01953125,89889600.0,11757.01953125
2017-02-20,11841.0595703125,11804.7197265625,11831.7099609375,11827.6201171875,54693400.0,11827.6201171875
2017-02-21,11987.580078125,11798.48046875,11817.9697265625,11967.490234375,75495100.0,11967.490234375
2017-02-22,12031.1103515625,11966.01953125,11989.7099609375,11998.58984375,91868800.0,11998.58984375
2017-02-23,12015.98046875,11925.8798828125,11994.0595703125,11947.830078125,69772500.0,11947.830078125
2017-02-24,11934.6396484375,11722.349609375,11920.900390625,11804.0302734375,98702100.0,11804.0302734375
2017-02-27,11860.8203125,11792.509765625,11858.1396484375,11822.669921875,62847100.0,11822.669921875
2017-02-28,11853.5,11780.830078125,11847.08984375,11834.41015625,71294600.0,11834.41015625
2017-03-01,12074.01953125,11913.83984375,11915.0302734375,12067.1904296875,106268000.0,12067.1904296875
2017-03-02,12082.58984375,12041.900390625,12052.7998046875,12059.5703125,79637900.0,12059.5703125
2017-03-03,12058.2099609375,11995.400390625,11998.0595703125,12027.3603515625,100194300.0,12027.3603515625
2017-03-06,11998.830078125,11921.5703125,11956.8095703125,11958.400390625,96192800.0,11958.400390625
2017-03-07,11988.8701171875,11935.330078125,11963.759765625,11966.1396484375,76452900.0,11966.1396484375
2017-03-08,12017.2802734375,11922.3095703125,11922.8603515625,11967.3095703125,96140500.0,11967.3095703125
2017-03-09,12024.7001953125,11917.7802734375,11923.509765625,11978.3896484375,102964600.0,11978.3896484375
2017-03-10,12067.0703125,11936.8095703125,12018.48046875,11963.1796875,107316000.0,11963.1796875
2017-03-13,12006.009765625,11949.0302734375,11954.7998046875,11990.0302734375,75690500.0,11990.0302734375
2017-03-14,12002.75,11930.3798828125,11987.33984375,11988.7900390625,105152600.0,11988.7900390625
2017-03-15,12027.0498046875,11977.3203125,12000.4404296875,12009.8701171875,101358200.0,12009.8701171875
2017-03-16,12156.4404296875,12046.0703125,12140.2998046875,12083.1796875,119337500.0,12083.1796875
2017-03-17,12117.900390625,12018.26953125,12039.240234375,12095.240234375,187435700.0,12095.240234375
2017-03-20,12082.3095703125,12033.240234375,12050.8095703125,12052.900390625,107350200.0,12052.900390625
2017-03-21,12111.240234375,11938.419921875,12083.009765625,11962.1298828125,130893800.0,11962.1298828125
2017-03-22,11934.349609375,11850.26953125,11870.7802734375,11904.1201171875,106874600.0,11904.1201171875
2017-03-23,12043.669921875,11896.6796875,11914.2001953125,12039.6796875,84715200.0,12039.6796875
2017-03-24,12082.669921875,12010.330078125,12033.26953125,12064.26953125,92696000.0,12064.26953125
2017-03-27,11996.349609375,11916.0703125,11957.650390625,11996.0703125,86289200.0,11996.0703125
2017-03-28,12158.7197265625,12045.169921875,12062.6904296875,12149.419921875,92961200.0,12149.419921875
2017-03-29,12233.759765625,12180.830078125,12195.8603515625,12203.0,101247900.0,12203.0
2017-03-30,12258.3701171875,12200.33984375,12220.6396484375,12256.4296875,85850100.0,12256.4296875
2017-03-31,12313.2900390625,12230.169921875,12241.5703125,12312.8701171875,109664900.0,12312.8701171875
2017-04-03,12375.580078125,12256.9404296875,12368.8203125,12257.2001953125,85845700.0,12257.2001953125
2017-04-04,12288.7802734375,12225.3798828125,12255.7197265625,12282.33984375,114566700.0,12282.33984375
2017-04-05,12293.1298828125,12212.169921875,12280.0595703125,12217.5400390625,84216400.0,12217.5400390625
2017-04-06,12242.5,12119.0400390625,12147.3701171875,12230.8896484375,74256200.0,12230.8896484375
2017-04-07,12225.0595703125,12144.98046875,12174.509765625,12225.0595703125,71891000.0,12225.0595703125
2017-04-10,12246.8798828125,12178.099609375,12244.5,12200.51953125,56772300.0,12200.51953125
2017-04-11,12221.4296875,12049.9296875,12149.400390625,12139.349609375,81596000.0,12139.349609375
2017-04-12,12242.759765625,12123.1201171875,12174.9599609375,12154.7001953125,74185200.0,12154.7001953125
2017-04-13,12147.7001953125,12089.9404296875,12137.5703125,12109.0,73577600.0,12109.0
2017-04-18,12162.4697265625,11996.740234375,12135.6103515625,12000.4404296875,87088100.0,12000.4404296875
2017-04-19,12040.23046875,12001.8603515625,12014.0302734375,12016.4501953125,83247900.0,12016.4501953125
2017-04-20,12050.66015625,11941.5703125,11968.0595703125,12027.3203125,82816800.0,12027.3203125
2017-04-21,12091.330078125,12009.1201171875,12032.7802734375,12048.5703125,106406900.0,12048.5703125
2017-04-24,12456.1796875,12289.3701171875,12296.5595703125,12454.98046875,186060600.0,12454.98046875
2017-04-25,12482.900390625,12439.1103515625,12457.830078125,12467.0400390625,91489400.0,12467.0400390625
2017-04-26,12486.2900390625,12442.3701171875,12466.5,12472.7998046875,87667300.0,12472.7998046875
2017-04-27,12478.2802734375,12426.990234375,12440.009765625,12443.7900390625,101179400.0,12443.7900390625
2017-04-28,12462.1103515625,12414.099609375,12417.8896484375,12438.009765625,101811900.0,12438.009765625
2017-05-02,12511.169921875,12433.509765625,12478.4599609375,12507.900390625,85263200.0,12507.900390625
2017-05-03,12532.25,12477.8701171875,12502.3603515625,12527.83984375,79318800.0,12527.83984375
2017-05-04,12648.2197265625,12539.7099609375,12552.0595703125,12647.7802734375,102442000.0,12647.7802734375
2017-05-05,12718.66015625,12591.75,12601.4599609375,12716.8896484375,104480300.0,12716.8896484375
2017-05-08,12762.0400390625,12659.7001953125,12758.48046875,12694.5498046875,97719300.0,12694.5498046875
2017-05-09,12783.23046875,12703.9599609375,12732.740234375,12749.1201171875,109857600.0,12749.1201171875
2017-05-10,12776.080078125,12715.669921875,12728.9697265625,12757.4599609375,104830700.0,12757.4599609375
2017-05-11,12772.8798828125,12662.490234375,12767.1298828125,12711.0595703125,100141500.0,12711.0595703125
2017-05-12,12771.0,12714.3798828125,12728.83984375,12770.41015625,106195300.0,12770.41015625
2017-05-15,12832.2900390625,12729.490234375,12824.0498046875,12807.0400390625,84466400.0,12807.0400390625
2017-05-16,12841.66015625,12776.01953125,12787.6904296875,12804.5302734375,77912000.0,12804.5302734375
2017-05-17,12786.8896484375,12587.4501953125,12700.1201171875,12631.6103515625,105679600.0,12631.6103515625
2017-05-18,12634.259765625,12489.9501953125,12608.1904296875,12590.0595703125,119778200.0,12590.0595703125
2017-05-19,12658.5498046875,12596.7197265625,12612.2998046875,12638.6904296875,118293100.0,12638.6904296875
2017-05-22,12670.259765625,12571.0595703125,12664.9697265625,12619.4599609375,73068700.0,12619.4599609375
2017-05-23,12703.740234375,12593.330078125,12597.5400390625,12659.150390625,88301200.0,12659.150390625
2017-05-24,12662.0498046875,12617.759765625,12631.3896484375,12642.8701171875,71515700.0,12642.8701171875
2017-05-25,12697.66015625,12543.76953125,12693.83984375,12621.7197265625,57697300.0,12621.7197265625
2017-05-26,12611.490234375,12529.509765625,12604.400390625,12602.1796875,73290800.0,12602.1796875
2017-05-29,12633.3701171875,12578.580078125,12588.7998046875,12628.9501953125,36925100.0,12628.9501953125
2017-05-30,12648.099609375,12567.2197265625,12583.8203125,12598.6796875,72307400.0,12598.6796875
2017-05-31,12709.1298828125,12582.7998046875,12612.51953125,12615.0595703125,136040800.0,12615.0595703125
2017-06-01,12677.599609375,12621.5302734375,12623.6103515625,12664.919921875,87581100.0,12664.919921875
2017-06-02,12878.58984375,12734.7802734375,12735.0,12822.9404296875,88411500.0,12822.9404296875
2017-06-06,12788.33984375,12679.580078125,12768.4599609375,12690.1201171875,81639700.0,12690.1201171875
2017-06-07,12746.419921875,12640.51953125,12659.9697265625,12672.490234375,123266300.0,12672.490234375
2017-06-08,12740.3603515625,12684.7099609375,12688.5400390625,12713.580078125,97505300.0,12713.580078125
2017-06-09,12821.0302734375,12711.5302734375,12711.5302734375,12815.7197265625,90523800.0,12815.7197265625
2017-06-12,12782.73046875,12666.3896484375,12760.3896484375,12690.4404296875,94035600.0,12690.4404296875
2017-06-13,12790.2998046875,12727.830078125,12739.5,12764.98046875,74520800.0,12764.98046875
2017-06-14,12921.169921875,12788.7001953125,12798.259765625,12805.9501953125,103932600.0,12805.9501953125
2017-06-15,12804.4697265625,12620.900390625,12801.91015625,12691.8095703125,119859300.0,12691.8095703125
2017-06-16,12762.349609375,12707.58984375,12746.0498046875,12752.73046875,216892800.0,12752.73046875
2017-06-19,12912.849609375,12833.009765625,12849.990234375,12888.9501953125,77935300.0,12888.9501953125
2017-06-20,12951.5400390625,12814.759765625,12938.0400390625,12814.7900390625,79018800.0,12814.7900390625
2017-06-21,12804.419921875,12708.990234375,12792.3203125,12774.259765625,69868700.0,12774.259765625
2017-06-22,12806.01953125,12717.2900390625,12758.66015625,12794.0,71786400.0,12794.0
2017-06-23,12787.2197265625,12677.400390625,12757.9697265625,12733.41015625,76118600.0,12733.41015625
2017-06-26,12841.3095703125,12752.75,12783.8896484375,12770.830078125,68282500.0,12770.830078125
2017-06-27,12751.2001953125,12644.9501953125,12728.5,12671.01953125,107010400.0,12671.01953125
2017-06-28,12671.2802734375,12536.8603515625,12586.0595703125,12647.26953125,103590500.0,12647.26953125
2017-06-29,12729.1796875,12396.1298828125,12707.48046875,12416.1904296875,115458700.0,12416.1904296875
2017-06-30,12459.6904296875,12319.0,12424.5,12325.1201171875,103836900.0,12325.1201171875
2017-07-03,12486.2900390625,12390.73046875,12396.33984375,12475.3095703125,77064400.0,12475.3095703125
2017-07-04,12481.8095703125,12411.5595703125,12413.599609375,12437.1298828125,64565700.0,12437.1298828125
2017-07-05,12496.8203125,12406.6904296875,12432.41015625,12453.6796875,82624300.0,12453.6796875
2017-07-06,12490.7197265625,12316.4296875,12474.509765625,12381.25,112350300.0,12381.25
2017-07-07,12388.6796875,12339.91015625,12376.1904296875,12388.6796875,79018600.0,12388.6796875
2017-07-10,12482.9501953125,12406.2001953125,12464.9599609375,12445.919921875,69350000.0,12445.919921875
2017-07-11,12539.1796875,12417.849609375,12479.669921875,12437.01953125,72659800.0,12437.01953125
2017-07-12,12648.1904296875,12468.16015625,12469.849609375,12626.580078125,96765800.0,12626.580078125
2017-07-13,12676.51953125,12613.51953125,12614.1298828125,12641.330078125,79125000.0,12641.330078125
2017-07-14,12662.009765625,12577.330078125,12642.650390625,12631.7197265625,68298600.0,12631.7197265625
2017-07-17,12656.1298828125,12542.9599609375,12652.3701171875,12587.16015625,53127900.0,12587.16015625
2017-07-18,12572.8603515625,12384.6103515625,12540.9296875,12430.3896484375,86983300.0,12430.3896484375
2017-07-19,12475.169921875,12418.669921875,12468.0595703125,12452.0498046875,75200200.0,12452.0498046875
2017-07-20,12575.51953125,12392.1904296875,12514.83984375,12447.25,104089900.0,12447.25
2017-07-21,12464.1201171875,12190.8896484375,12424.7998046875,12240.0595703125,132722600.0,12240.0595703125
2017-07-24,12235.849609375,12142.009765625,12228.6298828125,12208.9501953125,86156000.0,12208.9501953125
2017-07-25,12301.669921875,12211.1396484375,12228.3203125,12264.3095703125,78204400.0,12264.3095703125
2017-07-26,12341.0302734375,12255.740234375,12260.2998046875,12305.1103515625,79222400.0,12305.1103515625
2017-07-27,12293.900390625,12176.01953125,12230.08984375,12212.0400390625,99753700.0,12212.0400390625
2017-07-28,12183.76953125,12098.5703125,12151.3798828125,12162.7001953125,90333400.0,12162.7001953125
2017-07-31,12210.2998046875,12097.3603515625,12141.5302734375,12118.25,86603200.0,12118.25
2017-08-01,12302.3798828125,12092.0595703125,12147.8896484375,12251.2900390625,86925400.0,12251.2900390625
2017-08-02,12275.0,12153.5400390625,12269.900390625,12181.48046875,85734300.0,12181.48046875
2017-08-03,12184.599609375,12099.1298828125,12130.759765625,12154.7197265625,78980400.0,12154.7197265625
2017-08-04,12321.98046875,12123.66015625,12138.08984375,12297.7197265625,95613700.0,12297.7197265625
2017-08-07,12336.0,12225.76953125,12305.740234375,12257.169921875,66014200.0,12257.169921875
2017-08-08,12329.9697265625,12184.58984375,12239.7802734375,12292.0498046875,69019400.0,12292.0498046875
2017-08-09,12227.51953125,12100.1201171875,12191.3701171875,12154.0,114678900.0,12154.0
2017-08-10,12158.919921875,11993.73046875,12158.6904296875,12014.2998046875,94920700.0,12014.2998046875
2017-08-11,12046.8896484375,11934.919921875,11961.599609375,12014.0595703125,91074000.0,12014.0595703125
2017-08-14,12195.4296875,12097.0,12100.169921875,12165.1201171875,77716000.0,12165.1201171875
2017-08-15,12234.6396484375,12156.8701171875,12208.2998046875,12177.0400390625,60311100.0,12177.0400390625
2017-08-16,12301.400390625,12240.830078125,12250.01953125,12263.8603515625,64669800.0,12263.8603515625
2017-08-17,12290.0498046875,12184.26953125,12236.599609375,12203.4599609375,74151700.0,12203.4599609375
2017-08-18,12178.08984375,12080.740234375,12103.509765625,12165.1904296875,87826700.0,12165.1904296875
2017-08-21,12149.580078125,12021.7001953125,12105.7197265625,12065.990234375,69988000.0,12065.990234375
2017-08-22,12234.7900390625,12124.150390625,12151.759765625,12229.33984375,66555500.0,12229.33984375
2017-08-23,12269.919921875,12155.740234375,12227.23046875,12174.2998046875,63958300.0,12174.2998046875
2017-08-24,12254.75,12169.5400390625,12196.1796875,12180.830078125,62852100.0,12180.830078125
2017-08-25,12249.4404296875,12132.5,12194.73046875,12167.9404296875,57519600.0,12167.9404296875
2017-08-28,12173.5302734375,12064.3603515625,12105.490234375,12123.4697265625,34804100.0,12123.4697265625
2017-08-29,12032.3203125,11868.83984375,12031.1201171875,11945.8798828125,97873800.0,11945.8798828125
2017-08-30,12040.8203125,11989.6103515625,12026.4501953125,12002.4697265625,57255200.0,12002.4697265625
2017-08-31,12115.5498046875,12034.1796875,12098.5703125,12055.83984375,78301400.0,12055.83984375
2017-09-01,12191.23046875,12085.3095703125,12101.150390625,12142.6396484375,73532600.0,12142.6396484375
2017-09-04,12138.41015625,12050.5302734375,12051.7998046875,12102.2099609375,43695300.0,12102.2099609375
2017-09-05,12210.25,12100.259765625,12125.419921875,12123.7099609375,65653200.0,12123.7099609375
2017-09-06,12260.759765625,12066.83984375,12071.900390625,12214.5400390625,83032800.0,12214.5400390625
2017-09-07,12363.599609375,12265.509765625,12284.1396484375,12296.6298828125,93698400.0,12296.6298828125
2017-09-08,12321.6103515625,12245.330078125,12261.8095703125,12303.98046875,61395700.0,12303.98046875
2017-09-11,12481.76953125,12381.330078125,12381.51953125,12475.240234375,76820300.0,12475.240234375
2017-09-12,12558.0302734375,12512.58984375,12527.4404296875,12524.76953125,85086300.0,12524.76953125
2017-09-13,12565.849609375,12489.25,12489.25,12553.5703125,79884400.0,12553.5703125
2017-09-14,12552.16015625,12499.5498046875,12524.1201171875,12540.4501953125,83038500.0,12540.4501953125
2017-09-15,12561.349609375,12506.9404296875,12525.3603515625,12518.8095703125,192005900.0,12518.8095703125
2017-09-18,12613.5595703125,12537.0703125,12593.5498046875,12559.3896484375,58346600.0,12559.3896484375
2017-09-19,12566.2001953125,12527.900390625,12556.4599609375,12561.7900390625,74220900.0,12561.7900390625
2017-09-20,12593.25,12518.2197265625,12550.919921875,12569.169921875,101687800.0,12569.169921875
2017-09-21,12621.2802734375,12582.0400390625,12601.9501953125,12600.0302734375,100812400.0,12600.0302734375
2017-09-22,12646.5595703125,12568.7998046875,12569.66015625,12592.349609375,76471000.0,12592.349609375
2017-09-25,12633.0595703125,12564.83984375,12573.349609375,12594.8095703125,78636700.0,12594.8095703125
2017-09-26,12629.9296875,12551.8701171875,12557.4404296875,12605.2001953125,73188900.0,12605.2001953125
2017-09-27,12685.1904296875,12625.5498046875,12630.400390625,12657.41015625,79754300.0,12657.41015625
2017-09-28,12708.7001953125,12666.0302734375,12682.3701171875,12704.650390625,84947500.0,12704.650390625
2017-09-29,12828.8603515625,12722.3798828125,12725.8701171875,12828.8603515625,104900700.0,12828.8603515625
2017-10-02,12902.650390625,12849.58984375,12866.26953125,12902.650390625,72676600.0,12902.650390625
2017-10-04,12976.240234375,12893.75,12955.8896484375,12970.51953125,115228700.0,12970.51953125
2017-10-05,12969.400390625,12933.5595703125,12950.1796875,12968.0498046875,78532500.0,12968.0498046875
2017-10-06,12993.5302734375,12941.150390625,12979.33984375,12955.9404296875,73029000.0,12955.9404296875
2017-10-09,12996.6396484375,12943.5498046875,12975.8603515625,12976.400390625,60873300.0,12976.400390625
2017-10-10,12980.4501953125,12909.2802734375,12959.7197265625,12949.25,65253500.0,12949.25
2017-10-11,12976.3203125,12925.240234375,12965.2802734375,12970.6796875,72867400.0,12970.6796875
2017-10-12,13002.33984375,12945.0703125,12977.26953125,12982.8896484375,74255600.0,12982.8896484375
2017-10-13,13036.740234375,12964.349609375,12995.080078125,12991.8701171875,68144900.0,12991.8701171875
2017-10-16,13026.4501953125,13000.3798828125,13017.1796875,13003.7001953125,54658400.0,13003.7001953125
2017-10-17,13034.419921875,12967.349609375,12995.83984375,12995.0595703125,68180700.0,12995.0595703125
2017-10-18,13094.759765625,13003.919921875,13012.7998046875,13043.0302734375,63736500.0,13043.0302734375
2017-10-19,13042.6201171875,12911.580078125,13036.2802734375,12990.099609375,79869000.0,12990.099609375
2017-10-20,13063.5703125,12956.419921875,13057.7802734375,12991.2802734375,81061300.0,12991.2802734375
2017-10-23,13069.400390625,12973.4296875,13014.5703125,13003.1396484375,59592200.0,13003.1396484375
2017-10-24,13055.650390625,12983.3798828125,12998.66015625,13013.1904296875,94414800.0,13013.1904296875
2017-10-25,13049.4697265625,12931.2197265625,12998.4404296875,12953.41015625,92501800.0,12953.41015625
2017-10-26,13144.650390625,12940.830078125,12955.4296875,13133.2802734375,110206500.0,13133.2802734375
2017-10-27,13249.0302734375,13186.5498046875,13186.5498046875,13217.5400390625,103764300.0,13217.5400390625
2017-10-30,13255.3798828125,13214.599609375,13227.849609375,13229.5703125,71315000.0,13229.5703125
2017-11-01,13488.58984375,13341.2998046875,13342.4404296875,13465.509765625,124587600.0,13465.509765625
2017-11-02,13460.8603515625,13405.91015625,13448.51953125,13440.9296875,93972700.0,13440.9296875
2017-11-03,13505.009765625,13430.2197265625,13476.5302734375,13478.8603515625,87298600.0,13478.8603515625
2017-11-06,13481.23046875,13441.66015625,13459.419921875,13468.7900390625,89626000.0,13468.7900390625
2017-11-07,13525.5595703125,13369.849609375,13517.98046875,13379.26953125,86286300.0,13379.26953125
2017-11-08,13419.76953125,13345.1103515625,13404.580078125,13382.419921875,103230600.0,13382.419921875
2017-11-09,13402.0498046875,13175.2197265625,13378.9599609375,13182.5595703125,140940000.0,13182.5595703125
2017-11-10,13216.9697265625,13111.650390625,13206.349609375,13127.4697265625,114956600.0,13127.4697265625
2017-11-13,13163.9404296875,12960.650390625,13150.7802734375,13074.419921875,101909100.0,13074.419921875
2017-11-14,13139.26953125,13000.150390625,13101.08984375,13033.48046875,91396500.0,13033.48046875
2017-11-15,12996.1201171875,12847.8798828125,12963.08984375,12976.3701171875,132081900.0,12976.3701171875
2017-11-16,13071.9404296875,13008.01953125,13024.3896484375,13047.2197265625,99945000.0,13047.2197265625
2017-11-17,13089.7197265625,12984.669921875,13051.7099609375,12993.73046875,100900300.0,12993.73046875
2017-11-20,13085.169921875,12926.1298828125,12932.8095703125,13058.66015625,90392400.0,13058.66015625
2017-11-21,13209.009765625,13026.76953125,13042.9404296875,13167.5400390625,100582100.0,13167.5400390625
2017-11-22,13191.9599609375,13008.9697265625,13171.3603515625,13015.0400390625,80286100.0,13015.0400390625
2017-11-23,13049.080078125,12921.150390625,12943.490234375,13008.5498046875,69158700.0,13008.5498046875
2017-11-24,13160.8095703125,12981.6796875,13023.51953125,13059.83984375,64031900.0,13059.83984375
2017-11-27,13117.759765625,12989.3701171875,13036.740234375,13000.2001953125,64100100.0,13000.2001953125
2017-11-28,13071.009765625,12966.3798828125,13008.9404296875,13059.5302734375,66115200.0,13059.5302734375
2017-11-29,13196.150390625,13037.33984375,13153.740234375,13061.8701171875,93296900.0,13061.8701171875
2017-11-30,13177.5703125,13023.98046875,13060.5595703125,13023.98046875,126013900.0,13023.98046875
2017-12-01,13064.2900390625,12810.1298828125,13044.150390625,12861.490234375,114375600.0,12861.490234375
2017-12-04,13117.75,12974.3203125,13038.76953125,13058.5498046875,85813900.0,13058.5498046875
2017-12-05,13094.3798828125,12960.58984375,13056.8203125,13048.5400390625,81417900.0,13048.5400390625
2017-12-06,13033.75,12864.6796875,12897.4296875,12998.849609375,84631500.0,12998.849609375
2017-12-07,13083.080078125,12989.0,13026.2998046875,13045.150390625,76453600.0,13045.150390625
2017-12-08,13240.919921875,13136.7802734375,13146.8203125,13153.7001953125,104081300.0,13153.7001953125
2017-12-11,13192.419921875,13112.8203125,13181.849609375,13123.650390625,71491100.0,13123.650390625
2017-12-12,13183.830078125,13079.8603515625,13131.41015625,13183.5302734375,76497200.0,13183.5302734375
2017-12-13,13188.0703125,13120.400390625,13148.51953125,13125.6396484375,119136800.0,13125.6396484375
2017-12-14,13159.48046875,13011.9697265625,13107.1103515625,13068.080078125,121549300.0,13068.080078125
2017-12-15,13109.1298828125,13008.0703125,13027.83984375,13103.5595703125,183649900.0,13103.5595703125
2017-12-18,13331.9501953125,13206.1201171875,13211.6298828125,13312.2998046875,93660800.0,13312.2998046875
2017-12-19,13338.91015625,13213.1904296875,13314.73046875,13215.7900390625,73881500.0,13215.7900390625
2017-12-20,13252.669921875,13026.1103515625,13244.26953125,13069.169921875,79842200.0,13069.169921875
2017-12-21,13137.7099609375,13013.6298828125,13065.7900390625,13109.740234375,70360200.0,13109.740234375
2017-12-22,13108.5595703125,13059.8701171875,13076.759765625,13072.7900390625,52876700.0,13072.7900390625
2017-12-27,13128.740234375,13020.4296875,13070.1904296875,13070.01953125,44677000.0,13070.01953125
2017-12-28,13069.400390625,12965.2802734375,13065.4599609375,12979.9404296875,43152100.0,12979.9404296875
2017-12-29,12980.740234375,12911.73046875,12980.08984375,12917.6396484375,42169200.0,12917.6396484375
2018-01-02,12924.16015625,12745.150390625,12897.6904296875,12871.3896484375,86049300.0,12871.3896484375
2018-01-03,13023.58984375,12893.0498046875,12916.1796875,12978.2099609375,84809300.0,12978.2099609375
2018-01-04,13208.349609375,13062.669921875,13065.98046875,13167.8896484375,101199400.0,13167.8896484375
2018-01-05,13332.7998046875,13219.1103515625,13219.1103515625,13319.6396484375,112555000.0,13319.6396484375
2018-01-08,13407.8203125,13334.16015625,13399.6201171875,13367.7802734375,95005300.0,13367.7802734375
2018-01-09,13425.01953125,13361.2197265625,13383.259765625,13385.58984375,94770400.0,13385.58984375
2018-01-10,13377.8798828125,13227.5703125,13355.2802734375,13281.33984375,120334900.0,13281.33984375
2018-01-11,13298.650390625,13151.83984375,13281.2001953125,13202.900390625,110577300.0,13202.900390625
2018-01-12,13265.1396484375,13168.009765625,13241.2802734375,13245.0302734375,87893300.0,13245.0302734375
2018-01-15,13250.3701171875,13173.7099609375,13244.3701171875,13200.509765625,58326200.0,13200.509765625
2018-01-16,13351.08984375,13196.5595703125,13228.599609375,13246.330078125,85801600.0,13246.330078125
2018-01-17,13251.4404296875,13137.509765625,13200.919921875,13183.9599609375,88144100.0,13183.9599609375
2018-01-18,13293.2900390625,13201.33984375,13250.25,13281.4296875,89644100.0,13281.4296875
2018-01-19,13445.4697265625,13294.8095703125,13297.740234375,13434.4501953125,108147200.0,13434.4501953125
2018-01-22,13470.0498046875,13410.9599609375,13435.1396484375,13463.6904296875,95295700.0,13463.6904296875
2018-01-23,13596.8896484375,13517.8095703125,13577.1396484375,13559.599609375,97239000.0,13559.599609375
2018-01-24,13576.83984375,13414.740234375,13572.7099609375,13414.740234375,105385100.0,13414.740234375
2018-01-25,13443.3603515625,13222.4697265625,13374.3798828125,13298.3603515625,106119200.0,13298.3603515625
2018-01-26,13348.6904296875,13268.3095703125,13297.509765625,13340.169921875,75829200.0,13340.169921875
2018-01-29,13370.01953125,13274.83984375,13358.900390625,13324.48046875,78822500.0,13324.48046875
2018-01-30,13309.8603515625,13171.91015625,13223.9697265625,13197.7099609375,115152700.0,13197.7099609375
2018-01-31,13268.41015625,13159.349609375,13210.759765625,13189.48046875,111852500.0,13189.48046875
2018-02-01,13301.41015625,12971.7802734375,13235.150390625,13003.900390625,122880100.0,13003.900390625
2018-02-02,12954.58984375,12782.0703125,12954.58984375,12785.16015625,140869300.0,12785.16015625
2018-02-05,12752.599609375,12622.4404296875,12687.7900390625,12687.490234375,113937900.0,12687.490234375
2018-02-06,12550.16015625,12232.8603515625,12232.8603515625,12392.66015625,204856800.0,12392.66015625
2018-02-07,12651.2802734375,12414.83984375,12478.6796875,12590.4296875,153471100.0,12590.4296875
2018-02-08,12541.3203125,12187.4501953125,12506.1796875,12260.2900390625,153991900.0,12260.2900390625
2018-02-09,12296.1796875,12003.3603515625,12263.099609375,12107.48046875,175812900.0,12107.48046875
2018-02-12,12379.16015625,12222.33984375,12238.6298828125,12282.76953125,120024900.0,12282.76953125
2018-02-13,12300.6298828125,12196.2197265625,12282.759765625,12196.5,94601100.0,12196.5
2018-02-14,12393.7099609375,12075.2099609375,12294.849609375,12339.16015625,130713000.0,12339.16015625
2018-02-15,12479.9697265625,12275.0400390625,12425.4501953125,12346.169921875,111934900.0,12346.169921875
2018-02-16,12484.1201171875,12368.7099609375,12408.48046875,12451.9599609375,104230500.0,12451.9599609375
2018-02-19,12505.490234375,12361.8603515625,12495.0703125,12385.599609375,66917000.0,12385.599609375
2018-02-20,12496.099609375,12333.7900390625,12403.6298828125,12487.900390625,87127600.0,12487.900390625
2018-02-21,12474.3701171875,12372.259765625,12457.2197265625,12470.490234375,83382600.0,12470.490234375
2018-02-22,12497.7099609375,12283.7001953125,12358.8203125,12461.91015625,104173000.0,12461.91015625
2018-02-23,12513.3203125,12431.9404296875,12491.76953125,12483.7900390625,97926500.0,12483.7900390625
2018-02-26,12601.4599609375,12484.58984375,12566.0498046875,12527.0400390625,78303000.0,12527.0400390625
2018-02-27,12577.5595703125,12436.1298828125,12573.650390625,12490.73046875,89864600.0,12490.73046875
2018-02-28,12516.919921875,12417.9599609375,12427.4599609375,12435.849609375,93391300.0,12435.849609375
2018-03-01,12387.8798828125,12143.1396484375,12386.400390625,12190.9404296875,113680600.0,12190.9404296875
2018-03-02,12081.400390625,11877.66015625,12051.8896484375,11913.7099609375,120480800.0,11913.7099609375
2018-03-05,12110.1796875,11830.98046875,11831.5703125,12090.8701171875,109920600.0,12090.8701171875
2018-03-06,12259.580078125,12110.33984375,12229.2900390625,12113.8701171875,104517000.0,12113.8701171875
2018-03-07,12275.6904296875,12020.6103515625,12060.08984375,12245.3603515625,92920300.0,12245.3603515625
2018-03-08,12382.6904296875,12177.1201171875,12237.9404296875,12355.5703125,97759800.0,12355.5703125
2018-03-09,12407.98046875,12284.5703125,12331.6396484375,12346.6796875,96109700.0,12346.6796875
2018-03-12,12454.9599609375,12361.009765625,12453.2998046875,12418.3896484375,136801400.0,12418.3896484375
2018-03-13,12459.900390625,12162.4697265625,12425.6904296875,12221.0302734375,131887900.0,12221.0302734375
2018-03-14,12322.8896484375,12202.759765625,12212.490234375,12237.740234375,104202200.0,12237.740234375
2018-03-15,12378.3896484375,12239.9599609375,12284.1396484375,12345.5595703125,106658200.0,12345.5595703125
2018-03-16,12454.01953125,12337.6201171875,12345.5595703125,12389.580078125,212840100.0,12389.580078125
2018-03-19,12369.76953125,12183.7900390625,12346.509765625,12217.01953125,97309700.0,12217.01953125
2018-03-20,12320.0,12191.5498046875,12261.1904296875,12307.330078125,72907500.0,12307.330078125
2018-03-21,12344.08984375,12250.3701171875,12336.759765625,12309.150390625,108917200.0,12309.150390625
2018-03-22,12267.169921875,12009.5,12187.73046875,12100.080078125,138428600.0,12100.080078125
2018-03-23,12001.7802734375,11818.7001953125,11995.509765625,11886.3095703125,145617800.0,11886.3095703125
2018-03-26,11984.5,11726.6201171875,11919.6396484375,11787.259765625,99857900.0,11787.259765625
2018-03-27,12042.7802734375,11927.91015625,11996.349609375,11970.830078125,98677800.0,11970.830078125
2018-03-28,11961.16015625,11770.400390625,11868.080078125,11940.7099609375,113396700.0,11940.7099609375
2018-03-29,12151.3095703125,11942.2802734375,11956.33984375,12096.73046875,111589200.0,12096.73046875
2018-04-03,12069.48046875,11913.6201171875,11997.4697265625,12002.4501953125,95226700.0,12002.4501953125
2018-04-04,12011.1201171875,11792.349609375,12000.4697265625,11957.900390625,107305000.0,11957.900390625
2018-04-05,12322.3701171875,12135.6396484375,12153.6103515625,12305.1904296875,109092300.0,12305.1904296875
2018-04-06,12290.0302734375,12202.0498046875,12242.9404296875,12241.26953125,87009100.0,12241.26953125
2018-04-09,12371.1103515625,12205.3896484375,12311.01953125,12261.75,77287300.0,12261.75
2018-04-10,12428.900390625,12334.9501953125,12389.900390625,12397.3203125,99355700.0,12397.3203125
2018-04-11,12381.5302734375,12256.58984375,12372.0703125,12293.9697265625,98812700.0,12293.9697265625
2018-04-12,12434.240234375,12263.7001953125,12282.3896484375,12415.009765625,82053600.0,12415.009765625
2018-04-13,12523.9697265625,12411.650390625,12461.3095703125,12442.400390625,76693800.0,12442.400390625
2018-04-16,12487.0400390625,12375.6298828125,12478.990234375,12391.41015625,62656800.0,12391.41015625
2018-04-17,12614.25,12417.259765625,12443.2001953125,12585.5703125,85350700.0,12585.5703125
2018-04-18,12640.25,12548.4501953125,12597.580078125,12590.830078125,83029000.0,12590.830078125
2018-04-19,12595.6103515625,12534.6298828125,12595.6103515625,12567.419921875,70668500.0,12567.419921875
2018-04-20,12585.3701171875,12490.76953125,12555.9599609375,12540.5,111680200.0,12540.5
2018-04-23,12588.23046875,12466.4697265625,12538.16015625,12572.3896484375,78154600.0,12572.3896484375
2018-04-24,12647.16015625,12481.2998046875,12602.41015625,12550.8203125,106073600.0,12550.8203125
2018-04-25,12484.7802734375,12312.26953125,12456.8203125,12422.2998046875,108576800.0,12422.2998046875
2018-04-26,12503.2197265625,12383.9501953125,12395.900390625,12500.4697265625,119856800.0,12500.4697265625
2018-04-27,12627.7099609375,12518.0302734375,12572.7197265625,12580.8701171875,0.0,12580.8701171875
2018-04-30,12622.9296875,12563.740234375,12606.26953125,12612.1103515625,96521000.0,12612.1103515625
2018-05-02,12827.5400390625,12605.3798828125,12610.7802734375,12802.25,110911800.0,12802.25
2018-05-03,12798.16015625,12665.330078125,12775.66015625,12690.150390625,98817100.0,12690.150390625
2018-05-04,12819.599609375,12707.8603515625,12733.1904296875,12819.599609375,99070000.0,12819.599609375
2018-05-07,12961.0498046875,12813.5498046875,12827.4296875,12948.1396484375,64800000.0,12948.1396484375
2018-05-08,12933.669921875,12855.08984375,12924.23046875,12912.2099609375,95587900.0,12912.2099609375
2018-05-09,12962.51953125,12890.3798828125,12917.8203125,12943.0595703125,102677600.0,12943.0595703125
2018-05-10,13034.2099609375,12928.509765625,12975.08984375,13022.8701171875,72155400.0,13022.8701171875
2018-05-11,13033.2998046875,12964.0,13023.0,13001.240234375,83673800.0,13001.240234375
2018-05-14,13015.099609375,12927.240234375,13009.830078125,12977.7099609375,77168000.0,12977.7099609375
2018-05-15,13006.33984375,12918.2900390625,12947.9697265625,12970.0400390625,106592400.0,12970.0400390625
2018-05-16,13030.759765625,12960.5302734375,12983.490234375,12996.330078125,104171700.0,12996.330078125
2018-05-17,13114.6298828125,12981.8896484375,12985.1396484375,13114.6103515625,92016400.0,13114.6103515625
2018-05-18,13133.1904296875,13051.1298828125,13115.6298828125,13077.7197265625,124262900.0,13077.7197265625
2018-05-22,13204.3095703125,13061.76953125,13132.5595703125,13169.919921875,109116500.0,13169.919921875
2018-05-23,13148.0498046875,12929.900390625,13138.830078125,12976.83984375,105439100.0,12976.83984375
2018-05-24,13006.4404296875,12801.8203125,12955.9404296875,12855.08984375,143763000.0,12855.08984375
2018-05-25,13002.4697265625,12852.169921875,12917.150390625,12938.009765625,104044700.0,12938.009765625
2018-05-28,13040.6298828125,12828.259765625,13016.5498046875,12863.4599609375,69766800.0,12863.4599609375
2018-05-29,12803.2900390625,12608.7001953125,12786.150390625,12666.509765625,153964500.0,12666.509765625
2018-05-30,12783.759765625,12663.3701171875,12693.330078125,12783.759765625,122609400.0,12783.759765625
2018-05-31,12803.599609375,12547.6103515625,12796.16015625,12604.8896484375,184309000.0,12604.8896484375
2018-06-01,12800.4501953125,12660.7900390625,12678.0703125,12724.26953125,123414600.0,12724.26953125
2018-06-04,12846.259765625,12714.0302734375,12839.4404296875,12770.75,84511600.0,12770.75
2018-06-05,12925.240234375,12753.2998046875,12766.16015625,12787.1298828125,107898300.0,12787.1298828125
2018-06-06,12872.900390625,12729.23046875,12813.3896484375,12830.0703125,106976800.0,12830.0703125
2018-06-07,12914.849609375,12760.5400390625,12877.849609375,12811.0498046875,94068000.0,12811.0498046875
2018-06-08,12795.6396484375,12610.6796875,12668.76953125,12766.5498046875,115025300.0,12766.5498046875
2018-06-11,12861.9501953125,12751.66015625,12816.3203125,12842.91015625,108719300.0,12842.91015625
2018-06-12,12948.51953125,12816.0703125,12924.0302734375,12842.2998046875,100645600.0,12842.2998046875
2018-06-13,12905.669921875,12781.23046875,12857.16015625,12890.580078125,105696700.0,12890.580078125
2018-06-14,13135.9697265625,12800.66015625,12806.0703125,13107.099609375,136091200.0,13107.099609375
2018-06-15,13170.0498046875,13010.5400390625,13115.849609375,13010.5498046875,257670500.0,13010.5498046875
2018-06-18,12982.919921875,12784.48046875,12945.5302734375,12834.1103515625,89102600.0,12834.1103515625
2018-06-19,12708.7099609375,12594.509765625,12647.0703125,12677.9697265625,102502200.0,12677.9697265625
2018-06-20,12760.2001953125,12670.7802734375,12731.66015625,12695.16015625,89617400.0,12695.16015625
2018-06-21,12719.4501953125,12472.98046875,12699.7099609375,12511.91015625,111154800.0,12511.91015625
2018-06-22,12579.7197265625,12486.259765625,12507.7197265625,12579.7197265625,83725600.0,12579.7197265625
2018-06-25,12518.8896484375,12270.330078125,12497.48046875,12270.330078125,98566500.0,12270.330078125
2018-06-26,12355.8603515625,12188.5,12333.4404296875,12234.33984375,62457100.0,12234.33984375
2018-06-27,12439.91015625,12124.8701171875,12247.75,12348.6103515625,127889100.0,12348.6103515625
2018-06-28,12375.3701171875,12104.41015625,12289.8095703125,12177.23046875,107207500.0,12177.23046875
2018-06-29,12382.8701171875,12260.91015625,12322.6396484375,12306.0,114043400.0,12306.0
2018-07-02,12301.9296875,12132.7197265625,12147.9404296875,12238.169921875,93436600.0,12238.169921875
2018-07-03,12428.1396484375,12278.3896484375,12321.0703125,12349.1396484375,93526400.0,12349.1396484375
2018-07-04,12350.6796875,12284.5595703125,12323.75,12317.6103515625,78417600.0,12317.6103515625
2018-07-05,12516.509765625,12361.8603515625,12363.0498046875,12464.2900390625,114460400.0,12464.2900390625
2018-07-06,12508.080078125,12426.400390625,12506.26953125,12496.169921875,0.0,12496.169921875
2018-07-09,12559.9697265625,12490.400390625,12541.740234375,12543.8896484375,74724300.0,12543.8896484375
2018-07-10,12639.7900390625,12530.7099609375,12580.3095703125,12609.849609375,81853500.0,12609.849609375
2018-07-11,12514.75,12398.4697265625,12506.990234375,12417.1298828125,84350300.0,12417.1298828125
2018-07-12,12505.2001953125,12408.6298828125,12464.0595703125,12492.9697265625,72314800.0,12492.9697265625
2018-07-13,12583.7900390625,12499.2998046875,12549.23046875,12540.73046875,0.0,12540.73046875
2018-07-16,12604.240234375,12506.990234375,12530.98046875,12561.01953125,97107500.0,12561.01953125
2018-07-17,12688.5,12522.0498046875,12566.9697265625,12661.5400390625,91976300.0,12661.5400390625
2018-07-18,12778.9599609375,12715.51953125,12728.41015625,12765.9404296875,87635000.0,12765.9404296875
2018-07-19,12759.419921875,12658.3701171875,12740.6796875,12686.2900390625,75493900.0,12686.2900390625
2018-07-20,12706.83984375,12469.5,12664.4501953125,12561.419921875,106490300.0,12561.419921875
2018-07-23,12565.1201171875,12489.330078125,12510.23046875,12548.5703125,65205400.0,12548.5703125
2018-07-24,12755.26953125,12585.91015625,12590.7900390625,12689.3896484375,90068800.0,12689.3896484375
2018-07-25,12695.1201171875,12538.1201171875,12685.6796875,12579.330078125,80817800.0,12579.330078125
2018-07-26,12827.7099609375,12701.5595703125,12732.8798828125,12809.23046875,105931000.0,12809.23046875
2018-07-27,12886.830078125,12815.1201171875,12825.75,12860.400390625,95634400.0,12860.400390625
2018-07-30,12848.9501953125,12798.2001953125,12822.8701171875,12798.2001953125,70725000.0,12798.2001953125
2018-07-31,12860.58984375,12739.830078125,12809.740234375,12805.5,106509800.0,12805.5
2018-08-01,12833.1103515625,12706.33984375,12826.7001953125,12737.0498046875,93510500.0,12737.0498046875
2018-08-02,12619.599609375,12493.2001953125,12617.6298828125,12546.330078125,103271900.0,12546.330078125
2018-08-03,12644.51953125,12561.6201171875,12572.6103515625,12615.759765625,79345300.0,12615.759765625
2018-08-06,12715.7802734375,12538.349609375,12631.400390625,12598.2099609375,65599400.0,12598.2099609375
2018-08-07,12738.5302734375,12646.16015625,12656.8701171875,12648.1904296875,87114600.0,12648.1904296875
2018-08-08,12704.580078125,12586.23046875,12622.98046875,12633.5400390625,89371000.0,12633.5400390625
2018-08-09,12696.51953125,12577.33984375,12623.1396484375,12676.1103515625,71701900.0,12676.1103515625
2018-08-10,12585.830078125,12390.400390625,12574.2001953125,12424.349609375,0.0,12424.349609375
2018-08-13,12396.8603515625,12323.2001953125,12346.75,12358.740234375,92773600.0,12358.740234375
2018-08-14,12461.8203125,12294.900390625,12444.6298828125,12358.8701171875,82021800.0,12358.8701171875
2018-08-15,12428.5595703125,12120.650390625,12400.26953125,12163.009765625,99703000.0,12163.009765625
2018-08-16,12251.400390625,12168.919921875,12202.1298828125,12237.169921875,81469900.0,12237.169921875
2018-08-17,12244.669921875,12135.6396484375,12242.0595703125,12210.5498046875,86038300.0,12210.5498046875
2018-08-20,12373.3603515625,12245.5595703125,12263.009765625,12331.2998046875,59670900.0,12331.2998046875
2018-08-21,12432.66015625,12316.349609375,12320.5595703125,12384.490234375,68597400.0,12384.490234375
2018-08-22,12438.66015625,12345.3203125,12355.5302734375,12385.7001953125,77192800.0,12385.7001953125
2018-08-23,12411.009765625,12353.5498046875,12367.48046875,12365.580078125,63669000.0,12365.580078125
2018-08-24,12444.349609375,12344.4501953125,12396.6904296875,12394.51953125,59051400.0,12394.51953125
2018-08-27,12562.3701171875,12429.33984375,12462.75,12538.3095703125,52201900.0,12538.3095703125
2018-08-28,12597.01953125,12527.419921875,12578.650390625,12527.419921875,72899400.0,12527.419921875
2018-08-29,12569.0595703125,12499.5302734375,12553.8603515625,12561.6796875,58192500.0,12561.6796875
2018-08-30,12529.2998046875,12400.1201171875,12516.5498046875,12494.240234375,73686200.0,12494.240234375
2018-08-31,12426.8603515625,12348.91015625,12418.259765625,12364.0595703125,90277000.0,12364.0595703125
2018-09-03,12358.169921875,12300.4697265625,12338.3603515625,12346.41015625,50769600.0,12346.41015625
2018-09-04,12402.8701171875,12162.7099609375,12389.4599609375,12210.2099609375,84476300.0,12210.2099609375
2018-09-05,12167.3603515625,12035.759765625,12161.650390625,12040.4599609375,109489900.0,12040.4599609375
2018-09-06,12091.98046875,11944.5,11995.8095703125,11955.25,87442600.0,11955.25
2018-09-07,11990.8095703125,11888.5703125,11960.099609375,11959.6298828125,101789700.0,11959.6298828125
2018-09-10,12039.2197265625,11930.2998046875,11950.5498046875,11986.33984375,80490500.0,11986.33984375
2018-09-11,12017.73046875,11865.4697265625,12013.009765625,11970.26953125,0.0,11970.26953125
2018-09-12,12046.66015625,11952.490234375,11989.26953125,12032.2998046875,112286500.0,12032.2998046875
2018-09-13,12129.8095703125,12017.41015625,12036.7900390625,12055.5498046875,97093400.0,12055.5498046875
2018-09-14,12134.5400390625,12075.580078125,12109.3701171875,12124.330078125,77747100.0,12124.330078125
2018-09-17,12123.08984375,12040.7998046875,12056.3798828125,12096.41015625,69270000.0,12096.41015625
2018-09-18,12184.41015625,12064.41015625,12097.1904296875,12157.669921875,84144700.0,12157.669921875
2018-09-19,12241.1396484375,12165.080078125,12168.2001953125,12219.01953125,98540100.0,12219.01953125
2018-09-20,12354.3798828125,12210.5703125,12210.9501953125,12326.48046875,110135400.0,12326.48046875
2018-09-21,12458.2998046875,12373.9501953125,12402.7197265625,12430.8798828125,400165400.0,12430.8798828125
2018-09-24,12409.9599609375,12349.2998046875,12383.419921875,12350.8203125,0.0,12350.8203125
2018-09-25,12416.8701171875,12322.1904296875,12341.849609375,12374.66015625,83206800.0,12374.66015625
2018-09-26,12395.919921875,12329.51953125,12395.2001953125,12385.8896484375,74964500.0,12385.8896484375
2018-09-27,12456.6904296875,12272.650390625,12329.400390625,12435.58984375,89854700.0,12435.58984375
2018-09-28,12394.16015625,12190.5703125,12381.3603515625,12246.73046875,110639600.0,12246.73046875
2018-10-01,12373.2900390625,12263.099609375,12265.8896484375,12339.0302734375,76918300.0,12339.0302734375
2018-10-02,12310.759765625,12203.599609375,12229.0703125,12287.580078125,82307700.0,12287.580078125
2018-10-04,12348.8603515625,12174.6904296875,12275.0703125,12244.1396484375,101177000.0,12244.1396484375
2018-10-05,12245.41015625,12103.5498046875,12236.2900390625,12111.900390625,94036400.0,12111.900390625
2018-10-08,12072.26953125,11938.7998046875,12044.9599609375,11947.16015625,77268800.0,11947.16015625
2018-10-09,11998.6396484375,11803.1904296875,11963.6298828125,11977.2197265625,77186000.0,11977.2197265625
2018-10-10,11978.7998046875,11712.26953125,11976.7001953125,11712.5,0.0,11712.5
2018-10-11,11700.5,11518.5595703125,11558.98046875,11539.349609375,142293600.0,11539.349609375
2018-10-12,11693.83984375,11514.5498046875,11691.4697265625,11523.8095703125,99171000.0,11523.8095703125
2018-10-15,11625.01953125,11459.080078125,11523.8095703125,11614.16015625,71968200.0,11614.16015625
2018-10-16,11790.150390625,11606.9697265625,11637.6201171875,11776.5498046875,85693600.0,11776.5498046875
2018-10-17,11847.7900390625,11669.9599609375,11811.4697265625,11715.0302734375,93600200.0,11715.0302734375
2018-10-18,11791.2197265625,11586.3203125,11695.1904296875,11589.2099609375,97180800.0,11589.2099609375
2018-10-19,11617.2802734375,11498.6904296875,11578.849609375,11553.830078125,128743800.0,11553.830078125
2018-10-22,11677.4501953125,11497.08984375,11665.6796875,11524.33984375,73772600.0,11524.33984375
2018-10-23,11394.2099609375,11228.5,11367.5703125,11274.2802734375,115195200.0,11274.2802734375
2018-10-24,11391.9404296875,11166.83984375,11298.650390625,11191.6298828125,117472700.0,11191.6298828125
2018-10-25,11324.919921875,11078.3701171875,11098.6796875,11307.1201171875,0.0,11307.1201171875
2018-10-26,11205.830078125,11051.0400390625,11180.9599609375,11200.6201171875,138702800.0,11200.6201171875
2018-10-29,11444.8603515625,11218.919921875,11270.669921875,11335.48046875,98716300.0,11335.48046875
2018-10-30,11394.3701171875,11212.580078125,11391.7802734375,11287.3896484375,99304800.0,11287.3896484375
2018-10-31,11499.3798828125,11391.6396484375,11417.08984375,11447.509765625,127284000.0,11447.509765625
2018-11-01,11575.4296875,11416.3603515625,11419.6103515625,11468.5400390625,98851100.0,11468.5400390625
2018-11-02,11689.9599609375,11518.8701171875,11636.3701171875,11518.990234375,109924000.0,11518.990234375
2018-11-05,11555.9697265625,11479.1904296875,11522.330078125,11494.9599609375,69373800.0,11494.9599609375
2018-11-06,11528.51953125,11436.5302734375,11518.169921875,11484.33984375,0.0,11484.33984375
2018-11-07,11634.8095703125,11532.33984375,11542.08984375,11579.099609375,85986800.0,11579.099609375
2018-11-08,11648.7900390625,11503.3603515625,11629.0,11527.3203125,80629900.0,11527.3203125
2018-11-09,11549.0595703125,11418.349609375,11489.1904296875,11529.16015625,103701100.0,11529.16015625
2018-11-12,11598.509765625,11310.7197265625,11591.58984375,11325.4404296875,93211100.0,11325.4404296875
2018-11-13,11495.6904296875,11349.9404296875,11374.1103515625,11472.2197265625,100043500.0,11472.2197265625
2018-11-14,11566.7900390625,11314.599609375,11394.75,11412.5302734375,106400600.0,11412.5302734375
2018-11-15,11500.66015625,11254.919921875,11447.83984375,11353.669921875,96865000.0,11353.669921875
2018-11-16,11448.5595703125,11233.2099609375,11425.7998046875,11341.0,113018300.0,11341.0
2018-11-19,11419.5498046875,11231.58984375,11384.0,11244.5400390625,78718200.0,11244.5400390625
2018-11-20,11187.16015625,11009.25,11157.650390625,11066.41015625,119967800.0,11066.41015625
2018-11-21,11257.830078125,11113.33984375,11138.25,11244.169921875,92605400.0,11244.169921875
2018-11-22,11221.76953125,11119.0400390625,11216.2900390625,11138.490234375,64564400.0,11138.490234375
2018-11-23,11205.990234375,11093.51953125,11146.5498046875,11192.6904296875,63011900.0,11192.6904296875
2018-11-26,11390.9296875,11301.8203125,11315.900390625,11354.7197265625,89434600.0,11354.7197265625
2018-11-27,11400.0498046875,11264.650390625,11380.7900390625,11309.1103515625,75453200.0,11309.1103515625
2018-11-28,11358.7998046875,11279.4599609375,11355.7998046875,11298.8798828125,72950500.0,11298.8798828125
2018-11-29,11403.7197265625,11275.7001953125,11377.2099609375,11298.23046875,92388200.0,11298.23046875
2018-11-30,11315.2998046875,11208.599609375,11311.66015625,11257.240234375,109013100.0,11257.240234375
2018-12-03,11566.9697265625,11457.6103515625,11534.75,11465.4599609375,101248500.0,11465.4599609375
2018-12-04,11442.1904296875,11330.4404296875,11429.8203125,11335.3203125,83807700.0,11335.3203125
2018-12-05,11266.2802734375,11177.150390625,11204.3203125,11200.240234375,73386400.0,11200.240234375
2018-12-06,11063.4404296875,10762.41015625,11053.580078125,10810.98046875,132009900.0,10810.98046875
2018-12-07,10927.3701171875,10788.08984375,10876.33984375,10788.08984375,100383400.0,10788.08984375
2018-12-10,10757.73046875,10585.76953125,10726.169921875,10622.0703125,119543200.0,10622.0703125
2018-12-11,10884.6201171875,10684.6201171875,10711.400390625,10780.509765625,101814600.0,10780.509765625
2018-12-12,10971.1201171875,10815.509765625,10832.0400390625,10929.4296875,103230400.0,10929.4296875
2018-12-13,10988.76953125,10887.259765625,10978.6796875,10924.7001953125,87998300.0,10924.7001953125
2018-12-14,10903.3896484375,10733.75,10809.580078125,10865.76953125,81422700.0,10865.76953125
2018-12-17,10886.7998046875,10700.6201171875,10852.990234375,10772.2001953125,85598700.0,10772.2001953125
2018-12-18,10841.419921875,10714.9697265625,10744.2802734375,10740.8896484375,96287600.0,10740.8896484375
2018-12-19,10831.4404296875,10749.5498046875,10777.419921875,10766.2099609375,96506200.0,10766.2099609375
2018-12-20,10686.3701171875,10563.4404296875,10621.1796875,10611.099609375,122450600.0,10611.099609375
2018-12-21,10654.66015625,10512.6396484375,10573.080078125,10633.8203125,216162200.0,10633.8203125
2018-12-27,10635.4501953125,10279.2001953125,10607.419921875,10381.509765625,104152600.0,10381.509765625
2018-12-28,10586.7998046875,10431.3798828125,10452.01953125,10558.9599609375,52604300.0,10558.9599609375
2019-01-02,10612.7197265625,10386.9697265625,10477.76953125,10580.1904296875,79626700.0,10580.1904296875
2019-01-03,10538.66015625,10400.1103515625,10467.1103515625,10416.66015625,84733800.0,10416.66015625
2019-01-04,10786.33984375,10483.900390625,10533.9404296875,10767.6904296875,95339500.0,10767.6904296875
2019-01-07,10814.4697265625,10681.26953125,10814.3896484375,10747.8095703125,71151400.0,10747.8095703125
2019-01-08,10910.7099609375,10745.0302734375,10750.1904296875,10803.98046875,93672200.0,10803.98046875
2019-01-09,10961.919921875,10839.08984375,10884.75,10893.3203125,96071900.0,10893.3203125
2019-01-10,10927.1298828125,10788.0498046875,10843.8896484375,10921.58984375,77255600.0,10921.58984375
2019-01-11,10959.0,10829.919921875,10949.1298828125,10887.4599609375,75537200.0,10887.4599609375
2019-01-14,10886.23046875,10786.75,10820.849609375,10855.91015625,65945800.0,10855.91015625
2019-01-15,10994.830078125,10812.58984375,10962.9501953125,10891.7900390625,80197500.0,10891.7900390625
2019-01-16,10947.8701171875,10866.3896484375,10940.3603515625,10931.240234375,79810600.0,10931.240234375
2019-01-17,10929.2998046875,10822.25,10852.5,10918.6201171875,79327000.0,10918.6201171875
2019-01-18,11216.8203125,10993.830078125,11001.3095703125,11205.5400390625,119133600.0,11205.5400390625
2019-01-21,11179.91015625,11125.5302734375,11176.1201171875,11136.2001953125,65955200.0,11136.2001953125
2019-01-22,11142.2197265625,11034.5498046875,11076.98046875,11090.1103515625,73446100.0,11090.1103515625
2019-01-23,11135.75,11007.2099609375,11043.6396484375,11071.5400390625,87752900.0,11071.5400390625
2019-01-24,11149.3203125,11032.5302734375,11045.6396484375,11130.1796875,110548100.0,11130.1796875
2019-01-25,11321.6201171875,11218.349609375,11234.0498046875,11281.7900390625,99999800.0,11281.7900390625
2019-01-28,11275.2099609375,11196.419921875,11233.16015625,11210.3095703125,73121100.0,11210.3095703125
2019-01-29,11276.2802734375,11159.169921875,11191.51953125,11218.830078125,75129000.0,11218.830078125
2019-01-30,11215.2099609375,11132.3798828125,11210.6796875,11181.66015625,73630500.0,11181.66015625
2019-01-31,11311.3701171875,11051.1103515625,11257.919921875,11173.099609375,111945200.0,11173.099609375
2019-02-01,11218.509765625,11116.080078125,11198.4599609375,11180.66015625,101700800.0,11180.66015625
2019-02-04,11209.3095703125,11100.33984375,11180.419921875,11176.580078125,74165400.0,11176.580078125
2019-02-05,11371.740234375,11177.7001953125,11178.75,11367.98046875,89418800.0,11367.98046875
2019-02-06,11347.9404296875,11297.419921875,11337.5400390625,11324.7197265625,75894800.0,11324.7197265625
2019-02-07,11286.4599609375,11022.01953125,11262.9697265625,11022.01953125,108021800.0,11022.01953125
2019-02-08,11045.41015625,10863.5595703125,10991.7900390625,10906.7802734375,102300800.0,10906.7802734375
2019-02-11,11041.9501953125,10944.580078125,10955.830078125,11014.58984375,69553100.0,11014.58984375
2019-02-12,11164.3798828125,11116.8603515625,11123.4296875,11126.080078125,74843600.0,11126.080078125
2019-02-13,11217.2998046875,11125.58984375,11174.849609375,11167.2197265625,69772400.0,11167.2197265625
2019-02-14,11260.5498046875,11077.7802734375,11257.7998046875,11089.7900390625,83384200.0,11089.7900390625
2019-02-15,11323.0498046875,11018.9501953125,11044.7998046875,11299.7998046875,105640900.0,11299.7998046875
2019-02-18,11318.1904296875,11256.26953125,11287.740234375,11299.2001953125,55484300.0,11299.2001953125
2019-02-19,11371.4404296875,11244.51953125,11280.73046875,11309.2099609375,67147500.0,11309.2099609375
2019-02-20,11437.4697265625,11318.740234375,11338.740234375,11401.9697265625,71844800.0,11401.9697265625
2019-02-21,11454.4404296875,11392.26953125,11448.650390625,11423.2802734375,77779400.0,11423.2802734375
2019-02-22,11504.7099609375,11420.740234375,11422.6201171875,11457.7001953125,66893800.0,11457.7001953125
2019-02-25,11544.3095703125,11480.490234375,11517.759765625,11505.3896484375,69949900.0,11505.3896484375
2019-02-26,11556.8701171875,11441.8701171875,11446.2900390625,11540.7900390625,74034400.0,11540.7900390625
2019-02-27,11521.2197265625,11442.9697265625,11493.8095703125,11487.330078125,84265200.0,11487.330078125
2019-02-28,11524.990234375,11416.080078125,11430.7998046875,11515.6396484375,84129900.0,11515.6396484375
2019-03-01,11676.8603515625,11583.080078125,11584.240234375,11601.6796875,72715100.0,11601.6796875
2019-03-04,11650.4404296875,11591.740234375,11646.2099609375,11592.66015625,58412600.0,11592.66015625
2019-03-05,11627.7802734375,11551.4501953125,11570.9697265625,11620.740234375,63643000.0,11620.740234375
2019-03-06,11652.76953125,11565.2197265625,11593.2099609375,11587.6298828125,65204400.0,11587.6298828125
2019-03-07,11612.9501953125,11452.8603515625,11546.419921875,11517.7998046875,99533100.0,11517.7998046875
2019-03-08,11475.5498046875,11405.2099609375,11429.76953125,11457.83984375,81946100.0,11457.83984375
2019-03-11,11550.58984375,11462.900390625,11497.98046875,11543.48046875,71575600.0,11543.48046875
2019-03-12,11618.73046875,11499.4697265625,11612.4599609375,11524.169921875,87365300.0,11524.169921875
2019-03-13,11586.900390625,11486.740234375,11499.3203125,11572.41015625,78369100.0,11572.41015625
2019-03-14,11635.759765625,11541.099609375,11573.419921875,11587.4697265625,87594200.0,11587.4697265625
2019-03-15,11725.66015625,11575.330078125,11608.669921875,11685.6904296875,187987500.0,11685.6904296875
2019-03-18,11712.3603515625,11635.8798828125,11685.5400390625,11657.0595703125,91113700.0,11657.0595703125
2019-03-19,11823.2900390625,11652.01953125,11672.759765625,11788.41015625,81542500.0,11788.41015625
2019-03-20,11721.41015625,11596.2001953125,11704.4404296875,11603.8896484375,100826500.0,11603.8896484375
2019-03-21,11582.5400390625,11467.7900390625,11566.8701171875,11549.9599609375,91619300.0,11549.9599609375
2019-03-22,11623.9697265625,11356.490234375,11578.3896484375,11364.169921875,112187500.0,11364.169921875
2019-03-25,11392.0,11312.5400390625,11323.2001953125,11346.650390625,75056300.0,11346.650390625
2019-03-26,11447.1298828125,11299.7998046875,11374.1796875,11419.48046875,79984300.0,11419.48046875
2019-03-27,11502.349609375,11368.1298828125,11439.01953125,11419.0400390625,102107000.0,11419.0400390625
2019-03-28,11494.150390625,11414.66015625,11422.16015625,11428.16015625,89405300.0,11428.16015625
2019-03-29,11549.419921875,11442.1201171875,11492.08984375,11526.0400390625,89325500.0,11526.0400390625
2019-04-01,11706.6396484375,11612.7001953125,11617.1796875,11681.990234375,96979200.0,11681.990234375
2019-04-02,11777.650390625,11659.150390625,11703.240234375,11754.7900390625,77384300.0,11754.7900390625
2019-04-03,11961.3603515625,11854.2099609375,11855.400390625,11954.400390625,93396300.0,11954.400390625
2019-04-04,12029.259765625,11916.5703125,11924.6103515625,11988.009765625,77816900.0,11988.009765625
2019-04-05,12024.23046875,11967.7001953125,11993.2197265625,12009.75,72712300.0,12009.75
2019-04-08,11989.58984375,11948.259765625,11979.73046875,11963.400390625,63676500.0,11963.400390625
2019-04-09,11988.5302734375,11850.5703125,11927.009765625,11850.5703125,65890100.0,11850.5703125
2019-04-10,11937.1103515625,11863.7998046875,11864.4599609375,11905.91015625,0.0,11905.91015625
2019-04-11,11963.4296875,11846.599609375,11914.509765625,11935.2001953125,0.0,11935.2001953125
2019-04-12,12031.150390625,11889.990234375,11912.580078125,11999.9296875,0.0,11999.9296875
2019-04-15,12029.98046875,11983.330078125,12011.1103515625,12020.2802734375,0.0,12020.2802734375
2019-04-16,12116.25,12025.66015625,12026.740234375,12101.3203125,0.0,12101.3203125
2019-04-17,12195.0,12086.8896484375,12100.4404296875,12153.0703125,0.0,12153.0703125
2019-04-18,12243.6298828125,12100.0,12138.1396484375,12222.3896484375,0.0,12222.3896484375
2019-04-23,12251.8095703125,12182.98046875,12224.3203125,12235.509765625,0.0,12235.509765625
2019-04-24,12349.830078125,12223.98046875,12232.990234375,12313.16015625,0.0,12313.16015625
2019-04-25,12321.7900390625,12236.1396484375,12304.5302734375,12282.599609375,0.0,12282.599609375
2019-04-26,12323.6396484375,12259.759765625,12284.4599609375,12315.1796875,0.0,12315.1796875
2019-04-29,12376.0595703125,12266.33984375,12308.98046875,12328.01953125,0.0,12328.01953125
2019-04-30,12345.3095703125,12281.7197265625,12313.9697265625,12344.080078125,0.0,12344.080078125
2019-05-02,12402.8701171875,12303.9599609375,12349.099609375,12345.419921875,0.0,12345.419921875
2019-05-03,12435.669921875,12344.23046875,12345.3203125,12412.75,0.0,12412.75
2019-05-06,12298.66015625,12135.419921875,12171.900390625,12286.8798828125,0.0,12286.8798828125
2019-05-07,12319.0498046875,12056.7998046875,12298.7099609375,12092.740234375,0.0,12092.740234375
2019-05-08,12208.48046875,12063.740234375,12110.8701171875,12179.9296875,0.0,12179.9296875
2019-05-09,12125.9599609375,11957.3095703125,12098.01953125,11973.919921875,0.0,11973.919921875
2019-05-10,12140.6103515625,12009.75,12105.2802734375,12059.830078125,0.0,12059.830078125
2019-05-13,12052.9296875,11844.4697265625,12044.099609375,11876.650390625,0.0,11876.650390625
2019-05-14,11991.830078125,11897.9296875,11908.76953125,11991.6201171875,0.0,11991.6201171875
2019-05-15,12099.5703125,11862.2099609375,12018.4501953125,12099.5703125,0.0,12099.5703125
2019-05-16,12310.3701171875,12030.2998046875,12077.3603515625,12310.3701171875,0.0,12310.3701171875
2019-05-17,12270.8896484375,12150.330078125,12252.6796875,12238.9404296875,0.0,12238.9404296875
2019-05-20,12246.5,11993.91015625,12226.849609375,12041.2900390625,0.0,12041.2900390625
2019-05-21,12178.25,12066.900390625,12111.7998046875,12143.4697265625,0.0,12143.4697265625
2019-05-22,12211.0302734375,12055.5,12141.4599609375,12168.740234375,0.0,12168.740234375
2019-05-23,12082.75,11926.33984375,12064.2900390625,11952.41015625,0.0,11952.41015625
2019-05-24,12082.0498046875,11990.7900390625,12027.3095703125,12011.0400390625,0.0,12011.0400390625
2019-05-27,12124.5498046875,12050.490234375,12077.8798828125,12071.1796875,0.0,12071.1796875
2019-05-28,12113.3095703125,11992.41015625,12100.3896484375,12027.0498046875,0.0,12027.0498046875
2019-05-29,11927.6396484375,11828.75,11906.01953125,11837.8095703125,0.0,11837.8095703125
2019-05-30,11924.66015625,11858.2900390625,11885.0703125,11902.080078125,0.0,11902.080078125
2019-05-31,11755.1201171875,11662.0703125,11742.2099609375,11726.83984375,0.0,11726.83984375
2019-06-03,11793.6298828125,11620.6396484375,11661.1201171875,11792.8095703125,0.0,11792.8095703125
2019-06-04,11987.8896484375,11713.8701171875,11716.5498046875,11971.169921875,0.0,11971.169921875
2019-06-05,12057.73046875,11928.8701171875,11981.1796875,11980.8095703125,0.0,11980.8095703125
2019-06-06,12076.9501953125,11899.8203125,11987.919921875,11953.1396484375,0.0,11953.1396484375
2019-06-07,12096.6103515625,11987.169921875,12003.919921875,12045.3798828125,0.0,12045.3798828125
2019-06-11,12227.400390625,12117.33984375,12133.599609375,12155.8095703125,0.0,12155.8095703125
2019-06-12,12132.2802734375,12068.1103515625,12093.98046875,12115.6796875,0.0,12115.6796875
2019-06-13,12201.7802734375,12079.599609375,12095.2099609375,12169.0498046875,0.0,12169.0498046875
2019-06-14,12136.650390625,12049.759765625,12124.3603515625,12096.400390625,0.0,12096.400390625
2019-06-17,12124.6796875,12059.919921875,12112.4697265625,12085.8203125,0.0,12085.8203125
2019-06-18,12358.0,11987.5498046875,12069.3701171875,12331.75,0.0,12331.75
2019-06-19,12346.7001953125,12291.1904296875,12321.4296875,12308.5302734375,0.0,12308.5302734375
2019-06-20,12438.3701171875,12355.3896484375,12409.580078125,12355.3896484375,0.0,12355.3896484375
2019-06-21,12425.2001953125,12316.41015625,12351.98046875,12339.919921875,0.0,12339.919921875
2019-06-24,12341.5595703125,12250.7099609375,12308.1103515625,12274.5703125,0.0,12274.5703125
2019-06-25,12284.5703125,12213.41015625,12226.8798828125,12228.4404296875,0.0,12228.4404296875
2019-06-26,12315.83984375,12189.490234375,12210.51953125,12245.3203125,0.0,12245.3203125
2019-06-27,12334.5703125,12209.33984375,12308.259765625,12271.0302734375,0.0,12271.0302734375
2019-06-28,12408.2197265625,12297.6298828125,12302.76953125,12398.7998046875,0.0,12398.7998046875
2019-07-01,12619.6796875,12519.2998046875,12616.33984375,12521.3798828125,0.0,12521.3798828125
2019-07-02,12548.2197265625,12484.259765625,12546.9296875,12526.7197265625,0.0,12526.7197265625
2019-07-03,12631.8095703125,12545.7900390625,12548.2998046875,12616.240234375,0.0,12616.240234375
2019-07-04,12656.0498046875,12616.2900390625,12644.349609375,12629.900390625,0.0,12629.900390625
2019-07-05,12632.1201171875,12522.1103515625,12632.1201171875,12568.5302734375,0.0,12568.5302734375
2019-07-08,12587.4404296875,12507.7197265625,12541.1796875,12543.509765625,0.0,12543.509765625
2019-07-09,12477.580078125,12364.16015625,12436.9697265625,12436.5498046875,0.0,12436.5498046875
2019-07-10,12448.8095703125,12356.7998046875,12412.990234375,12373.41015625,0.0,12373.41015625
2019-07-11,12417.9296875,12307.33984375,12401.01953125,12332.1201171875,0.0,12332.1201171875
2019-07-12,12354.8701171875,12304.98046875,12318.5,12323.3203125,0.0,12323.3203125
2019-07-15,12434.1396484375,12301.080078125,12346.58984375,12387.33984375,0.0,12387.33984375
2019-07-16,12465.1904296875,12366.9697265625,12392.1904296875,12430.9697265625,0.0,12430.9697265625
2019-07-17,12453.330078125,12324.330078125,12429.8701171875,12341.0302734375,72857800.0,12341.0302734375
2019-07-18,12296.2998046875,12172.58984375,12194.330078125,12227.849609375,73275500.0,12227.849609375
2019-07-19,12340.1103515625,12211.669921875,12302.6396484375,12260.0703125,77803200.0,12260.0703125
2019-07-22,12346.01953125,12236.7001953125,12243.580078125,12289.400390625,58508700.0,12289.400390625
2019-07-23,12531.16015625,12369.1904296875,12384.66015625,12490.740234375,94402100.0,12490.740234375
2019-07-24,12550.33984375,12476.5498046875,12510.51953125,12522.8896484375,93206200.0,12522.8896484375
2019-07-25,12599.9296875,12299.099609375,12576.01953125,12362.099609375,115937000.0,12362.099609375
2019-07-26,12428.0498046875,12356.150390625,12363.8603515625,12419.900390625,71108800.0,12419.900390625
2019-07-29,12473.9697265625,12387.580078125,12398.2900390625,12417.4697265625,64309600.0,12417.4697265625
2019-07-30,12404.509765625,12115.2802734375,12398.240234375,12147.240234375,114710200.0,12147.240234375
2019-07-31,12226.490234375,12139.0302734375,12149.08984375,12189.0400390625,91199000.0,12189.0400390625
2019-08-01,12254.0302734375,12129.330078125,12134.7099609375,12253.150390625,87758900.0,12253.150390625
2019-08-02,12034.91015625,11836.75,12033.6796875,11872.4404296875,138678400.0,11872.4404296875
2019-08-05,11797.51953125,11628.5703125,11758.4404296875,11658.509765625,113784300.0,11658.509765625
2019-08-06,11748.830078125,11567.9599609375,11690.26953125,11567.9599609375,86220300.0,11567.9599609375
2019-08-07,11747.740234375,11559.759765625,11636.33984375,11650.150390625,108829300.0,11650.150390625
2019-08-08,11845.41015625,11683.990234375,11752.9599609375,11845.41015625,101153300.0,11845.41015625
2019-08-09,11865.6298828125,11674.1103515625,11806.8203125,11693.7998046875,107173100.0,11693.7998046875
2019-08-12,11836.9697265625,11647.009765625,11801.0595703125,11679.6796875,76120900.0,11679.6796875
2019-08-13,11835.8798828125,11539.6298828125,11632.849609375,11750.1298828125,116609400.0,11750.1298828125
2019-08-14,11759.5703125,11459.3701171875,11758.75,11492.66015625,106028900.0,11492.66015625
2019-08-15,11530.009765625,11266.48046875,11522.4599609375,11412.669921875,116680900.0,11412.669921875
2019-08-16,11578.83984375,11447.33984375,11460.650390625,11562.740234375,114055600.0,11562.740234375
2019-08-19,11759.0,11625.669921875,11679.7197265625,11715.3701171875,78455800.0,11715.3701171875
2019-08-20,11764.9296875,11618.9296875,11711.7802734375,11651.1796875,68833300.0,11651.1796875
2019-08-21,11824.66015625,11673.3701171875,11673.66015625,11802.849609375,62803500.0,11802.849609375
2019-08-22,11853.1396484375,11715.259765625,11756.2099609375,11747.0400390625,74446100.0,11747.0400390625
2019-08-23,11823.1201171875,11611.509765625,11805.48046875,11611.509765625,90301100.0,11611.509765625
2019-08-26,11696.7802734375,11551.990234375,11619.66015625,11658.0400390625,54752500.0,11658.0400390625
2019-08-27,11778.6201171875,11616.08984375,11638.509765625,11730.01953125,82363700.0,11730.01953125
2019-08-28,11717.7900390625,11573.6396484375,11704.669921875,11701.01953125,59962600.0,11701.01953125
2019-08-29,11853.91015625,11661.73046875,11686.83984375,11838.8798828125,72992700.0,11838.8798828125
2019-08-30,11989.4404296875,11845.16015625,11850.2998046875,11939.2802734375,77686500.0,11939.2802734375
2019-09-02,11994.1103515625,11929.91015625,11939.990234375,11953.7802734375,46207600.0,11953.7802734375
2019-09-03,11956.6904296875,11869.2802734375,11921.9404296875,11910.8603515625,66704200.0,11910.8603515625
2019-09-04,12078.400390625,11999.830078125,12043.9599609375,12025.0400390625,63323800.0,12025.0400390625
2019-09-05,12151.3095703125,12084.169921875,12117.900390625,12126.7802734375,89831600.0,12126.7802734375
2019-09-06,12205.099609375,12131.2900390625,12146.0,12191.73046875,80411000.0,12191.73046875
2019-09-09,12245.1103515625,12189.599609375,12210.8701171875,12226.099609375,74246100.0,12226.099609375
2019-09-10,12292.1396484375,12179.8798828125,12210.8798828125,12268.7099609375,107899800.0,12268.7099609375
2019-09-11,12394.2802734375,12317.6103515625,12341.83984375,12359.0703125,90579200.0,12359.0703125
2019-09-12,12471.830078125,12311.8095703125,12399.400390625,12410.25,111214300.0,12410.25
2019-09-13,12494.25,12408.9296875,12412.7197265625,12468.5302734375,90990500.0,12468.5302734375
2019-09-16,12421.25,12362.98046875,12387.6796875,12380.3095703125,80505200.0,12380.3095703125
2019-09-17,12392.9697265625,12303.509765625,12370.9599609375,12372.6103515625,77784600.0,12372.6103515625
2019-09-18,12416.0498046875,12354.490234375,12361.23046875,12389.6201171875,70537600.0,12389.6201171875
2019-09-19,12466.7802734375,12354.830078125,12355.919921875,12457.7001953125,81542000.0,12457.7001953125
2019-09-20,12490.83984375,12418.5,12462.5703125,12468.009765625,192994000.0,12468.009765625
2019-09-23,12441.01953125,12264.1396484375,12432.2998046875,12342.330078125,80383600.0,12342.330078125
2019-09-24,12375.3095703125,12307.150390625,12368.9599609375,12307.150390625,60350800.0,12307.150390625
2019-09-25,12261.0595703125,12141.8203125,12250.080078125,12234.1796875,72631600.0,12234.1796875
2019-09-26,12313.150390625,12223.2900390625,12227.76953125,12288.5400390625,78923300.0,12288.5400390625
2019-09-27,12404.4697265625,12324.7099609375,12327.7900390625,12380.9404296875,66140900.0,12380.9404296875
2019-09-30,12441.0302734375,12346.9404296875,12367.8095703125,12428.080078125,70129900.0,12428.080078125
2019-10-01,12497.2802734375,12263.830078125,12469.669921875,12263.830078125,78839200.0,12263.830078125
2019-10-02,12226.8603515625,11925.25,12221.740234375,11925.25,95636000.0,11925.25
2019-10-04,12012.91015625,11878.98046875,11958.3095703125,12012.8095703125,88134300.0,12012.8095703125
2019-10-07,12105.08984375,11969.3203125,12008.76953125,12097.4296875,65614000.0,12097.4296875
2019-10-08,12097.9404296875,11933.01953125,12097.8896484375,11970.2001953125,80877600.0,11970.2001953125
2019-10-09,12165.5302734375,11953.1201171875,11973.8203125,12094.259765625,68812700.0,12094.259765625
2019-10-10,12202.7099609375,12029.4599609375,12082.8896484375,12164.2001953125,88437900.0,12164.2001953125
2019-10-11,12511.650390625,12240.9404296875,12248.8798828125,12511.650390625,100870000.0,12511.650390625
2019-10-14,12495.240234375,12387.9501953125,12468.7802734375,12486.5595703125,59086900.0,12486.5595703125
2019-10-15,12682.400390625,12511.900390625,12565.6796875,12629.7900390625,94185500.0,12629.7900390625
2019-10-16,12698.3701171875,12603.830078125,12644.1796875,12670.1103515625,99475900.0,12670.1103515625
2019-10-17,12814.490234375,12647.8603515625,12655.3203125,12654.9501953125,99302200.0,12654.9501953125
2019-10-18,12700.3798828125,12603.169921875,12637.009765625,12633.599609375,88676100.0,12633.599609375
2019-10-21,12787.349609375,12646.2802734375,12661.9296875,12747.9599609375,80978200.0,12747.9599609375
2019-10-22,12791.3095703125,12730.7001953125,12757.73046875,12754.6904296875,79430700.0,12754.6904296875
2019-10-23,12819.2197265625,12699.849609375,12702.919921875,12798.1904296875,76218700.0,12798.1904296875
2019-10-24,12914.240234375,12820.669921875,12860.6298828125,12872.099609375,84318900.0,12872.099609375
2019-10-25,12895.849609375,12834.0,12886.419921875,12894.509765625,59800700.0,12894.509765625
2019-10-28,12986.490234375,12892.83984375,12897.400390625,12941.7099609375,69024100.0,12941.7099609375
2019-10-29,12951.8798828125,12897.33984375,12946.33984375,12939.6201171875,76948300.0,12939.6201171875
2019-10-30,12944.259765625,12830.330078125,12929.419921875,12910.23046875,100397400.0,12910.23046875
2019-10-31,12953.33984375,12795.08984375,12937.58984375,12866.7900390625,100660900.0,12866.7900390625
2019-11-01,12992.0703125,12896.7197265625,12912.08984375,12961.0498046875,65905400.0,12961.0498046875
2019-11-04,13171.169921875,13019.1796875,13022.9501953125,13136.2802734375,84782400.0,13136.2802734375
2019-11-05,13166.080078125,13112.650390625,13134.330078125,13148.5,83190400.0,13148.5
2019-11-06,13187.66015625,13110.91015625,13150.9404296875,13179.8896484375,80045600.0,13179.8896484375
2019-11-07,13300.759765625,13227.3701171875,13258.259765625,13289.4599609375,117100600.0,13289.4599609375
2019-11-08,13278.1796875,13195.830078125,13248.6201171875,13228.5595703125,95599200.0,13228.5595703125
2019-11-11,13225.6201171875,13144.08984375,13170.1796875,13198.3701171875,72597200.0,13198.3701171875
2019-11-12,13308.259765625,13214.66015625,13243.5302734375,13283.509765625,82741400.0,13283.509765625
2019-11-13,13273.8203125,13139.25,13244.0498046875,13230.0703125,77193800.0,13230.0703125
2019-11-14,13219.2998046875,13159.6904296875,13198.330078125,13180.23046875,81582700.0,13180.23046875
2019-11-15,13261.7197265625,13172.8896484375,13261.7197265625,13241.75,81039800.0,13241.75
2019-11-18,13282.41015625,13137.8798828125,13255.7802734375,13207.009765625,69775200.0,13207.009765625
2019-11-19,13374.26953125,13187.91015625,13235.2802734375,13221.1201171875,68664200.0,13221.1201171875
2019-11-20,13182.2197265625,13071.330078125,13127.4501953125,13158.1396484375,68735300.0,13158.1396484375
2019-11-21,13171.849609375,13043.900390625,13083.0,13137.7001953125,74515800.0,13137.7001953125
2019-11-22,13244.5703125,13120.6298828125,13145.76953125,13163.8798828125,74716200.0,13163.8798828125
2019-11-25,13268.9697265625,13210.25,13247.509765625,13246.4501953125,54920200.0,13246.4501953125
2019-11-26,13261.98046875,13193.75,13256.400390625,13236.419921875,89580100.0,13236.419921875
2019-11-27,13314.919921875,13219.4296875,13291.08984375,13287.0703125,67304300.0,13287.0703125
2019-11-28,13259.2900390625,13215.7099609375,13247.6103515625,13245.580078125,36771000.0,13245.580078125
2019-11-29,13290.330078125,13165.0703125,13179.25,13236.3798828125,71753700.0,13236.3798828125
2019-12-02,13338.25,12954.5,13264.9296875,12964.6796875,105692200.0,12964.6796875
2019-12-03,13086.0302734375,12927.0703125,13039.6103515625,12989.2900390625,87003100.0,12989.2900390625
2019-12-04,13157.3603515625,12995.3203125,12998.66015625,13140.5703125,68441900.0,13140.5703125
2019-12-05,13188.6396484375,13054.7998046875,13144.3798828125,13054.7998046875,54216400.0,13054.7998046875
2019-12-06,13171.2099609375,13055.98046875,13087.509765625,13166.580078125,60141700.0,13166.580078125
2019-12-09,13170.76953125,13100.240234375,13147.5703125,13105.6103515625,50345100.0,13105.6103515625
2019-12-10,13091.7099609375,12886.5498046875,13065.830078125,13070.7197265625,80064000.0,13070.7197265625
2019-12-11,13169.76953125,13042.7001953125,13075.4296875,13146.740234375,69220500.0,13146.740234375
2019-12-12,13287.8095703125,13105.0703125,13167.5595703125,13221.6396484375,83998800.0,13221.6396484375
2019-12-13,13423.41015625,13255.5498046875,13383.259765625,13282.7197265625,106137100.0,13282.7197265625
2019-12-16,13425.849609375,13338.3798828125,13349.8603515625,13407.66015625,71200800.0,13407.66015625
2019-12-17,13394.4697265625,13269.4296875,13391.26953125,13287.830078125,79260500.0,13287.830078125
2019-12-18,13286.0,13215.8798828125,13266.349609375,13222.16015625,71001000.0,13222.16015625
2019-12-19,13248.98046875,13140.2197265625,13226.7001953125,13211.9599609375,84018200.0,13211.9599609375
2019-12-20,13324.1103515625,13201.7998046875,13210.259765625,13318.900390625,170723200.0,13318.900390625
2019-12-23,13331.8603515625,13285.5498046875,13304.76953125,13300.98046875,56215400.0,13300.98046875
2019-12-27,13381.4404296875,13311.51953125,13338.3203125,13337.1103515625,43758600.0,13337.1103515625
2019-12-30,13316.6201171875,13244.169921875,13301.4296875,13249.009765625,31427400.0,13249.009765625
2020-01-02,13425.0302734375,13225.16015625,13233.7099609375,13385.9296875,75341400.0,13385.9296875
2020-01-03,13282.740234375,13120.7197265625,13266.3896484375,13219.1396484375,80793400.0,13219.1396484375
2020-01-06,13143.1103515625,12948.169921875,13085.490234375,13126.990234375,71778600.0,13126.990234375
2020-01-07,13283.8798828125,13166.400390625,13199.58984375,13226.830078125,78282300.0,13226.830078125
2020-01-08,13334.0400390625,13106.26953125,13140.490234375,13320.1796875,88178800.0,13320.1796875
2020-01-09,13523.33984375,13456.7802734375,13474.759765625,13495.0595703125,86965600.0,13495.0595703125
2020-01-10,13548.2001953125,13483.3095703125,13533.4599609375,13483.3095703125,77941000.0,13483.3095703125
2020-01-13,13529.2099609375,13404.7197265625,13521.8603515625,13451.51953125,67208300.0,13451.51953125
2020-01-14,13487.900390625,13362.2001953125,13439.2001953125,13456.490234375,74555400.0,13456.490234375
2020-01-15,13458.91015625,13388.48046875,13444.9501953125,13432.2998046875,72046400.0,13432.2998046875
2020-01-16,13492.740234375,13382.98046875,13463.4599609375,13429.4296875,39611800.0,13429.4296875
2020-01-17,13557.7802734375,13497.2998046875,13513.48046875,13526.1298828125,86342800.0,13526.1298828125
2020-01-20,13550.830078125,13487.2099609375,13503.830078125,13548.9404296875,52882400.0,13548.9404296875
2020-01-21,13560.6796875,13443.25,13456.900390625,13555.8701171875,64630900.0,13555.8701171875
2020-01-22,13640.0595703125,13498.0302734375,13601.650390625,13515.75,73130700.0,13515.75
2020-01-23,13486.1396484375,13382.23046875,13455.900390625,13388.419921875,90749900.0,13388.419921875
2020-01-24,13604.849609375,13510.7900390625,13512.83984375,13576.6796875,87986400.0,13576.6796875
2020-01-27,13399.419921875,13195.2802734375,13374.990234375,13204.76953125,101409200.0,13204.76953125
2020-01-28,13327.1201171875,13163.3603515625,13274.009765625,13323.6904296875,91825300.0,13323.6904296875
2020-01-29,13371.2998046875,13296.0302734375,13316.419921875,13345.0,67876800.0,13345.0
2020-01-30,13262.1796875,13118.9697265625,13186.490234375,13157.1201171875,100706100.0,13157.1201171875
2020-01-31,13208.4697265625,12973.7001953125,13196.7998046875,12981.9697265625,106903800.0,12981.9697265625
2020-02-03,13052.1103515625,12988.150390625,13033.169921875,12998.6796875,0.0,12998.6796875
