Date,High,Low,Open,Close,Volume,Adj Close
2017-01-30,5636.08984375,5578.759765625,5635.85986328125,5613.7099609375,1777090000,5613.7099609375
2017-01-31,5615.14990234375,5576.08984375,5592.8701171875,5614.7900390625,2041480000,5614.7900390625
2017-02-01,5662.10986328125,5621.02978515625,5654.509765625,5642.64990234375,2223560000,5642.64990234375
2017-02-02,5656.009765625,5616.39990234375,5627.14990234375,5636.2001953125,2073980000,5636.2001953125
2017-02-03,5666.83984375,5647.580078125,5650.72998046875,5666.77001953125,1786860000,5666.77001953125
2017-02-06,5668.2001953125,5650.259765625,5656.9501953125,5663.5498046875,1732280000,5663.5498046875
2017-02-07,5689.60009765625,5664.81982421875,5674.85986328125,5674.22021484375,1919100000,5674.22021484375
2017-02-08,5686.9599609375,5649.39013671875,5662.9501953125,5682.4501953125,1945060000,5682.4501953125
2017-02-09,5722.7099609375,5685.14990234375,5688.02001953125,5715.18017578125,1943840000,5715.18017578125
2017-02-10,5743.43017578125,5717.419921875,5726.169921875,5734.1298828125,1852010000,5734.1298828125
2017-02-13,5770.990234375,5751.919921875,5753.18994140625,5763.9599609375,1840010000,5763.9599609375
2017-02-14,5783.08984375,5748.740234375,5756.509765625,5782.56982421875,1945160000,5782.56982421875
2017-02-15,5821.9501953125,5776.7001953125,5777.89990234375,5819.43994140625,2083660000,5819.43994140625
2017-02-16,5835.14990234375,5796.7099609375,5823.009765625,5814.89990234375,1943600000,5814.89990234375
2017-02-17,5838.580078125,5800.7998046875,5807.31005859375,5838.580078125,1875580000,5838.580078125
2017-02-21,5867.89013671875,5847.5,5850.2001953125,5865.9501953125,1935110000,5865.9501953125
2017-02-22,5864.419921875,5848.27978515625,5857.56005859375,5860.6298828125,1872330000,5860.6298828125
2017-02-23,5866.9599609375,5809.5498046875,5866.81982421875,5835.509765625,1879670000,5835.509765625
2017-02-24,5845.31005859375,5800.5498046875,5802.330078125,5845.31005859375,1683280000,5845.31005859375
2017-02-27,5861.89990234375,5827.0,5835.0400390625,5861.89990234375,1876090000,5861.89990234375
2017-02-28,5855.06982421875,5817.22021484375,5852.7900390625,5825.43994140625,2298380000,5825.43994140625
2017-03-01,5911.7900390625,5865.7900390625,5874.85986328125,5904.02978515625,2210360000,5904.02978515625
2017-03-02,5897.009765625,5856.2998046875,5897.009765625,5861.22021484375,2040770000,5861.22021484375
2017-03-03,5870.75,5841.47021484375,5854.27001953125,5870.75,1852130000,5870.75
2017-03-06,5857.740234375,5827.4599609375,5846.419921875,5849.18017578125,1767840000,5849.18017578125
2017-03-07,5859.77001953125,5826.31982421875,5836.1201171875,5833.93017578125,1822000000,5833.93017578125
2017-03-08,5860.6298828125,5832.6298828125,5838.43994140625,5837.5498046875,1810480000,5837.5498046875
2017-03-09,5852.5400390625,5812.080078125,5834.669921875,5838.81005859375,1883930000,5838.81005859375
2017-03-10,5872.60009765625,5835.43994140625,5867.16015625,5861.72998046875,1982150000,5861.72998046875
2017-03-13,5877.43017578125,5860.830078125,5863.47998046875,5875.77978515625,1799340000,5875.77978515625
2017-03-14,5860.5,5831.8798828125,5860.06982421875,5856.81982421875,1663170000,5856.81982421875
2017-03-15,5911.2001953125,5858.16015625,5869.97998046875,5900.0498046875,1952690000,5900.0498046875
2017-03-16,5911.47998046875,5887.240234375,5907.85986328125,5900.759765625,1766980000,5900.759765625
2017-03-17,5912.60986328125,5890.419921875,5898.580078125,5901.0,3184130000,5901.0
2017-03-20,5915.1201171875,5888.1201171875,5898.81005859375,5901.52978515625,1730550000,5901.52978515625
2017-03-21,5928.06005859375,5790.72998046875,5923.419921875,5793.830078125,2192090000,5793.830078125
2017-03-22,5825.669921875,5781.7998046875,5790.58984375,5821.64013671875,1857680000,5821.64013671875
2017-03-23,5842.81982421875,5806.97998046875,5812.31005859375,5817.68994140625,1742640000,5817.68994140625
2017-03-24,5858.9501953125,5807.830078125,5839.330078125,5828.740234375,1841920000,5828.740234375
2017-03-27,5849.2001953125,5769.39013671875,5776.330078125,5840.3701171875,1670760000,5840.3701171875
2017-03-28,5888.7001953125,5828.85986328125,5836.5,5875.14013671875,1820860000,5875.14013671875
2017-03-29,5900.8701171875,5870.93017578125,5875.35009765625,5897.5498046875,1718680000,5897.5498046875
2017-03-30,5916.77001953125,5894.0,5896.14990234375,5914.33984375,1723770000,5914.33984375
2017-03-31,5927.81005859375,5901.77001953125,5905.6298828125,5911.740234375,1902800000,5911.740234375
2017-04-03,5928.93017578125,5867.72998046875,5917.31982421875,5894.68017578125,1854200000,5894.68017578125
2017-04-04,5901.39013671875,5878.759765625,5878.759765625,5898.60986328125,1790840000,5898.60986328125
2017-04-05,5936.39013671875,5856.259765625,5911.919921875,5864.47998046875,2204490000,5864.47998046875
2017-04-06,5889.580078125,5856.22021484375,5870.52001953125,5878.9501953125,1845800000,5878.9501953125
2017-04-07,5892.06982421875,5855.509765625,5873.93994140625,5877.81005859375,1692150000,5877.81005859375
2017-04-10,5907.85009765625,5865.56005859375,5883.43017578125,5880.93017578125,1630070000,5880.93017578125
2017-04-11,5878.93994140625,5819.2900390625,5871.16015625,5866.77001953125,1821650000,5866.77001953125
2017-04-12,5868.08984375,5830.43994140625,5863.58984375,5836.16015625,1658960000,5836.16015625
2017-04-13,5856.5400390625,5805.14990234375,5828.3701171875,5805.14990234375,1581870000,5805.14990234375
2017-04-17,5856.7900390625,5818.2001953125,5821.5498046875,5856.7900390625,1381290000,5856.7900390625
2017-04-18,5860.0400390625,5828.56982421875,5838.58984375,5849.47021484375,1608870000,5849.47021484375
2017-04-19,5894.68017578125,5856.33984375,5874.43017578125,5863.02978515625,1752620000,5863.02978515625
2017-04-20,5926.22998046875,5880.2001953125,5887.8701171875,5916.77978515625,1749110000,5916.77978515625
2017-04-21,5919.22998046875,5899.43017578125,5919.02001953125,5910.52001953125,1723210000,5910.52001953125
2017-04-24,5989.919921875,5970.25,5979.9599609375,5983.81982421875,1836570000,5983.81982421875
2017-04-25,6036.02001953125,6002.64990234375,6004.16015625,6025.490234375,1895430000,6025.490234375
2017-04-26,6040.89013671875,6021.72021484375,6028.1201171875,6025.22998046875,1894210000,6025.22998046875
2017-04-27,6050.7001953125,6031.58984375,6038.47021484375,6048.93994140625,1876700000,6048.93994140625
2017-04-28,6074.0400390625,6040.7099609375,6072.8701171875,6047.60986328125,1995160000,6047.60986328125
2017-05-01,6100.72998046875,6061.35009765625,6067.56005859375,6091.60009765625,1757000000,6091.60009765625
2017-05-02,6102.72021484375,6081.56005859375,6102.509765625,6095.3701171875,2146730000,6095.3701171875
2017-05-03,6076.9599609375,6053.27978515625,6075.0400390625,6072.5498046875,2149360000,6072.5498046875
2017-05-04,6080.81982421875,6054.330078125,6075.06005859375,6075.33984375,2056270000,6075.33984375
2017-05-05,6100.759765625,6067.16015625,6091.68994140625,6100.759765625,1899570000,6100.759765625
2017-05-08,6106.1201171875,6083.06005859375,6100.66015625,6102.66015625,1909710000,6102.66015625
2017-05-09,6133.0,6107.58984375,6111.81982421875,6120.58984375,1997490000,6120.58984375
2017-05-10,6131.64013671875,6103.8701171875,6121.64013671875,6129.14013671875,2108000000,6129.14013671875
2017-05-11,6120.2001953125,6075.68017578125,6110.0498046875,6115.9599609375,1950910000,6115.9599609375
2017-05-12,6122.83984375,6105.419921875,6119.27001953125,6121.22998046875,1740960000,6121.22998046875
2017-05-15,6153.0400390625,6124.7900390625,6128.10986328125,6149.669921875,1850790000,6149.669921875
2017-05-16,6170.16015625,6139.10009765625,6160.52001953125,6169.8701171875,1999330000,6169.8701171875
2017-05-17,6122.8701171875,6009.47998046875,6108.6201171875,6011.240234375,2347480000,6011.240234375
2017-05-18,6073.4501953125,5996.81005859375,5998.4599609375,6055.1298828125,2131520000,6055.1298828125
2017-05-19,6106.5498046875,6070.22998046875,6070.22998046875,6083.7001953125,1905520000,6083.7001953125
2017-05-22,6135.919921875,6097.240234375,6098.25,6133.6201171875,1726230000,6133.6201171875
2017-05-23,6150.91015625,6121.7900390625,6149.5498046875,6138.7099609375,1705860000,6138.7099609375
2017-05-24,6166.08984375,6139.330078125,6154.18017578125,6163.02001953125,1666050000,6163.02001953125
2017-05-25,6217.33984375,6174.52001953125,6183.02001953125,6205.259765625,1767690000,6205.259765625
2017-05-26,6211.52001953125,6196.66015625,6207.0400390625,6210.18994140625,1571040000,6210.18994140625
2017-05-30,6217.1298828125,6200.41015625,6204.18017578125,6203.18994140625,1688480000,6203.18994140625
2017-05-31,6221.990234375,6164.06982421875,6221.6298828125,6198.52001953125,2209400000,6198.52001953125
2017-06-01,6247.06982421875,6200.4501953125,6215.91015625,6246.830078125,1943610000,6246.830078125
2017-06-02,6308.759765625,6253.77001953125,6261.58984375,6305.7998046875,1820000000,6305.7998046875
2017-06-05,6310.6201171875,6292.14990234375,6305.47021484375,6295.68017578125,1739820000,6295.68017578125
2017-06-06,6304.2099609375,6269.8701171875,6281.8798828125,6275.06005859375,1889690000,6275.06005859375
2017-06-07,6302.77978515625,6267.18017578125,6290.43994140625,6297.3798828125,1822270000,6297.3798828125
2017-06-08,6324.06005859375,6282.93017578125,6311.72998046875,6321.759765625,2128780000,6321.759765625
2017-06-09,6341.7001953125,6137.68017578125,6330.25,6207.919921875,3152050000,6207.919921875
2017-06-12,6183.81005859375,6110.669921875,6153.56005859375,6175.4599609375,2586540000,6175.4599609375
2017-06-13,6226.41015625,6180.0400390625,6206.1201171875,6220.3701171875,2062110000,6220.3701171875
2017-06-14,6237.52978515625,6153.5498046875,6237.4599609375,6194.89013671875,1940440000,6194.89013671875
2017-06-15,6170.14990234375,6107.85009765625,6127.0498046875,6165.5,1858130000,6165.5
2017-06-16,6161.56005859375,6125.5,6154.27978515625,6151.759765625,3120640000,6151.759765625
2017-06-19,6243.31005859375,6194.0,6196.85009765625,6239.009765625,1976970000,6239.009765625
2017-06-20,6234.009765625,6186.93994140625,6229.6201171875,6188.02978515625,2570130000,6188.02978515625
2017-06-21,6236.66015625,6200.85986328125,6202.75,6233.9501953125,2401440000,6233.9501953125
2017-06-22,6257.68017578125,6221.9599609375,6239.14990234375,6236.68994140625,2170250000,6236.68994140625
2017-06-23,6269.3701171875,6218.77978515625,6234.35009765625,6265.25,2704600000,6265.25
2017-06-26,6303.4501953125,6233.43017578125,6292.72998046875,6247.14990234375,2150630000,6247.14990234375
2017-06-27,6234.31982421875,6146.6201171875,6227.89990234375,6146.6201171875,2181830000,6146.6201171875
2017-06-28,6238.2900390625,6144.7998046875,6173.10009765625,6234.41015625,2069400000,6234.41015625
2017-06-29,6216.60009765625,6087.81005859375,6215.490234375,6144.35009765625,2402250000,6144.35009765625
2017-06-30,6170.6298828125,6129.0400390625,6166.83984375,6140.419921875,1998330000,6140.419921875
2017-07-03,6177.35986328125,6106.1201171875,6173.2900390625,6110.06005859375,1099560000,6110.06005859375
2017-07-05,6163.6201171875,6100.419921875,6122.06005859375,6150.85986328125,1872130000,6150.85986328125
2017-07-06,6127.97998046875,6081.9599609375,6109.60009765625,6089.4599609375,1990590000,6089.4599609375
2017-07-07,6164.93994140625,6111.2099609375,6111.2099609375,6153.080078125,1700630000,6153.080078125
2017-07-10,6191.27001953125,6141.830078125,6156.02978515625,6176.39013671875,1675470000,6176.39013671875
2017-07-11,6200.580078125,6149.8701171875,6171.25,6193.2998046875,1808110000,6193.2998046875
2017-07-12,6265.64013671875,6236.81982421875,6238.89990234375,6261.169921875,1820550000,6261.169921875
2017-07-13,6281.4501953125,6251.259765625,6269.10009765625,6274.43994140625,1803810000,6274.43994140625
2017-07-14,6321.759765625,6278.7001953125,6289.080078125,6312.47021484375,1608120000,6312.47021484375
2017-07-17,6330.97021484375,6307.33984375,6320.35009765625,6314.43017578125,1558030000,6314.43017578125
2017-07-18,6344.5498046875,6291.06982421875,6304.81982421875,6344.31005859375,1762400000,6344.31005859375
2017-07-19,6387.72998046875,6362.18994140625,6363.240234375,6385.0400390625,1862910000,6385.0400390625
2017-07-20,6398.259765625,6365.68017578125,6396.4599609375,6390.0,1818880000,6390.0
2017-07-21,6388.77978515625,6365.1201171875,6383.0498046875,6387.75,1797100000,6387.75
2017-07-24,6417.7001953125,6380.60986328125,6387.81982421875,6410.81005859375,1735520000,6410.81005859375
2017-07-25,6425.4501953125,6396.8701171875,6407.58984375,6412.169921875,1925230000,6412.169921875
2017-07-26,6432.3798828125,6416.2998046875,6425.93017578125,6422.75,1988040000,6422.75
2017-07-27,6460.83984375,6318.6201171875,6459.759765625,6382.18994140625,2483560000,6382.18994140625
2017-07-28,6379.7001953125,6337.22021484375,6350.27001953125,6374.68017578125,1860770000,6374.68017578125
2017-07-31,6396.58984375,6338.7900390625,6394.68994140625,6348.1201171875,1891710000,6348.1201171875
2017-08-01,6375.75,6345.75,6372.16015625,6362.93994140625,1812590000,6362.93994140625
2017-08-02,6394.2099609375,6313.43017578125,6393.10009765625,6362.64990234375,2104130000,6362.64990234375
2017-08-03,6368.52978515625,6331.14013671875,6366.240234375,6340.33984375,2113440000,6340.33984375
2017-08-04,6361.490234375,6329.72998046875,6350.7900390625,6351.56005859375,1907170000,6351.56005859375
2017-08-07,6386.02978515625,6356.22998046875,6361.06005859375,6383.77001953125,1701550000,6383.77001953125
2017-08-08,6423.35009765625,6355.8798828125,6373.330078125,6370.4599609375,1914670000,6370.4599609375
2017-08-09,6355.0400390625,6309.43994140625,6322.919921875,6352.330078125,2033760000,6352.330078125
2017-08-10,6318.27978515625,6214.41015625,6312.64990234375,6216.8701171875,2204700000,6216.8701171875
2017-08-11,6266.89013671875,6216.18994140625,6222.18017578125,6256.56005859375,1794850000,6256.56005859375
2017-08-14,6346.830078125,6305.5498046875,6306.10986328125,6340.22998046875,1698560000,6340.22998046875
2017-08-15,6350.740234375,6324.75,6350.509765625,6333.009765625,1580060000,6333.009765625
2017-08-16,6374.56005859375,6330.27001953125,6348.10986328125,6345.10986328125,1804730000,6345.10986328125
2017-08-17,6334.22998046875,6221.91015625,6322.72021484375,6221.91015625,2041220000,6221.91015625
2017-08-18,6254.22021484375,6193.3798828125,6222.4599609375,6216.52978515625,1964590000,6216.52978515625
2017-08-21,6226.93017578125,6177.18994140625,6216.31982421875,6213.1298828125,1576070000,6213.1298828125
2017-08-22,6302.83984375,6241.2099609375,6241.2099609375,6297.47998046875,1597700000,6297.47998046875
2017-08-23,6291.2998046875,6263.2900390625,6263.47021484375,6278.41015625,1533220000,6278.41015625
2017-08-24,6302.85009765625,6244.56982421875,6294.81982421875,6271.330078125,1616780000,6271.330078125
2017-08-25,6308.72021484375,6257.10009765625,6293.81005859375,6265.64013671875,1442900000,6265.64013671875
2017-08-28,6292.259765625,6267.85009765625,6286.009765625,6283.02001953125,1558690000,6283.02001953125
2017-08-29,6311.259765625,6228.72998046875,6228.89990234375,6301.89013671875,1637640000,6301.89013671875
2017-08-30,6374.47021484375,6303.56982421875,6308.68017578125,6368.31005859375,1712070000,6368.31005859375
2017-08-31,6435.27001953125,6383.580078125,6385.7998046875,6428.66015625,1885710000,6428.66015625
2017-09-01,6449.64990234375,6417.8701171875,6442.169921875,6435.330078125,1488040000,6435.330078125
2017-09-05,6426.509765625,6334.58984375,6414.81982421875,6375.56982421875,1886950000,6375.56982421875
2017-09-06,6407.39990234375,6356.2001953125,6394.35009765625,6393.31005859375,1906030000,6393.31005859375
2017-09-07,6413.06982421875,6379.81005859375,6402.93994140625,6397.8701171875,1998380000,6397.8701171875
2017-09-08,6391.41015625,6354.9599609375,6389.64990234375,6360.18994140625,1785560000,6360.18994140625
2017-09-11,6439.10986328125,6410.7099609375,6411.18017578125,6432.259765625,1819300000,6432.259765625
2017-09-12,6455.02978515625,6429.5400390625,6448.81005859375,6454.27978515625,1745090000,6454.27978515625
2017-09-13,6460.419921875,6433.2001953125,6440.72021484375,6460.18994140625,1942090000,6460.18994140625
2017-09-14,6455.31982421875,6424.0400390625,6439.4599609375,6429.080078125,1809170000,6429.080078125
2017-09-15,6464.27001953125,6419.64990234375,6426.16015625,6448.47021484375,2821110000,6448.47021484375
2017-09-18,6477.77001953125,6438.41015625,6460.10009765625,6454.64013671875,1874440000,6454.64013671875
2017-09-19,6467.7900390625,6446.75,6465.56982421875,6461.31982421875,1809710000,6461.31982421875
2017-09-20,6466.0498046875,6414.22998046875,6459.740234375,6456.0400390625,2052520000,6456.0400390625
2017-09-21,6448.56982421875,6405.2998046875,6448.56982421875,6422.68994140625,1772790000,6422.68994140625
2017-09-22,6429.5400390625,6400.81005859375,6401.43994140625,6426.919921875,1639100000,6426.919921875
2017-09-25,6408.0498046875,6343.9599609375,6403.10986328125,6370.58984375,2050410000,6370.58984375
2017-09-26,6405.0,6364.56982421875,6391.85009765625,6380.16015625,1926420000,6380.16015625
2017-09-27,6472.64990234375,6405.35986328125,6414.3701171875,6453.259765625,2053720000,6453.259765625
2017-09-28,6456.22998046875,6427.66015625,6437.9599609375,6453.4501953125,1828570000,6453.4501953125
2017-09-29,6497.97998046875,6454.85986328125,6461.27978515625,6495.9599609375,1967720000,6495.9599609375
2017-10-02,6527.22021484375,6484.14013671875,6506.080078125,6516.72021484375,1977030000,6516.72021484375
2017-10-03,6532.18017578125,6509.7099609375,6523.740234375,6531.7099609375,1969320000,6531.7099609375
2017-10-04,6546.4599609375,6513.1201171875,6521.9599609375,6534.6298828125,1938440000,6534.6298828125
2017-10-05,6587.2099609375,6547.64990234375,6552.8701171875,6585.35986328125,1875670000,6585.35986328125
2017-10-06,6590.18017578125,6566.83984375,6566.9501953125,6590.18017578125,1742470000,6590.18017578125
2017-10-09,6599.33984375,6572.43994140625,6597.3701171875,6579.72998046875,1490620000,6579.72998046875
2017-10-10,6608.2998046875,6561.77978515625,6602.490234375,6587.25,1799400000,6587.25
2017-10-11,6604.2099609375,6577.990234375,6586.72998046875,6603.5498046875,1830360000,6603.5498046875
2017-10-12,6613.5,6586.31982421875,6594.759765625,6591.509765625,2000470000,6591.509765625
2017-10-13,6616.580078125,6602.2001953125,6613.2099609375,6605.7998046875,1756150000,6605.7998046875
2017-10-16,6632.5,6607.02978515625,6622.5498046875,6624.0,1629480000,6624.0
2017-10-17,6628.60009765625,6613.2099609375,6621.419921875,6623.66015625,1647240000,6623.66015625
2017-10-18,6635.52001953125,6613.5498046875,6634.259765625,6624.22021484375,1734030000,6624.22021484375
2017-10-19,6605.2900390625,6558.52978515625,6583.7001953125,6605.06982421875,1823860000,6605.06982421875
2017-10-20,6640.02978515625,6622.919921875,6633.3701171875,6629.0498046875,1794810000,6629.0498046875
2017-10-23,6641.56982421875,6581.14990234375,6641.56982421875,6586.830078125,1809320000,6586.830078125
2017-10-24,6611.89990234375,6582.06005859375,6598.60986328125,6598.43017578125,1842640000,6598.43017578125
2017-10-25,6600.64013671875,6517.93017578125,6587.22021484375,6563.89013671875,2190720000,6563.89013671875
2017-10-26,6582.759765625,6550.02978515625,6567.58984375,6556.77001953125,2108210000,6556.77001953125
2017-10-27,6708.1298828125,6625.77978515625,6635.02978515625,6701.259765625,2403600000,6701.259765625
2017-10-30,6727.39013671875,6677.14990234375,6693.77001953125,6698.9599609375,2013640000,6698.9599609375
2017-10-31,6737.75,6705.7900390625,6713.7099609375,6727.669921875,2043890000,6727.669921875
2017-11-01,6759.66015625,6691.47998046875,6758.64013671875,6716.52978515625,2056860000,6716.52978515625
2017-11-02,6719.97021484375,6677.5498046875,6709.39013671875,6714.93994140625,2262940000,6714.93994140625
2017-11-03,6765.14013671875,6712.93017578125,6737.08984375,6764.43994140625,2195010000,6764.43994140625
2017-11-06,6790.669921875,6763.169921875,6763.2998046875,6786.43994140625,2166470000,6786.43994140625
2017-11-07,6795.52001953125,6750.35009765625,6785.43994140625,6767.77978515625,2205270000,6767.77978515625
2017-11-08,6791.64990234375,6753.33984375,6764.85009765625,6789.1201171875,2110990000,6789.1201171875
2017-11-09,6758.93017578125,6687.27978515625,6737.4501953125,6750.0498046875,2235180000,6750.0498046875
2017-11-10,6757.33984375,6727.35009765625,6736.39013671875,6750.93994140625,1973970000,6750.93994140625
2017-11-13,6766.2998046875,6723.43017578125,6727.39013671875,6757.60009765625,1973790000,6757.60009765625
2017-11-14,6743.6298828125,6709.27001953125,6733.8701171875,6737.8701171875,1983830000,6737.8701171875
2017-11-15,6725.31982421875,6667.31005859375,6700.68017578125,6706.2099609375,1908660000,6706.2099609375
2017-11-16,6806.669921875,6742.33984375,6742.33984375,6793.2900390625,2002920000,6793.2900390625
2017-11-17,6797.75,6777.43017578125,6794.4501953125,6782.7900390625,1988090000,6782.7900390625
2017-11-20,6795.830078125,6779.490234375,6789.27978515625,6790.7099609375,1800880000,6790.7099609375
2017-11-21,6862.66015625,6820.02001953125,6820.5498046875,6862.47998046875,1883550000,6862.47998046875
2017-11-22,6874.52001953125,6859.27978515625,6869.52978515625,6867.35986328125,1588200000,6867.35986328125
2017-11-24,6890.02001953125,6873.740234375,6878.10986328125,6889.16015625,848520000,6889.16015625
2017-11-27,6897.43017578125,6867.89013671875,6889.91015625,6878.52001953125,1773400000,6878.52001953125
2017-11-28,6914.18994140625,6866.2099609375,6893.72021484375,6912.35986328125,2000410000,6912.35986328125
2017-11-29,6908.330078125,6793.9501953125,6907.27978515625,6824.39013671875,2452860000,6824.39013671875
2017-11-30,6888.64990234375,6838.47998046875,6852.7998046875,6873.97021484375,2458580000,6873.97021484375
2017-12-01,6872.169921875,6737.16015625,6844.0400390625,6847.58984375,2293570000,6847.58984375
2017-12-04,6899.22998046875,6770.68994140625,6897.1298828125,6775.3701171875,2426570000,6775.3701171875
2017-12-05,6836.4501953125,6752.31982421875,6759.14013671875,6762.2099609375,2083540000,6762.2099609375
2017-12-06,6787.419921875,6734.1298828125,6742.06982421875,6776.3798828125,1891850000,6776.3798828125
2017-12-07,6829.2900390625,6778.2001953125,6785.740234375,6812.83984375,1934120000,6812.83984375
2017-12-08,6870.47998046875,6831.60986328125,6859.9501953125,6840.080078125,1806040000,6840.080078125
2017-12-11,6879.7998046875,6844.8798828125,6847.64013671875,6875.080078125,1818970000,6875.080078125
2017-12-12,6884.7998046875,6856.2998046875,6872.7099609375,6862.31982421875,1861560000,6862.31982421875
2017-12-13,6897.6201171875,6871.8701171875,6880.41015625,6875.7998046875,1919560000,6875.7998046875
2017-12-14,6901.1298828125,6851.6298828125,6887.3798828125,6856.52978515625,1985200000,6856.52978515625
2017-12-15,6945.81982421875,6871.4501953125,6871.5498046875,6936.580078125,3510420000,6936.580078125
2017-12-18,7003.89013671875,6975.5400390625,6980.39990234375,6994.759765625,2144360000,6994.759765625
2017-12-19,6995.8798828125,6951.490234375,6991.25,6963.85009765625,2071060000,6963.85009765625
2017-12-20,6991.25,6935.419921875,6991.25,6960.9599609375,1874550000,6960.9599609375
2017-12-21,6992.6298828125,6961.2099609375,6972.8798828125,6965.35986328125,1815620000,6965.35986328125
2017-12-22,6962.259765625,6944.4501953125,6958.02001953125,6959.9599609375,1539250000,6959.9599609375
2017-12-26,6942.14013671875,6915.56005859375,6928.919921875,6936.25,1304340000,6936.25
2017-12-27,6955.3798828125,6931.33984375,6941.4501953125,6939.33984375,1409540000,6939.33984375
2017-12-28,6954.7998046875,6936.75,6953.3798828125,6950.16015625,1311320000,6950.16015625
2017-12-29,6954.97998046875,6903.39013671875,6952.60986328125,6903.39013671875,1571730000,6903.39013671875
2018-01-02,7006.91015625,6924.080078125,6937.64990234375,7006.89990234375,1914930000,7006.89990234375
2018-01-03,7069.14990234375,7016.7001953125,7017.06982421875,7065.52978515625,2166780000,7065.52978515625
2018-01-04,7098.0498046875,7072.3798828125,7089.5,7077.91015625,2098890000,7077.91015625
2018-01-05,7137.0400390625,7097.080078125,7105.740234375,7136.56005859375,2020900000,7136.56005859375
2018-01-08,7161.35009765625,7124.08984375,7135.3798828125,7157.39013671875,2051430000,7157.39013671875
2018-01-09,7181.14013671875,7148.2998046875,7174.18994140625,7163.580078125,2107300000,7163.580078125
2018-01-10,7154.240234375,7111.52001953125,7129.830078125,7153.56982421875,2122740000,7153.56982421875
2018-01-11,7211.77978515625,7163.22998046875,7168.72998046875,7211.77978515625,2009740000,7211.77978515625
2018-01-12,7265.259765625,7205.18017578125,7208.169921875,7261.06005859375,1976200000,7261.06005859375
2018-01-16,7330.330078125,7205.93017578125,7307.18994140625,7223.68994140625,2377140000,7223.68994140625
2018-01-17,7309.35986328125,7229.31982421875,7257.77001953125,7298.27978515625,2238070000,7298.27978515625
2018-01-18,7313.89013671875,7276.10986328125,7293.64990234375,7296.0498046875,2026220000,7296.0498046875
2018-01-19,7336.3798828125,7297.27978515625,7312.0,7336.3798828125,1997270000,7336.3798828125
2018-01-22,7408.02978515625,7332.81005859375,7338.0400390625,7408.02978515625,2106070000,7408.02978515625
2018-01-23,7465.39013671875,7423.18017578125,7424.9501953125,7460.2900390625,2119840000,7460.2900390625
2018-01-24,7486.31982421875,7376.75,7474.16015625,7415.06005859375,2277010000,7415.06005859375
2018-01-25,7458.52978515625,7388.580078125,7457.9501953125,7411.16015625,2061450000,7411.16015625
2018-01-26,7505.77001953125,7431.22021484375,7448.330078125,7505.77001953125,2059010000,7505.77001953125
2018-01-29,7500.60986328125,7455.5498046875,7484.47021484375,7466.509765625,2103380000,7466.509765625
2018-01-30,7433.64990234375,7373.990234375,7388.89013671875,7402.47998046875,2163980000,7402.47998046875
2018-01-31,7453.990234375,7381.1201171875,7443.25,7411.47998046875,2407540000,7411.47998046875
2018-02-01,7441.08984375,7362.27978515625,7377.169921875,7385.85986328125,2291680000,7385.85986328125
2018-02-02,7364.43017578125,7238.18017578125,7347.58984375,7240.9501953125,2587770000,7240.9501953125
2018-02-05,7277.35986328125,6967.52978515625,7165.9599609375,6967.52978515625,3106870000,6967.52978515625
2018-02-06,7126.5498046875,6824.81982421875,6837.56005859375,7115.8798828125,3131030000,7115.8798828125
2018-02-07,7170.33984375,7051.52978515625,7086.2001953125,7051.97998046875,2366970000,7051.97998046875
2018-02-08,7073.990234375,6776.77001953125,7067.2998046875,6777.16015625,2707700000,6777.16015625
2018-02-09,6917.009765625,6630.669921875,6863.33984375,6874.490234375,3155990000,6874.490234375
2018-02-12,7023.6201171875,6879.68994140625,6936.68017578125,6981.9599609375,2240420000,6981.9599609375
2018-02-13,7025.68017578125,6938.16015625,6942.16015625,7013.509765625,1816670000,7013.509765625
2018-02-14,7152.0498046875,6977.06982421875,6979.240234375,7143.6201171875,2211460000,7143.6201171875
2018-02-15,7256.93017578125,7130.39013671875,7200.75,7256.43017578125,2110700000,7256.43017578125
2018-02-16,7303.259765625,7226.3798828125,7236.509765625,7239.47021484375,2019830000,7239.47021484375
2018-02-20,7295.9501953125,7206.0,7209.02978515625,7234.31005859375,1911170000,7234.31005859375
2018-02-21,7338.64013671875,7218.10986328125,7258.47998046875,7218.22998046875,1946010000,7218.22998046875
2018-02-22,7280.93017578125,7194.83984375,7252.4599609375,7210.08984375,1911900000,7210.08984375
2018-02-23,7337.830078125,7232.5,7261.35009765625,7337.39013671875,1879460000,7337.39013671875
2018-02-26,7421.85009765625,7360.25,7373.2998046875,7421.4599609375,1866610000,7421.4599609375
2018-02-27,7438.08984375,7330.35009765625,7416.169921875,7330.35009765625,2155850000,7330.35009765625
2018-02-28,7386.7998046875,7273.009765625,7371.41015625,7273.009765625,2373880000,7273.009765625
2018-03-01,7307.85009765625,7117.66015625,7274.75,7180.56005859375,2489040000,7180.56005859375
2018-03-02,7267.18994140625,7084.830078125,7099.5400390625,7257.8701171875,2287320000,7257.8701171875
2018-03-05,7350.06982421875,7205.31005859375,7222.89013671875,7330.7099609375,2066350000,7330.7099609375
2018-03-06,7378.02978515625,7319.68017578125,7366.60986328125,7372.009765625,2112570000,7372.009765625
2018-03-07,7403.7900390625,7311.740234375,7311.740234375,7396.64990234375,2192230000,7396.64990234375
2018-03-08,7435.009765625,7391.5,7422.77001953125,7427.9501953125,2272110000,7427.9501953125
2018-03-09,7560.81005859375,7469.02978515625,7475.97998046875,7560.81005859375,2302930000,7560.81005859375
2018-03-12,7609.10009765625,7563.43994140625,7581.0400390625,7588.31982421875,2294440000,7588.31982421875
2018-03-13,7637.27001953125,7492.97998046875,7627.52001953125,7511.009765625,2448830000,7511.009765625
2018-03-14,7544.89013671875,7473.89990234375,7539.77978515625,7496.81005859375,2104450000,7496.81005859375
2018-03-15,7525.43994140625,7463.18994140625,7509.240234375,7481.740234375,1991570000,7481.740234375
2018-03-16,7514.2099609375,7473.68017578125,7504.3701171875,7481.990234375,3046990000,7481.990234375
2018-03-19,7421.22998046875,7285.27001953125,7419.2001953125,7344.240234375,2327430000,7344.240234375
2018-03-20,7380.740234375,7331.240234375,7353.25,7364.2998046875,1967690000,7364.2998046875
2018-03-21,7415.66015625,7325.35009765625,7347.5,7345.2900390625,1988390000,7345.2900390625
2018-03-22,7303.18994140625,7164.3798828125,7257.5498046875,7166.68017578125,2347160000,7166.68017578125
2018-03-23,7194.31005859375,6992.669921875,7170.68017578125,6992.669921875,2390410000,6992.669921875
2018-03-26,7225.830078125,7022.33984375,7125.2001953125,7220.5400390625,2326060000,7220.5400390625
2018-03-27,7255.5400390625,6963.68017578125,7255.47021484375,7008.81005859375,2325990000,7008.81005859375
2018-03-28,7036.08984375,6901.06982421875,6978.2998046875,6949.22998046875,2518670000,6949.22998046875
2018-03-29,7120.4599609375,6935.77978515625,6984.66015625,7063.4501953125,2554500000,7063.4501953125
2018-04-02,7044.7099609375,6805.9599609375,7016.169921875,6870.1201171875,2394730000,6870.1201171875
2018-04-03,6963.7099609375,6835.22998046875,6924.35009765625,6941.27978515625,2328510000,6941.27978515625
2018-04-04,7059.2900390625,6811.77001953125,6811.77001953125,7042.10986328125,2254070000,7042.10986328125
2018-04-05,7112.3798828125,7036.6201171875,7099.25,7076.5498046875,2124660000,7076.5498046875
2018-04-06,7066.64013671875,6877.759765625,6999.56982421875,6915.10986328125,2350540000,6915.10986328125
2018-04-09,7074.9501953125,6944.9599609375,6971.4501953125,6950.33984375,2080900000,6950.33984375
2018-04-10,7117.97998046875,7014.8798828125,7060.990234375,7094.2998046875,2238770000,7094.2998046875
2018-04-11,7128.5400390625,7055.0,7055.0,7069.02978515625,1852120000,7069.02978515625
2018-04-12,7166.0,7105.08984375,7112.02001953125,7140.25,2021110000,7140.25
2018-04-13,7183.6201171875,7078.14013671875,7179.6201171875,7106.64990234375,1743640000,7106.64990234375
2018-04-16,7178.509765625,7115.85009765625,7153.8701171875,7156.27978515625,1795950000,7156.27978515625
2018-04-17,7298.58984375,7206.5498046875,7215.1201171875,7281.10009765625,1913230000,7281.10009765625
2018-04-18,7319.580078125,7259.89990234375,7292.3798828125,7295.240234375,1893220000,7295.240234375
2018-04-19,7277.4501953125,7215.169921875,7258.60986328125,7238.06005859375,1963950000,7238.06005859375
2018-04-20,7222.990234375,7123.490234375,7220.64013671875,7146.1298828125,1921790000,7146.1298828125
2018-04-23,7195.72021484375,7094.43017578125,7173.990234375,7128.60009765625,1737370000,7128.60009765625
2018-04-24,7171.669921875,6961.52001953125,7160.77001953125,7007.35009765625,2149250000,7007.35009765625
2018-04-25,7030.740234375,6926.97021484375,7009.990234375,7003.740234375,2026690000,7003.740234375
2018-04-26,7143.93994140625,7055.66015625,7080.490234375,7118.68017578125,2127140000,7118.68017578125
2018-04-27,7197.14990234375,7083.9501953125,7195.52001953125,7119.7998046875,2027530000,7119.7998046875
2018-04-30,7169.7998046875,7065.41015625,7133.9501953125,7066.27001953125,1987020000,7066.27001953125
2018-05-01,7133.27001953125,7036.18017578125,7053.64990234375,7130.7001953125,1929110000,7130.7001953125
2018-05-02,7169.4599609375,7094.72021484375,7138.4501953125,7100.89990234375,2144200000,7100.89990234375
2018-05-03,7112.58984375,6991.14013671875,7065.02978515625,7088.14990234375,2345740000,7088.14990234375
2018-05-04,7228.259765625,7057.89013671875,7065.669921875,7209.6201171875,2022230000,7209.6201171875
2018-05-07,7291.740234375,7235.759765625,7241.81982421875,7265.2099609375,1939980000,7265.2099609375
2018-05-08,7278.81005859375,7224.7001953125,7255.33984375,7266.89990234375,2054830000,7266.89990234375
2018-05-09,7344.7998046875,7259.0498046875,7281.52978515625,7339.91015625,2241480000,7339.91015625
2018-05-10,7414.14990234375,7353.6298828125,7355.89990234375,7404.97021484375,2233460000,7404.97021484375
2018-05-11,7417.669921875,7372.259765625,7393.97021484375,7402.8798828125,2083030000,7402.8798828125
2018-05-14,7458.419921875,7401.89013671875,7429.4501953125,7411.31982421875,2075670000,7411.31982421875
2018-05-15,7363.52001953125,7320.97021484375,7361.2998046875,7351.6298828125,2114040000,7351.6298828125
2018-05-16,7413.31982421875,7356.16015625,7356.22021484375,7398.2998046875,2083660000,7398.2998046875
2018-05-17,7425.39013671875,7350.4599609375,7379.580078125,7382.47021484375,1931700000,7382.47021484375
2018-05-18,7381.16015625,7343.97021484375,7364.33984375,7354.33984375,1966710000,7354.33984375
2018-05-21,7431.830078125,7368.2099609375,7406.33984375,7394.0400390625,1949100000,7394.0400390625
2018-05-22,7432.52978515625,7370.330078125,7420.85009765625,7378.4599609375,1908280000,7378.4599609375
2018-05-23,7426.77978515625,7334.6201171875,7335.02978515625,7425.9599609375,1980450000,7425.9599609375
2018-05-24,7435.3798828125,7357.5,7421.990234375,7424.43017578125,1992460000,7424.43017578125
2018-05-25,7452.85009765625,7415.580078125,7422.2001953125,7433.85009765625,1757660000,7433.85009765625
2018-05-29,7435.1298828125,7354.2900390625,7398.509765625,7396.58984375,2087370000,7396.58984375
2018-05-30,7473.81005859375,7423.669921875,7428.41015625,7462.4501953125,2049450000,7462.4501953125
2018-05-31,7492.419921875,7431.41015625,7455.580078125,7442.1201171875,2514610000,7442.1201171875
2018-06-01,7557.3798828125,7487.22998046875,7487.66015625,7554.330078125,2208600000,7554.330078125
2018-06-04,7607.169921875,7561.2001953125,7570.080078125,7606.4599609375,2142790000,7606.4599609375
2018-06-05,7644.47998046875,7602.3798828125,7621.35986328125,7637.85986328125,2058630000,7637.85986328125
2018-06-06,7691.64990234375,7622.31005859375,7652.7998046875,7689.240234375,2191750000,7689.240234375
2018-06-07,7697.41015625,7597.66015625,7697.41015625,7635.06982421875,2328280000,7635.06982421875
2018-06-08,7653.580078125,7595.14013671875,7607.740234375,7645.509765625,1941580000,7645.509765625
2018-06-11,7677.2900390625,7642.8701171875,7647.240234375,7659.93017578125,1942940000,7659.93017578125
2018-06-12,7708.25,7669.52978515625,7673.8701171875,7703.7900390625,2006760000,7703.7900390625
2018-06-13,7748.9599609375,7686.64990234375,7713.89990234375,7695.7001953125,2172770000,7695.7001953125
2018-06-14,7768.60009765625,7723.52978515625,7723.52978515625,7761.0400390625,2188230000,7761.0400390625
2018-06-15,7755.72021484375,7704.33984375,7725.02978515625,7746.3798828125,3043790000,7746.3798828125
2018-06-18,7749.35986328125,7676.830078125,7692.9599609375,7747.02978515625,2093950000,7747.02978515625
2018-06-19,7727.41015625,7635.72998046875,7658.47021484375,7725.58984375,2269000000,7725.58984375
2018-06-20,7806.60009765625,7755.47998046875,7764.14990234375,7781.509765625,2305100000,7781.509765625
2018-06-21,7803.4501953125,7699.2001953125,7800.2998046875,7712.9501953125,2315880000,7712.9501953125
2018-06-22,7739.7099609375,7679.1201171875,7739.68994140625,7692.81982421875,3928340000,7692.81982421875
2018-06-25,7639.72998046875,7477.72998046875,7631.1201171875,7532.009765625,2415090000,7532.009765625
2018-06-26,7597.490234375,7527.0,7553.740234375,7561.6298828125,2058640000,7561.6298828125
2018-06-27,7610.669921875,7444.169921875,7586.330078125,7445.080078125,2306430000,7445.080078125
2018-06-28,7526.06982421875,7419.56005859375,7438.10986328125,7503.68017578125,2195400000,7503.68017578125
2018-06-29,7573.58984375,7502.9501953125,7544.1298828125,7510.2998046875,2192010000,7510.2998046875
2018-07-02,7568.10009765625,7443.10009765625,7451.89990234375,7567.68994140625,1767910000,7567.68994140625
2018-07-03,7594.330078125,7498.5,7593.6298828125,7502.669921875,1179310000,7502.669921875
2018-07-05,7589.18994140625,7511.43017578125,7550.66015625,7586.43017578125,1745030000,7586.43017578125
2018-07-06,7695.81005859375,7588.64990234375,7595.93017578125,7688.39013671875,1704580000,7688.39013671875
2018-07-09,7757.27978515625,7702.06005859375,7731.740234375,7756.2001953125,1837330000,7756.2001953125
2018-07-10,7777.47998046875,7731.97998046875,7770.6298828125,7759.2001953125,1725210000,7759.2001953125
2018-07-11,7748.16015625,7696.580078125,7698.509765625,7716.60986328125,1761420000,7716.60986328125
2018-07-12,7825.669921875,7746.759765625,7752.7099609375,7823.919921875,1926110000,7823.919921875
2018-07-13,7843.52001953125,7803.33984375,7827.6201171875,7825.97998046875,1714140000,7825.97998046875
2018-07-16,7838.81982421875,7791.97998046875,7831.740234375,7805.72021484375,1730190000,7805.72021484375
2018-07-17,7867.14990234375,7749.60986328125,7751.97021484375,7855.1201171875,1740680000,7855.1201171875
2018-07-18,7863.77001953125,7822.830078125,7859.43017578125,7854.43994140625,1857670000,7854.43994140625
2018-07-19,7849.85009765625,7811.14990234375,7829.7998046875,7825.2998046875,1853030000,7825.2998046875
2018-07-20,7860.25,7815.85986328125,7843.080078125,7820.2001953125,1786250000,7820.2001953125
2018-07-23,7846.759765625,7776.5498046875,7806.93017578125,7841.8701171875,1654290000,7841.8701171875
2018-07-24,7928.7900390625,7814.330078125,7914.35009765625,7840.77001953125,2014850000,7840.77001953125
2018-07-25,7933.31005859375,7838.759765625,7839.08984375,7932.240234375,1902790000,7932.240234375
2018-07-26,7881.2998046875,7834.080078125,7848.0400390625,7852.18017578125,2263070000,7852.18017578125
2018-07-27,7889.75,7698.9599609375,7889.75,7737.419921875,2176170000,7737.419921875
2018-07-30,7740.259765625,7604.240234375,7735.27001953125,7630.0,2143410000,7630.0
2018-07-31,7709.490234375,7614.83984375,7654.58984375,7671.7900390625,2195050000,7671.7900390625
2018-08-01,7732.68017578125,7670.7099609375,7701.81982421875,7707.2900390625,2223550000,7707.2900390625
2018-08-02,7808.85009765625,7659.52001953125,7659.52001953125,7802.68994140625,2081300000,7802.68994140625
2018-08-03,7824.06005859375,7783.2998046875,7819.22998046875,7812.009765625,2018700000,7812.009765625
2018-08-06,7859.68017578125,7801.8798828125,7809.5400390625,7859.68017578125,2238170000,7859.68017578125
2018-08-07,7898.2001953125,7868.64990234375,7878.6201171875,7883.66015625,2197590000,7883.66015625
2018-08-08,7901.68994140625,7864.4599609375,7880.0,7888.330078125,2087850000,7888.330078125
2018-08-09,7923.35009765625,7881.06005859375,7886.52001953125,7891.77978515625,2032950000,7891.77978515625
2018-08-10,7866.18994140625,7818.3701171875,7834.7099609375,7839.10986328125,2095180000,7839.10986328125
2018-08-13,7888.66015625,7814.27001953125,7848.0,7819.7099609375,1914240000,7819.7099609375
2018-08-14,7878.22998046875,7815.5,7847.8798828125,7870.89013671875,1917360000,7870.89013671875
2018-08-15,7832.66015625,7732.68994140625,7810.02001953125,7774.1201171875,2286960000,7774.1201171875
2018-08-16,7849.669921875,7795.740234375,7826.9501953125,7806.52001953125,1979540000,7806.52001953125
2018-08-17,7830.77978515625,7752.68017578125,7786.64013671875,7816.330078125,1843150000,7816.330078125
2018-08-20,7837.14013671875,7787.89990234375,7834.3701171875,7821.009765625,1698970000,7821.009765625
2018-08-21,7897.68017578125,7836.7900390625,7840.08984375,7859.169921875,1766630000,7859.169921875
2018-08-22,7897.6298828125,7840.83984375,7844.0400390625,7889.10009765625,1660460000,7889.10009765625
2018-08-23,7926.31982421875,7866.52978515625,7886.47021484375,7878.4599609375,1879890000,7878.4599609375
2018-08-24,7949.7099609375,7907.10009765625,7907.81005859375,7945.97998046875,1886600000,7945.97998046875
2018-08-27,8024.93994140625,7976.60009765625,7989.64013671875,8017.89990234375,2319130000,8017.89990234375
2018-08-28,8046.31005859375,8009.58984375,8039.009765625,8030.0400390625,1961300000,8030.0400390625
2018-08-29,8113.56005859375,8042.10009765625,8044.33984375,8109.68994140625,1897000000,8109.68994140625
2018-08-30,8133.2998046875,8069.56982421875,8094.2001953125,8088.35986328125,2014450000,8088.35986328125
2018-08-31,8119.81982421875,8079.31005859375,8079.31005859375,8109.5400390625,1899910000,8109.5400390625
2018-09-04,8104.06982421875,8042.14013671875,8087.9501953125,8091.25,2229520000,8091.25
2018-09-05,8077.83984375,7962.35009765625,8073.52978515625,7995.169921875,2596780000,7995.169921875
2018-09-06,8001.97021484375,7885.490234375,7998.27001953125,7922.72998046875,2368680000,7922.72998046875
2018-09-07,7962.52978515625,7873.93017578125,7878.7900390625,7902.5400390625,2146380000,7902.5400390625
2018-09-10,7945.02978515625,7890.39013671875,7939.56982421875,7924.16015625,2041450000,7924.16015625
2018-09-11,7986.31982421875,7880.919921875,7894.8701171875,7972.47021484375,2336600000,7972.47021484375
2018-09-12,7965.39013671875,7884.0498046875,7958.8701171875,7954.22998046875,2341850000,7954.22998046875
2018-09-13,8037.509765625,7989.85009765625,7999.93017578125,8013.7099609375,2318720000,8013.7099609375
2018-09-14,8040.830078125,7979.77978515625,8026.16015625,8010.0400390625,2033720000,8010.0400390625
2018-09-17,8002.77978515625,7890.06982421875,7992.2099609375,7895.7900390625,2284140000,7895.7900390625
2018-09-18,7986.10009765625,7901.009765625,7903.56982421875,7956.10986328125,2317990000,7956.10986328125
2018-09-19,7976.1201171875,7917.72998046875,7962.5498046875,7950.0400390625,2156730000,7950.0400390625
2018-09-20,8039.06005859375,7986.41015625,7993.52978515625,8028.22998046875,2287150000,8028.22998046875
2018-09-21,8057.259765625,7979.669921875,8041.68994140625,7986.9599609375,3706820000,7986.9599609375
2018-09-24,7997.89990234375,7912.47021484375,7939.3798828125,7993.25,2416380000,7993.25
2018-09-25,8014.1201171875,7979.2900390625,8001.58984375,8007.47021484375,2288140000,8007.47021484375
2018-09-26,8067.02978515625,7982.759765625,8011.68017578125,7990.3701171875,2297030000,7990.3701171875
2018-09-27,8071.56005859375,8017.91015625,8021.22021484375,8041.97021484375,2053770000,8041.97021484375
2018-09-28,8065.06005859375,8015.8701171875,8024.5,8046.35009765625,2323940000,8046.35009765625
2018-10-01,8107.3798828125,8019.77001953125,8091.5,8037.2998046875,2283230000,8037.2998046875
2018-10-02,8054.14990234375,7983.990234375,8024.47021484375,7999.5498046875,2391370000,7999.5498046875
2018-10-03,8053.93017578125,8012.02978515625,8034.64990234375,8025.08984375,3057330000,8025.08984375
2018-10-04,7997.169921875,7833.16015625,7993.330078125,7879.509765625,3284550000,7879.509765625
2018-10-05,7902.669921875,7715.97021484375,7874.759765625,7788.4501953125,2672900000,7788.4501953125
2018-10-08,7797.31982421875,7654.83984375,7747.10009765625,7735.9501953125,2239640000,7735.9501953125
2018-10-09,7799.75,7718.9501953125,7728.509765625,7738.02001953125,2459040000,7738.02001953125
2018-10-10,7701.2001953125,7420.56005859375,7694.080078125,7422.0498046875,3077330000,7422.0498046875
2018-10-11,7493.2099609375,7274.0400390625,7388.06982421875,7329.06005859375,3139290000,7329.06005859375
2018-10-12,7516.68994140625,7368.330078125,7507.83984375,7496.89013671875,2650290000,7496.89013671875
2018-10-15,7500.93017578125,7400.06982421875,7473.330078125,7430.740234375,2148850000,7430.740234375
2018-10-16,7658.14013671875,7493.43994140625,7501.77978515625,7645.490234375,2623300000,7645.490234375
2018-10-17,7670.490234375,7563.08984375,7669.259765625,7642.7001953125,2364720000,7642.7001953125
2018-10-18,7616.85986328125,7452.4599609375,7616.47021484375,7485.14013671875,2545950000,7485.14013671875
2018-10-19,7582.89013671875,7428.2998046875,7530.16015625,7449.02978515625,2532220000,7449.02978515625
2018-10-22,7520.5400390625,7424.740234375,7486.740234375,7468.6298828125,2282400000,7468.6298828125
2018-10-23,7472.580078125,7260.1298828125,7328.5498046875,7437.5400390625,2735820000,7437.5400390625
2018-10-24,7435.68994140625,7099.0,7423.2099609375,7108.39990234375,2935550000,7108.39990234375
2018-10-25,7364.81982421875,7178.5400390625,7197.490234375,7318.33984375,2741810000,7318.33984375
2018-10-26,7283.31982421875,7057.0,7125.18017578125,7167.2099609375,2964780000,7167.2099609375
2018-10-29,7295.60986328125,6922.830078125,7272.419921875,7050.2900390625,2689550000,7050.2900390625
2018-10-30,7166.83984375,7001.47998046875,7017.8701171875,7161.64990234375,2681310000,7161.64990234375
2018-10-31,7368.490234375,7270.6298828125,7276.6201171875,7305.89990234375,2899730000,7305.89990234375
2018-11-01,7435.8798828125,7286.5,7327.81982421875,7434.06005859375,2708880000,7434.06005859375
2018-11-02,7466.52978515625,7298.68017578125,7424.02001953125,7356.990234375,2889910000,7356.990234375
2018-11-05,7349.22998046875,7255.8798828125,7344.080078125,7328.85009765625,2166470000,7328.85009765625
2018-11-06,7400.64013671875,7320.89013671875,7326.06982421875,7375.9599609375,2285680000,7375.9599609375
2018-11-07,7572.93017578125,7435.8701171875,7446.08984375,7570.75,2677530000,7570.75
2018-11-08,7566.93017578125,7499.7099609375,7544.169921875,7530.8798828125,2462430000,7530.8798828125
2018-11-09,7474.33984375,7349.47998046875,7468.509765625,7406.89990234375,2418490000,7406.89990234375
2018-11-12,7371.08984375,7193.77001953125,7364.0498046875,7200.8701171875,2289070000,7200.8701171875
2018-11-13,7319.1201171875,7182.85986328125,7230.68994140625,7200.8701171875,2343940000,7200.8701171875
2018-11-14,7285.56982421875,7101.169921875,7265.39013671875,7136.39013671875,2540220000,7136.39013671875
2018-11-15,7274.259765625,7072.35986328125,7112.830078125,7259.02978515625,2508720000,7259.02978515625
2018-11-16,7274.85986328125,7171.7001953125,7193.60009765625,7247.8701171875,2438260000,7247.8701171875
2018-11-19,7224.1201171875,7011.39990234375,7217.240234375,7028.47998046875,2354020000,7028.47998046875
2018-11-20,6994.75,6830.759765625,6867.43017578125,6908.81982421875,2664950000,6908.81982421875
2018-11-21,7029.93017578125,6951.6201171875,6985.509765625,6972.25,1858050000,6972.25
2018-11-23,6987.89013671875,6919.16015625,6919.52001953125,6938.97998046875,958950000,6938.97998046875
2018-11-26,7083.93017578125,7003.1201171875,7026.5,7081.85009765625,2011180000,7081.85009765625
2018-11-27,7105.14013671875,7014.35986328125,7041.22998046875,7082.7001953125,2067360000,7082.7001953125
2018-11-28,7292.7099609375,7090.97998046875,7135.080078125,7291.58984375,2390260000,7291.58984375
2018-11-29,7319.9599609375,7217.68994140625,7267.3701171875,7273.080078125,1983460000,7273.080078125
2018-11-30,7332.7900390625,7255.68017578125,7279.2998046875,7330.5400390625,2542820000,7330.5400390625
2018-12-03,7486.509765625,7392.22021484375,7486.1298828125,7441.509765625,2621020000,7441.509765625
2018-12-04,7421.10986328125,7150.10986328125,7407.9501953125,7158.43017578125,2635810000,7158.43017578125
2018-12-06,7189.52001953125,6984.33984375,7017.0498046875,7188.259765625,2833870000,7188.259765625
2018-12-07,7205.3701171875,6945.27001953125,7163.490234375,6969.25,2475160000,6969.25
2018-12-10,7047.6201171875,6878.990234375,6959.6298828125,7020.52001953125,2367560000,7020.52001953125
2018-12-11,7129.830078125,6983.009765625,7121.66015625,7031.830078125,2246060000,7031.830078125
2018-12-12,7197.2900390625,7096.56005859375,7127.0,7098.31005859375,2412300000,7098.31005859375
2018-12-13,7154.64013671875,7034.81982421875,7135.27978515625,7070.330078125,2143520000,7070.330078125
2018-12-14,7027.169921875,6898.990234375,6986.3701171875,6910.66015625,2200510000,6910.66015625
2018-12-17,6931.81005859375,6710.009765625,6886.4599609375,6753.72998046875,2665240000,6753.72998046875
2018-12-18,6847.27001953125,6733.7099609375,6809.81982421875,6783.91015625,2595400000,6783.91015625
2018-12-19,6868.85986328125,6586.5,6777.58984375,6636.830078125,2899950000,6636.830078125
2018-12-20,6666.2001953125,6447.91015625,6607.759765625,6528.41015625,3258090000,6528.41015625
2018-12-21,6586.68017578125,6304.6298828125,6573.490234375,6332.990234375,4534120000,6332.990234375
2018-12-24,6355.18017578125,6190.169921875,6278.490234375,6192.919921875,1647270000,6192.919921875
2018-12-26,6555.52978515625,6214.33984375,6257.85986328125,6554.35986328125,2558940000,6554.35986328125
2018-12-27,6583.009765625,6336.97021484375,6457.18994140625,6579.490234375,2415870000,6579.490234375
2018-12-28,6684.18017578125,6529.22021484375,6616.7900390625,6584.52001953125,2199090000,6584.52001953125
2018-12-31,6659.9599609375,6570.06005859375,6649.52001953125,6635.27978515625,2098560000,6635.27978515625
2019-01-02,6693.7099609375,6506.8798828125,6506.91015625,6665.93994140625,2261800000,6665.93994140625
2019-01-03,6600.2099609375,6457.1298828125,6584.77001953125,6463.5,2607290000,6463.5
2019-01-04,6760.68994140625,6554.240234375,6567.14013671875,6738.85986328125,2579550000,6738.85986328125
2019-01-07,6855.60009765625,6741.39990234375,6757.52978515625,6823.47021484375,2507550000,6823.47021484375
2019-01-08,6909.580078125,6795.85986328125,6893.43994140625,6897.0,2380290000,6897.0
2019-01-09,6985.22021484375,6899.56005859375,6923.06005859375,6957.080078125,2422590000,6957.080078125
2019-01-10,6991.3701171875,6877.080078125,6908.64990234375,6986.06982421875,2179080000,6986.06982421875
2019-01-11,6975.64990234375,6933.60009765625,6947.4599609375,6971.47998046875,2066500000,6971.47998046875
2019-01-14,6936.22021484375,6887.47998046875,6908.02978515625,6905.919921875,1942210000,6905.919921875
2019-01-15,7025.85009765625,6928.1201171875,6931.39013671875,7023.830078125,2038090000,7023.830078125
2019-01-16,7079.6298828125,7028.1201171875,7033.75,7034.68994140625,2149580000,7034.68994140625
2019-01-17,7113.9501953125,7003.6201171875,7010.1298828125,7084.4599609375,2128840000,7084.4599609375
2019-01-18,7185.3798828125,7096.6201171875,7134.10009765625,7157.22998046875,2451240000,7157.22998046875
2019-01-22,7110.16015625,6979.81005859375,7109.56982421875,7020.35986328125,2380950000,7020.35986328125
2019-01-23,7084.85009765625,6953.22998046875,7061.64990234375,7025.77001953125,2274420000,7025.77001953125
2019-01-24,7078.9599609375,7029.9501953125,7042.25,7073.4599609375,2400290000,7073.4599609375
2019-01-25,7174.56005859375,7111.08984375,7128.18017578125,7164.85986328125,2440840000,7164.85986328125
2019-01-28,7086.2998046875,7034.25,7075.009765625,7085.68017578125,2435480000,7085.68017578125
2019-01-29,7092.2900390625,7011.47021484375,7087.490234375,7028.2900390625,2089690000,7028.2900390625
2019-01-30,7201.31005859375,7065.56982421875,7094.7900390625,7183.080078125,2544050000,7183.080078125
2019-01-31,7303.1201171875,7205.9501953125,7208.169921875,7281.740234375,2918710000,7281.740234375
2019-02-01,7299.93994140625,7243.41015625,7256.3701171875,7263.8701171875,2383430000,7263.8701171875
2019-02-04,7348.22998046875,7261.06982421875,7266.27978515625,7347.5400390625,2099470000,7347.5400390625
2019-02-05,7408.68017578125,7355.35986328125,7356.33984375,7402.080078125,2265520000,7402.080078125
2019-02-06,7410.77001953125,7346.72021484375,7400.43994140625,7375.27978515625,2167130000,7375.27978515625
2019-02-07,7336.740234375,7235.0498046875,7316.5,7288.35009765625,2295080000,7288.35009765625
2019-02-08,7299.43994140625,7225.14013671875,7232.2998046875,7298.2001953125,2086260000,7298.2001953125
2019-02-11,7343.56005859375,7290.02978515625,7327.3701171875,7307.89990234375,1897800000,7307.89990234375
2019-02-12,7419.43017578125,7349.7998046875,7358.85009765625,7414.6201171875,2124330000,7414.6201171875
2019-02-13,7461.66015625,7413.83984375,7437.4599609375,7420.3798828125,2093800000,7420.3798828125
2019-02-14,7454.419921875,7375.7099609375,7390.25,7426.9501953125,2103370000,7426.9501953125
2019-02-15,7477.27978515625,7440.259765625,7468.56982421875,7472.41015625,2257750000,7472.41015625
2019-02-19,7507.7900390625,7450.27001953125,7450.75,7486.77001953125,2120790000,7486.77001953125
2019-02-20,7513.7001953125,7455.25,7490.31005859375,7489.06982421875,2181760000,7489.06982421875
2019-02-21,7485.75,7430.89013671875,7475.41015625,7459.7099609375,2119080000,7459.7099609375
2019-02-22,7527.5400390625,7479.009765625,7481.6298828125,7527.5400390625,2417680000,7527.5400390625
2019-02-25,7602.68994140625,7551.60986328125,7585.2998046875,7554.4599609375,2363140000,7554.4599609375
2019-02-26,7573.22021484375,7524.31005859375,7535.2900390625,7549.2998046875,2257710000,7549.2998046875
2019-02-27,7562.2900390625,7485.39013671875,7526.419921875,7554.509765625,2423360000,7554.509765625
2019-02-28,7561.89990234375,7516.47998046875,7533.31005859375,7532.52978515625,2647080000,7532.52978515625
2019-03-01,7603.0400390625,7540.75,7587.4501953125,7595.35009765625,2463190000,7595.35009765625
2019-03-04,7643.66015625,7501.56005859375,7636.6201171875,7577.56982421875,2569590000,7577.56982421875
2019-03-05,7598.66015625,7543.5400390625,7582.2900390625,7576.35986328125,2142610000,7576.35986328125
2019-03-06,7579.02001953125,7499.8701171875,7575.3798828125,7505.919921875,2242810000,7505.919921875
2019-03-07,7489.080078125,7397.18994140625,7483.7900390625,7421.4599609375,2440840000,7421.4599609375
2019-03-08,7411.52001953125,7332.919921875,7334.35009765625,7408.14013671875,2245430000,7408.14013671875
2019-03-11,7558.22998046875,7442.39990234375,7442.56005859375,7558.06005859375,2226950000,7558.06005859375
2019-03-12,7611.1298828125,7560.4599609375,7571.85009765625,7591.02978515625,2161400000,7591.02978515625
2019-03-13,7677.06982421875,7619.4599609375,7621.3798828125,7643.41015625,2366350000,7643.41015625
2019-03-14,7653.10009765625,7627.02001953125,7644.7900390625,7630.91015625,2176510000,7630.91015625
2019-03-15,7714.9599609375,7652.0400390625,7658.41015625,7688.52978515625,3447190000,7688.52978515625
2019-03-18,7737.669921875,7677.740234375,7696.3798828125,7714.47998046875,2274490000,7714.47998046875
2019-03-19,7767.89013671875,7699.14990234375,7747.39990234375,7723.9501953125,2433160000,7723.9501953125
2019-03-20,7779.240234375,7674.0400390625,7721.9501953125,7728.97021484375,2446630000,7728.97021484375
2019-03-21,7850.10986328125,7705.43017578125,7705.43017578125,7838.9599609375,2483580000,7838.9599609375
2019-03-22,7817.830078125,7642.56982421875,7800.25,7642.669921875,2490730000,7642.669921875
2019-03-25,7662.3798828125,7579.2900390625,7618.97998046875,7637.5400390625,2130230000,7637.5400390625
2019-03-26,7738.169921875,7649.2099609375,7700.0,7691.52001953125,2068900000,7691.52001953125
2019-03-27,7712.83984375,7582.08984375,7702.0498046875,7643.3798828125,2221650000,7643.3798828125
2019-03-28,7689.16015625,7619.81982421875,7660.06982421875,7669.169921875,1902060000,7669.169921875
2019-03-29,7733.6201171875,7688.509765625,7726.7099609375,7729.31982421875,2283470000,7729.31982421875
2019-04-01,7831.4501953125,7777.08984375,7800.240234375,7828.91015625,2198050000,7828.91015625
2019-04-02,7854.919921875,7811.27978515625,7824.60986328125,7848.68994140625,2110100000,7848.68994140625
2019-04-03,7938.259765625,7870.89990234375,7891.18017578125,7895.5498046875,2487210000,7895.5498046875
2019-04-04,7917.64990234375,7844.9599609375,7894.259765625,7891.77978515625,2134200000,7891.77978515625
2019-04-05,7940.4501953125,7909.14013671875,7914.509765625,7938.68994140625,2148730000,7938.68994140625
2019-04-08,7955.89990234375,7891.85009765625,7924.89013671875,7953.8798828125,2069190000,7953.8798828125
2019-04-09,7945.5498046875,7897.60986328125,7924.77001953125,7909.27978515625,2067570000,7909.27978515625
2019-04-10,7965.330078125,7916.89990234375,7922.72998046875,7964.240234375,1998280000,7964.240234375
2019-04-11,7975.2001953125,7933.41015625,7975.2001953125,7947.35986328125,1956840000,7947.35986328125
2019-04-12,7992.08984375,7952.60986328125,7984.14990234375,7984.16015625,1955290000,7984.16015625
2019-04-15,7993.330078125,7933.56005859375,7987.16015625,7976.009765625,1816920000,7976.009765625
2019-04-16,8017.56005859375,7978.81005859375,8000.56982421875,8000.22998046875,2095330000,8000.22998046875
2019-04-17,8052.39990234375,7973.3798828125,8044.97021484375,7996.080078125,2290690000,7996.080078125
2019-04-18,8002.31005859375,7950.97021484375,7998.4501953125,7998.06005859375,2089360000,7998.06005859375
2019-04-22,8017.14990234375,7965.89990234375,7969.3701171875,8015.27001953125,1776060000,8015.27001953125
2019-04-23,8128.8701171875,8023.81005859375,8026.75,8120.81982421875,2075070000,8120.81982421875
2019-04-24,8139.5498046875,8101.7001953125,8122.8798828125,8102.009765625,2022490000,8102.009765625
2019-04-25,8151.83984375,8075.41015625,8150.85009765625,8118.68017578125,2063270000,8118.68017578125
2019-04-26,8146.419921875,8060.89013671875,8100.27978515625,8146.39990234375,1971270000,8146.39990234375
2019-04-29,8176.080078125,8136.41015625,8147.64990234375,8161.85009765625,1761110000,8161.85009765625
2019-04-30,8124.60986328125,8050.5498046875,8104.91015625,8095.39013671875,2115770000,8095.39013671875
2019-05-01,8146.0,8048.22998046875,8132.93017578125,8049.64013671875,2247420000,8049.64013671875
2019-05-02,8094.06005859375,7976.77001953125,8046.47998046875,8036.77001953125,2158600000,8036.77001953125
2019-05-03,8164.7099609375,8084.7998046875,8092.8798828125,8164.0,2046040000,8164.0
2019-05-06,8135.5400390625,7981.85009765625,7981.85009765625,8123.2900390625,1966120000,8123.2900390625
2019-05-07,8070.97021484375,7899.02001953125,8043.52001953125,7963.759765625,2376660000,7963.759765625
2019-05-08,8004.490234375,7923.35009765625,7946.240234375,7943.31982421875,2175100000,7943.31982421875
2019-05-09,7929.77978515625,7796.16015625,7853.2099609375,7910.58984375,2520770000,7910.58984375
2019-05-10,7949.33984375,7759.33984375,7881.31005859375,7916.93994140625,2387720000,7916.93994140625
2019-05-13,7760.830078125,7627.22021484375,7720.06982421875,7647.02001953125,2478860000,7647.02001953125
2019-05-14,7776.2001953125,7665.2998046875,7689.66015625,7734.490234375,2084850000,7734.490234375
2019-05-15,7838.72021484375,7682.240234375,7682.7998046875,7822.14990234375,2001530000,7822.14990234375
2019-05-16,7946.22998046875,7826.669921875,7832.580078125,7898.0498046875,2163120000,7898.0498046875
2019-05-17,7918.7099609375,7810.35009765625,7829.02978515625,7816.27978515625,2134120000,7816.27978515625
2019-05-20,7747.27001953125,7678.35009765625,7714.06005859375,7702.3798828125,2122410000,7702.3798828125
2019-05-21,7804.43994140625,7752.919921875,7765.56982421875,7785.72021484375,1993210000,7785.72021484375
2019-05-22,7786.330078125,7738.35009765625,7749.7998046875,7750.83984375,1881830000,7750.83984375
2019-05-23,7665.14990234375,7585.31982421875,7660.72021484375,7628.27978515625,2243420000,7628.27978515625
2019-05-24,7694.14990234375,7631.25,7675.56982421875,7637.009765625,1682920000,7637.009765625
2019-05-28,7693.740234375,7603.759765625,7655.66015625,7607.35009765625,2352670000,7607.35009765625
2019-05-29,7581.10986328125,7503.93994140625,7553.02001953125,7547.31005859375,2278790000,7547.31005859375
2019-05-30,7595.89990234375,7527.66015625,7565.4599609375,7567.72021484375,1872000000,7567.72021484375
2019-05-31,7506.85986328125,7448.22998046875,7470.9501953125,7453.14990234375,2236940000,7453.14990234375
2019-06-03,7457.66015625,7292.22021484375,7441.2099609375,7333.02001953125,2576920000,7333.02001953125
2019-06-04,7529.5,7385.02001953125,7413.93994140625,7527.1201171875,2369150000,7527.1201171875
2019-06-05,7589.47021484375,7498.169921875,7585.68017578125,7575.47998046875,2115570000,7575.47998046875
2019-06-06,7634.1201171875,7546.22021484375,7582.240234375,7615.5498046875,2070940000,7615.5498046875
2019-06-07,7767.02001953125,7647.91015625,7652.97021484375,7742.10009765625,2066020000,7742.10009765625
2019-06-10,7895.43994140625,7795.759765625,7798.8701171875,7823.169921875,2049370000,7823.169921875
2019-06-11,7909.990234375,7798.6298828125,7901.0400390625,7822.56982421875,2114680000,7822.56982421875
2019-06-12,7819.16015625,7773.97021484375,7803.1298828125,7792.72021484375,1952790000,7792.72021484375
2019-06-13,7848.35986328125,7813.60009765625,7822.56005859375,7837.1298828125,1838930000,7837.1298828125
2019-06-14,7819.2099609375,7778.1201171875,7807.18994140625,7796.66015625,1804340000,7796.66015625
2019-06-17,7865.97998046875,7812.60986328125,7819.43017578125,7845.02001953125,1935290000,7845.02001953125
2019-06-18,8005.2099609375,7911.669921875,7920.97998046875,7953.8798828125,2244920000,7953.8798828125
2019-06-19,7998.58984375,7930.3798828125,7970.259765625,7987.31982421875,2014080000,7987.31982421875
2019-06-20,8088.8798828125,7996.8701171875,8087.4501953125,8051.33984375,2053530000,8051.33984375
2019-06-21,8073.02001953125,8011.2001953125,8028.68994140625,8031.7099609375,2894340000,8031.7099609375
2019-06-24,8047.56005859375,8004.6298828125,8040.580078125,8005.7001953125,2070370000,8005.7001953125
2019-06-25,8007.31005859375,7879.14990234375,8005.27001953125,7884.72021484375,2127310000,7884.72021484375
2019-06-26,7974.27978515625,7903.06982421875,7933.919921875,7909.97021484375,2104750000,7909.97021484375
2019-06-27,7976.580078125,7935.47021484375,7939.35986328125,7967.759765625,2023120000,7967.759765625
2019-06-28,8010.14990234375,7961.4599609375,7988.759765625,8006.240234375,4078990000,8006.240234375
2019-07-01,8150.4501953125,8059.2900390625,8145.85009765625,8091.16015625,2208900000,8091.16015625
2019-07-02,8109.3701171875,8063.10986328125,8086.64990234375,8109.08984375,1946320000,8109.08984375
2019-07-03,8170.22998046875,8122.33984375,8129.56982421875,8170.22998046875,1548190000,8170.22998046875
2019-07-05,8171.97021484375,8093.66015625,8123.27978515625,8161.7900390625,149410000,8161.7900390625
2019-07-08,8161.7900390625,8078.39013671875,8112.91015625,8098.3798828125,177320000,8098.3798828125
2019-07-09,8146.97998046875,8061.31982421875,8061.41015625,8141.72998046875,170720000,8141.72998046875
2019-07-10,8228.599609375,8160.56005859375,8183.18994140625,8202.5302734375,184910000,8202.5302734375
2019-07-11,8226.1796875,8171.6298828125,8219.2802734375,8196.0400390625,1966970000,8196.0400390625
2019-07-12,8245.66015625,8201.51953125,8209.2001953125,8244.1396484375,1824870000,8244.1396484375
2019-07-15,8264.7802734375,8236.26953125,8263.1796875,8258.1904296875,1783980000,8258.1904296875
2019-07-16,8259.75,8204.23046875,8251.66015625,8222.7998046875,1933960000,8222.7998046875
2019-07-17,8230.669921875,8184.66015625,8224.0,8185.2099609375,166520000,8185.2099609375
2019-07-18,8215.580078125,8135.1201171875,8151.759765625,8207.240234375,2016310000,8207.240234375
2019-07-19,8245.7802734375,8144.6298828125,8241.33984375,8146.490234375,1878730000,8146.490234375
2019-07-22,8218.419921875,8171.5400390625,8171.990234375,8204.1396484375,1845770000,8204.1396484375
2019-07-23,8251.830078125,8193.8896484375,8242.5,8251.400390625,1832220000,8251.400390625
2019-07-24,8321.8095703125,8226.5,8227.3603515625,8321.5,1947550000,8321.5
2019-07-25,8295.9501953125,8233.400390625,8294.6796875,8238.5400390625,2023130000,8238.5400390625
2019-07-26,8339.6396484375,8291.1201171875,8294.2998046875,8330.2099609375,1954350000,8330.2099609375
2019-07-29,8325.2802734375,8247.3701171875,8325.099609375,8293.330078125,1874780000,8293.330078125
2019-07-30,8295.4599609375,8228.01953125,8231.76953125,8273.6103515625,1884300000,8273.6103515625
2019-07-31,8299.830078125,8110.02001953125,8290.7998046875,8175.419921875,2667060000,8175.419921875
2019-08-01,8311.0400390625,8080.52001953125,8190.56005859375,8111.1201171875,2792650000,8111.1201171875
2019-08-02,8068.7998046875,7953.669921875,8056.419921875,8004.06982421875,2252550000,8004.06982421875
2019-08-05,7836.4501953125,7662.89990234375,7823.330078125,7726.0400390625,2636740000,7726.0400390625
2019-08-06,7845.009765625,7739.56982421875,7804.509765625,7833.27001953125,2201610000,7833.27001953125
2019-08-07,7881.3798828125,7702.419921875,7747.27001953125,7862.830078125,2453230000,7862.830078125
2019-08-08,8041.1201171875,7896.14990234375,7921.58984375,8039.16015625,2415670000,8039.16015625
2019-08-09,8020.56005859375,7910.35009765625,7997.18994140625,7959.14013671875,2224330000,7959.14013671875
2019-08-12,7924.990234375,7833.7900390625,7907.490234375,7863.41015625,2056360000,7863.41015625
2019-08-13,8065.240234375,7851.580078125,7852.3701171875,8016.35986328125,2346980000,8016.35986328125
2019-08-14,7900.27978515625,7762.8701171875,7877.330078125,7773.93994140625,2522870000,7773.93994140625
2019-08-15,7805.93017578125,7716.5498046875,7790.2001953125,7766.6201171875,2182590000,7766.6201171875
2019-08-16,7907.52001953125,7828.35009765625,7828.35009765625,7895.990234375,1995130000,7895.990234375
2019-08-19,8026.75,7895.990234375,8006.18017578125,8002.81005859375,1934980000,8002.81005859375
2019-08-20,8010.580078125,7948.08984375,7989.35986328125,7948.56005859375,1747580000,7948.56005859375
2019-08-21,8036.93994140625,7998.5,8017.06982421875,8020.2099609375,1716370000,8020.2099609375
2019-08-22,8048.580078125,7937.1201171875,8038.7900390625,7991.39013671875,1777630000,7991.39013671875
2019-08-23,8005.33984375,7730.77001953125,7943.64990234375,7751.77001953125,2207070000,7751.77001953125
2019-08-26,7856.0400390625,7789.0498046875,7829.580078125,7853.740234375,1688860000,7853.740234375
2019-08-27,7916.830078125,7795.18017578125,7908.77978515625,7826.9501953125,1913760000,7826.9501953125
2019-08-28,7866.8701171875,7766.669921875,7798.35009765625,7856.8798828125,1656930000,7856.8798828125
2019-08-29,7992.2900390625,7925.830078125,7945.77978515625,7973.39013671875,1700840000,7973.39013671875
2019-08-30,8017.91015625,7914.740234375,8015.16015625,7962.8798828125,1665840000,7962.8798828125
2019-09-03,7940.3701171875,7847.31982421875,7906.43994140625,7874.16015625,1936210000,7874.16015625
2019-09-04,7981.41015625,7928.93994140625,7949.81005859375,7976.8798828125,1891300000,7976.8798828125
2019-09-05,8134.419921875,8061.2900390625,8061.2900390625,8116.830078125,2096300000,8116.830078125
2019-09-06,8134.39013671875,8098.52001953125,8125.580078125,8103.06982421875,1876380000,8103.06982421875
2019-09-09,8131.66015625,8052.33984375,8130.91015625,8087.43994140625,2172240000,8087.43994140625
2019-09-10,8086.52978515625,8001.68017578125,8049.97998046875,8084.16015625,2362860000,8084.16015625
2019-09-11,8169.68017578125,8081.56005859375,8091.68017578125,8169.68017578125,2310440000,8169.68017578125
2019-09-12,8243.7998046875,8176.72998046875,8206.580078125,8194.4697265625,2159260000,8194.4697265625
2019-09-13,8210.2001953125,8165.47021484375,8190.56982421875,8176.7099609375,1976770000,8176.7099609375
2019-09-16,8165.330078125,8121.25,8121.64013671875,8153.5400390625,1869220000,8153.5400390625
2019-09-17,8188.22998046875,8139.81982421875,8148.64990234375,8186.02001953125,1850340000,8186.02001953125
2019-09-18,8179.8701171875,8086.22021484375,8174.6201171875,8177.39013671875,2034880000,8177.39013671875
2019-09-19,8237.4296875,8174.31982421875,8193.58984375,8182.8798828125,1792700000,8182.8798828125
2019-09-20,8202.8203125,8086.16015625,8184.8798828125,8117.669921875,3359380000,8117.669921875
2019-09-23,8135.81005859375,8085.33984375,8106.490234375,8112.4599609375,1780160000,8112.4599609375
2019-09-24,8158.830078125,7969.64990234375,8147.22998046875,7993.6298828125,2302600000,7993.6298828125
2019-09-25,8095.0,7935.56982421875,7990.66015625,8077.3798828125,2015270000,8077.3798828125
2019-09-26,8072.10986328125,7991.02001953125,8070.1201171875,8030.66015625,1832800000,8030.66015625
2019-09-27,8051.830078125,7890.27978515625,8047.10986328125,7939.6298828125,2037720000,7939.6298828125
2019-09-30,8012.16015625,7949.6298828125,7964.08984375,7999.33984375,1805820000,7999.33984375
2019-10-01,8062.5,7906.2900390625,8026.830078125,7908.68017578125,2243650000,7908.68017578125
2019-10-02,7852.7001953125,7744.9599609375,7851.1298828125,7785.25,2495160000,7785.25
2019-10-03,7872.259765625,7700.0,7787.02001953125,7872.259765625,2141490000,7872.259765625
2019-10-04,7986.6201171875,7899.39013671875,7908.43994140625,7982.47021484375,1736890000,7982.47021484375
2019-10-07,8013.31005859375,7942.080078125,7956.41015625,7956.2900390625,1739450000,7956.2900390625
2019-10-08,7921.8798828125,7823.72998046875,7898.27001953125,7823.77978515625,1933580000,7823.77978515625
2019-10-09,7930.919921875,7873.52001953125,7895.9599609375,7903.740234375,1553900000,7903.740234375
2019-10-10,7982.83984375,7899.81005859375,7904.56005859375,7950.77978515625,1778740000,7950.77978515625
2019-10-11,8115.7998046875,8046.7998046875,8047.33984375,8057.0400390625,2176080000,8057.0400390625
2019-10-14,8069.85009765625,8036.41015625,8044.35009765625,8048.64990234375,1419730000,8048.64990234375
2019-10-15,8166.18017578125,8071.81005859375,8074.85009765625,8148.7099609375,1836650000,8148.7099609375
2019-10-16,8146.14990234375,8103.3798828125,8119.81005859375,8124.18017578125,1886720000,8124.18017578125
2019-10-17,8183.64013671875,8131.25,8176.91015625,8156.85009765625,1861570000,8156.85009765625
2019-10-18,8157.35986328125,8045.3701171875,8149.85009765625,8089.5400390625,2012930000,8089.5400390625
2019-10-21,8164.14013671875,8117.259765625,8137.419921875,8162.990234375,1752860000,8162.990234375
2019-10-22,8194.6201171875,8101.97998046875,8188.1201171875,8104.2998046875,1847200000,8104.2998046875
2019-10-23,8122.8798828125,8078.35009765625,8090.240234375,8119.7900390625,1805030000,8119.7900390625
2019-10-24,8187.83984375,8137.66015625,8180.0400390625,8185.7998046875,1882490000,8185.7998046875
2019-10-25,8249.9697265625,8150.58984375,8150.58984375,8243.1201171875,1894740000,8243.1201171875
2019-10-28,8335.5595703125,8285.26953125,8285.76953125,8325.990234375,1956280000,8325.990234375
2019-10-29,8319.2900390625,8275.1396484375,8313.349609375,8276.849609375,1834530000,8276.849609375
2019-10-30,8315.5,8241.7001953125,8284.2802734375,8303.98046875,1928420000,8303.98046875
2019-10-31,8321.7998046875,8248.8095703125,8314.3798828125,8292.3603515625,2258270000,8292.3603515625
2019-11-01,8386.75,8326.5595703125,8335.0498046875,8386.400390625,2057310000,8386.400390625
2019-11-04,8451.3701171875,8421.2998046875,8445.5,8433.2001953125,2149910000,8433.2001953125
2019-11-05,8457.3896484375,8421.0498046875,8446.6201171875,8434.6796875,2316710000,8434.6796875
2019-11-06,8426.5703125,8379.330078125,8426.5703125,8410.6298828125,2332650000,8410.6298828125
2019-11-07,8483.16015625,8415.8701171875,8455.1103515625,8434.51953125,2393950000,8434.51953125
2019-11-08,8475.5703125,8405.8896484375,8422.669921875,8475.3095703125,1974190000,8475.3095703125
2019-11-11,8467.2900390625,8425.48046875,8431.259765625,8464.2802734375,1715470000,8464.2802734375
2019-11-12,8514.83984375,8462.990234375,8471.0703125,8486.08984375,1987820000,8486.08984375
2019-11-13,8496.900390625,8451.33984375,8455.01953125,8482.099609375,2173320000,8482.099609375
2019-11-14,8485.3603515625,8441.580078125,8461.0595703125,8479.01953125,2106550000,8479.01953125
2019-11-15,8540.830078125,8506.7998046875,8524.48046875,8540.830078125,2188210000,8540.830078125
2019-11-18,8559.7802734375,8503.6201171875,8529.16015625,8549.9404296875,2047240000,8549.9404296875
2019-11-19,8589.759765625,8536.73046875,8578.01953125,8570.66015625,2075000000,8570.66015625
2019-11-20,8578.26953125,8468.6298828125,8543.5703125,8526.73046875,2596030000,8526.73046875
2019-11-21,8530.73046875,8487.2900390625,8527.8701171875,8506.2099609375,2056230000,8506.2099609375
2019-11-22,8535.4599609375,8477.490234375,8530.5400390625,8519.8798828125,1877090000,8519.8798828125
2019-11-25,8633.150390625,8559.650390625,8559.650390625,8632.490234375,2256070000,8632.490234375
2019-11-26,8659.73046875,8625.6201171875,8635.400390625,8647.9296875,2434570000,8647.9296875
2019-11-27,8705.91015625,8662.580078125,8669.58984375,8705.1796875,1744580000,8705.1796875
2019-11-29,8697.3203125,8664.0400390625,8682.009765625,8665.4697265625,1099090000,8665.4697265625
2019-12-02,8672.83984375,8540.16015625,8672.83984375,8567.990234375,2225940000,8567.990234375
2019-12-03,8523.98046875,8435.400390625,8460.7197265625,8520.6396484375,2308600000,8520.6396484375
2019-12-04,8584.8798828125,8552.3798828125,8557.4501953125,8566.669921875,2150680000,8566.669921875
2019-12-05,8588.8896484375,8541.919921875,8587.9296875,8570.7001953125,2123380000,8570.7001953125
2019-12-06,8665.4404296875,8630.580078125,8634.25,8656.5302734375,2053530000,8656.5302734375
2019-12-09,8678.849609375,8619.76953125,8650.8603515625,8621.830078125,2088520000,8621.830078125
2019-12-10,8650.759765625,8600.8203125,8623.5595703125,8616.1796875,2053390000,8616.1796875
2019-12-11,8658.48046875,8622.3603515625,8631.1201171875,8654.0498046875,1937850000,8654.0498046875
2019-12-12,8745.8203125,8633.599609375,8645.3603515625,8717.3203125,2388270000,8717.3203125
2019-12-13,8768.8701171875,8697.580078125,8713.91015625,8734.8798828125,2188720000,8734.8798828125
2019-12-16,8833.4501953125,8789.76953125,8791.3095703125,8814.23046875,2346290000,8814.23046875
2019-12-17,8831.990234375,8804.599609375,8829.4697265625,8823.3603515625,2374120000,8823.3603515625
2019-12-18,8848.759765625,8820.419921875,8834.650390625,8827.740234375,2727870000,8827.740234375
2019-12-19,8888.1298828125,8838.9697265625,8838.9697265625,8887.2197265625,2415950000,8887.2197265625
2019-12-20,8931.91015625,8901.8701171875,8911.83984375,8924.9599609375,3825460000,8924.9599609375
2019-12-23,8956.6396484375,8934.5498046875,8950.2001953125,8945.650390625,2025450000,8945.650390625
2019-12-24,8957.1201171875,8934.3603515625,8955.009765625,8952.8798828125,1014520000,8952.8798828125
2019-12-26,9022.4599609375,8968.4599609375,8970.2099609375,9022.3896484375,1634920000,9022.3896484375
2019-12-27,9052.0,8987.3203125,9049.4697265625,9006.6201171875,1832200000,9006.6201171875
2019-12-30,9006.3603515625,8909.1904296875,9004.4501953125,8945.990234375,2042420000,8945.990234375
2019-12-31,8975.3603515625,8912.76953125,8918.740234375,8972.599609375,2182800000,8972.599609375
2020-01-02,9093.4296875,9010.8896484375,9039.4599609375,9092.1904296875,2848370000,9092.1904296875
2020-01-03,9065.759765625,8976.4296875,8976.4296875,9020.76953125,2567400000,9020.76953125
2020-01-06,9072.41015625,8943.5,8943.5,9071.4697265625,2788120000,9071.4697265625
2020-01-07,9091.9296875,9042.5498046875,9076.6396484375,9068.580078125,2352850000,9068.580078125
2020-01-08,9168.8896484375,9059.3798828125,9068.0302734375,9129.240234375,2464090000,9129.240234375
2020-01-09,9215.9501953125,9158.5,9202.26953125,9203.4296875,2534700000,9203.4296875
2020-01-10,9235.2001953125,9164.66015625,9232.9501953125,9178.8603515625,2378990000,9178.8603515625
2020-01-13,9274.490234375,9193.0595703125,9213.7197265625,9273.9296875,2530270000,9273.9296875
2020-01-14,9298.330078125,9226.490234375,9270.6103515625,9251.330078125,2542170000,9251.330078125
2020-01-15,9298.8203125,9231.1396484375,9253.759765625,9258.7001953125,2435650000,9258.7001953125
2020-01-16,9357.919921875,9301.3203125,9313.4501953125,9357.1298828125,2301400000,9357.1298828125
2020-01-17,9393.48046875,9346.8095703125,9392.3701171875,9388.9404296875,2522670000,9388.9404296875
2020-01-21,9397.580078125,9350.2001953125,9361.0703125,9370.8095703125,2684540000,9370.8095703125
2020-01-22,9439.2900390625,9375.1298828125,9413.6103515625,9383.76953125,2449390000,9383.76953125
2020-01-23,9409.2001953125,9334.1298828125,9377.7197265625,9402.48046875,2460050000,9402.48046875
2020-01-24,9451.4296875,9273.23046875,9446.2099609375,9314.91015625,2611710000,9314.91015625
2020-01-27,9185.4501953125,9088.0400390625,9092.4599609375,9139.3095703125,2583330000,9139.3095703125
2020-01-28,9288.8701171875,9182.330078125,9201.8203125,9269.6796875,2157830000,9269.6796875
2020-01-29,9329.1201171875,9249.0400390625,9318.259765625,9275.16015625,2223480000,9275.16015625
