Date,High,Low,Open,Close,Volume,Adj Close
2017-01-30,77.31999969482422,76.54000091552734,76.83000183105469,77.27999877929688,5344500.0,73.93925476074219
2017-01-31,77.25,75.97000122070312,76.86000061035156,76.37999725341797,5568100.0,73.07816314697266
2017-02-01,77.44000244140625,76.58000183105469,76.8499984741211,76.76000213623047,3916800.0,73.4417495727539
2017-02-02,76.88999938964844,76.05999755859375,76.2300033569336,76.51000213623047,3655500.0,73.20255279541016
2017-02-03,78.41999816894531,76.91000366210938,77.13999938964844,78.04000091552734,5235800.0,74.66641235351562
2017-02-06,78.41000366210938,77.4800033569336,77.72000122070312,77.81999969482422,3229500.0,74.4559097290039
2017-02-07,78.37999725341797,77.5199966430664,78.05999755859375,77.72000122070312,2060200.0,74.3602523803711
2017-02-08,77.94000244140625,77.08000183105469,77.54000091552734,77.80000305175781,2223100.0,74.4367904663086
2017-02-09,78.37000274658203,77.66999816894531,77.80000305175781,78.18000030517578,3031800.0,74.80034637451172
2017-02-10,78.69000244140625,78.2300033569336,78.5,78.4800033569336,2191200.0,75.08739471435547
2017-02-13,79.18000030517578,78.4800033569336,78.81999969482422,78.91000366210938,3317100.0,75.49879455566406
2017-02-14,79.44999694824219,78.66999816894531,79.0,79.41000366210938,3511200.0,75.97718811035156
2017-02-15,80.0999984741211,78.66999816894531,79.79000091552734,79.5999984741211,5704100.0,76.15896606445312
2017-02-16,79.5999984741211,78.91999816894531,79.45999908447266,79.51000213623047,4295000.0,76.07286071777344
2017-02-17,79.77999877929688,78.9000015258789,79.22000122070312,79.70999908447266,2690300.0,76.26421356201172
2017-02-21,80.44999694824219,79.63999938964844,79.91999816894531,79.97000122070312,3505500.0,76.51298522949219
2017-02-22,79.97000122070312,79.38999938964844,79.83000183105469,79.86000061035156,2943000.0,76.4077377319336
2017-02-23,80.44999694824219,79.7699966430664,79.87000274658203,80.05000305175781,3339500.0,76.58950805664062
2017-02-24,79.88999938964844,79.26000213623047,79.76000213623047,79.76000213623047,3932300.0,76.31205749511719
2017-02-27,80.30999755859375,79.58999633789062,79.75,80.16999816894531,2619400.0,76.70431518554688
2017-02-28,80.48999786376953,79.7699966430664,80.12000274658203,80.05999755859375,4415300.0,76.59907531738281
2017-03-01,82.0,81.0199966430664,81.05000305175781,81.91999816894531,4746400.0,78.37867736816406
2017-03-02,81.66000366210938,80.05999755859375,81.66000366210938,80.0999984741211,4409800.0,76.6373519897461
2017-03-03,80.66000366210938,79.81999969482422,80.0999984741211,79.87999725341797,4579600.0,76.42686462402344
2017-03-06,79.68000030517578,79.08999633789062,79.5,79.5,3670300.0,76.06329345703125
2017-03-07,80.0199966430664,79.33000183105469,79.7699966430664,79.58000183105469,4433500.0,76.13983154296875
2017-03-08,80.37000274658203,78.97000122070312,80.0,79.04000091552734,4326800.0,75.62316131591797
2017-03-09,79.69999694824219,78.80999755859375,79.19000244140625,79.30000305175781,4573500.0,75.87194061279297
2017-03-10,79.45999908447266,78.87999725341797,79.37999725341797,79.37999725341797,3762800.0,75.94847106933594
2017-03-13,79.54000091552734,79.05999755859375,79.37999725341797,79.20999908447266,3664300.0,75.78582763671875
2017-03-14,79.80000305175781,78.83000183105469,78.95999908447266,79.69000244140625,3321400.0,76.24507141113281
2017-03-15,79.88999938964844,78.98999786376953,79.8499984741211,79.2300033569336,4337200.0,75.80496215820312
2017-03-16,80.0999984741211,79.38999938964844,79.47000122070312,79.7699966430664,3474800.0,76.32161712646484
2017-03-17,79.95999908447266,78.9800033569336,79.91999816894531,79.25,6672600.0,75.8240966796875
2017-03-20,79.5999984741211,78.83000183105469,79.1500015258789,78.8499984741211,3099500.0,75.44139099121094
2017-03-21,79.12999725341797,77.31999969482422,78.93000030517578,77.52999877929688,6804000.0,74.17845916748047
2017-03-22,78.18000030517578,77.05999755859375,77.43000030517578,77.66999816894531,4877300.0,74.31239318847656
2017-03-23,78.4000015258789,77.51000213623047,77.56999969482422,77.83999633789062,4082900.0,74.47504425048828
2017-03-24,78.83999633789062,77.87000274658203,78.11000061035156,78.19999694824219,4726800.0,74.81948852539062
2017-03-27,77.81999969482422,76.66999816894531,77.20999908447266,77.5999984741211,3835300.0,74.24542236328125
2017-03-28,78.86000061035156,77.38999938964844,77.51000213623047,78.63999938964844,4235900.0,75.24047088623047
2017-03-29,79.33999633789062,78.13999938964844,78.44999694824219,78.25,2913600.0,74.86734771728516
2017-03-30,79.30000305175781,78.08999633789062,78.19999694824219,79.20999908447266,2924100.0,75.78582763671875
2017-03-31,79.43000030517578,78.80000305175781,78.93000030517578,79.11000061035156,5228400.0,75.69015502929688
2017-04-03,79.18000030517578,77.97000122070312,79.16999816894531,78.58999633789062,3022700.0,75.19261932373047
2017-04-04,78.61000061035156,78.1500015258789,78.48999786376953,78.26000213623047,2563700.0,74.87690734863281
2017-04-05,79.02999877929688,77.66000366210938,78.58999633789062,77.76000213623047,2858400.0,74.70396423339844
2017-04-06,78.30000305175781,77.1500015258789,77.76000213623047,77.91999816894531,2914800.0,74.85768127441406
2017-04-07,78.23999786376953,77.37000274658203,77.4800033569336,77.7699966430664,2203000.0,74.71356964111328
2017-04-10,78.11000061035156,77.36000061035156,77.91999816894531,77.48999786376953,2217100.0,74.444580078125
2017-04-11,77.56999969482422,76.69000244140625,77.52999877929688,77.26000213623047,4642300.0,74.22362518310547
2017-04-12,77.4800033569336,76.58000183105469,77.38999938964844,76.68000030517578,3055800.0,73.66641998291016
2017-04-13,76.80999755859375,75.69999694824219,76.33000183105469,75.80000305175781,3666600.0,72.82100677490234
2017-04-17,76.70999908447266,75.62999725341797,75.83000183105469,76.66999816894531,4160800.0,73.65680694580078
2017-04-18,76.48999786376953,75.52999877929688,76.44999694824219,75.79000091552734,3845900.0,72.81138610839844
2017-04-19,76.29000091552734,75.51000213623047,76.19000244140625,75.55000305175781,5283600.0,72.58081817626953
2017-04-20,80.27999877929688,77.45999908447266,77.5,80.0199966430664,11099300.0,76.87515258789062
2017-04-21,80.47000122070312,79.48999786376953,79.87999725341797,79.58999633789062,5837800.0,76.46204376220703
2017-04-24,80.91999816894531,80.23999786376953,80.63999938964844,80.44999694824219,3563200.0,77.28825378417969
2017-04-25,81.4000015258789,80.62999725341797,81.05999755859375,80.62999725341797,5061300.0,77.461181640625
2017-04-26,80.91999816894531,80.1500015258789,80.62000274658203,80.5199966430664,3661600.0,77.3554916381836
2017-04-27,80.87000274658203,80.08000183105469,80.7699966430664,80.33000183105469,2922700.0,77.17295837402344
2017-04-28,80.16999816894531,79.05000305175781,79.94000244140625,79.25,5313200.0,76.13540649414062
2017-05-01,79.48999786376953,78.87999725341797,79.22000122070312,79.2300033569336,3458100.0,76.11619567871094
2017-05-02,79.66000366210938,79.1500015258789,79.1500015258789,79.54000091552734,3334900.0,76.41401672363281
2017-05-03,79.51000213623047,78.69000244140625,79.2300033569336,78.83000183105469,3800600.0,75.73193359375
2017-05-04,79.41999816894531,77.98999786376953,79.2300033569336,78.33000183105469,3902200.0,75.2515640258789
2017-05-05,78.7300033569336,77.87999725341797,78.61000061035156,78.31999969482422,2936700.0,75.24195861816406
2017-05-08,78.73999786376953,77.94999694824219,78.5,78.16000366210938,2608600.0,75.08824920654297
2017-05-09,78.73999786376953,78.08999633789062,78.16000366210938,78.44000244140625,2570600.0,75.35723876953125
2017-05-10,78.66000366210938,78.13999938964844,78.27999877929688,78.6500015258789,2396900.0,75.55899047851562
2017-05-11,78.44999694824219,77.25,78.19999694824219,77.91999816894531,3780600.0,74.85768127441406
2017-05-12,77.80999755859375,77.22000122070312,77.69999694824219,77.48999786376953,2865800.0,74.444580078125
2017-05-15,78.62000274658203,77.4800033569336,77.4800033569336,78.33000183105469,3327000.0,75.2515640258789
2017-05-16,78.63999938964844,77.83999633789062,78.5999984741211,78.12999725341797,2457500.0,75.05943298339844
2017-05-17,78.12999725341797,76.23999786376953,78.12999725341797,76.37000274658203,4441600.0,73.36860656738281
2017-05-18,76.8499984741211,75.97000122070312,76.2699966430664,76.37999725341797,3545700.0,73.37820434570312
2017-05-19,77.3499984741211,76.30000305175781,76.55000305175781,76.80000305175781,3283900.0,73.78170013427734
2017-05-22,77.12000274658203,76.5,76.94999694824219,76.9800033569336,2800000.0,73.95464324951172
2017-05-23,77.41999816894531,76.81999969482422,77.0199966430664,77.19999694824219,2239600.0,74.16597747802734
2017-05-24,77.45999908447266,76.93000030517578,77.45999908447266,77.12000274658203,2091300.0,74.08912658691406
2017-05-25,77.91999816894531,77.26000213623047,77.48999786376953,77.44000244140625,3185200.0,74.39654541015625
2017-05-26,77.5999984741211,77.0199966430664,77.16999816894531,77.45999908447266,1858800.0,74.41576385498047
2017-05-30,77.41999816894531,76.98999786376953,77.23999786376953,77.08999633789062,2073000.0,74.060302734375
2017-05-31,77.11000061035156,75.9800033569336,77.08999633789062,76.94000244140625,3117100.0,73.91620635986328
2017-06-01,78.37999725341797,76.94999694824219,77.2300033569336,78.27999877929688,3553400.0,75.20352935791016
2017-06-02,78.73999786376953,77.7699966430664,77.7699966430664,78.48999786376953,3534800.0,75.4052734375
2017-06-05,79.19999694824219,78.61000061035156,78.75,78.97000122070312,2738600.0,75.86642456054688
2017-06-06,78.93000030517578,78.29000091552734,78.45999908447266,78.8499984741211,2878000.0,75.75113677978516
2017-06-07,80.08999633789062,78.79000091552734,78.91000366210938,79.80999755859375,4284000.0,76.67338562011719
2017-06-08,80.19999694824219,79.66999816894531,79.80999755859375,79.94999694824219,4079800.0,76.80789184570312
2017-06-09,80.7300033569336,79.7300033569336,80.38999938964844,80.30999755859375,3849400.0,77.15374755859375
2017-06-12,80.7300033569336,80.06999969482422,80.3499984741211,80.16999816894531,3352300.0,77.01925659179688
2017-06-13,80.73999786376953,80.06999969482422,80.19999694824219,80.58999633789062,3174400.0,77.4227523803711
2017-06-14,80.91999816894531,79.62000274658203,80.11000061035156,80.83999633789062,4013100.0,77.66291809082031
2017-06-15,81.23999786376953,80.2300033569336,80.37999725341797,80.69999694824219,2773400.0,77.52842712402344
2017-06-16,81.4800033569336,80.7699966430664,80.86000061035156,81.44999694824219,5914700.0,78.24893188476562
2017-06-19,81.94000244140625,81.29000091552734,81.55999755859375,81.87999725341797,3076500.0,78.66204071044922
2017-06-20,82.80999755859375,81.80000305175781,81.9800033569336,82.51000213623047,3929100.0,79.26729583740234
2017-06-21,82.80000305175781,81.98999786376953,82.5999984741211,82.20999908447266,2683400.0,78.97908782958984
2017-06-22,82.62999725341797,82.05999755859375,82.11000061035156,82.25,2312100.0,79.01750946044922
2017-06-23,82.69999694824219,82.05999755859375,82.38999938964844,82.22000122070312,3785300.0,78.98868560791016
2017-06-26,83.29000091552734,82.44000244140625,82.5,82.95999908447266,2491600.0,79.6996078491211
2017-06-27,83.5199966430664,83.01000213623047,83.05999755859375,83.08000183105469,2994500.0,79.81488037109375
2017-06-28,84.2699966430664,83.4000015258789,83.51000213623047,83.97000122070312,3668500.0,80.669921875
2017-06-29,85.38999938964844,83.16000366210938,84.91999816894531,83.62999725341797,5092600.0,80.34326171875
2017-06-30,84.63999938964844,83.58999633789062,84.08999633789062,84.23999786376953,3320800.0,80.9292984008789
2017-07-03,85.73999786376953,84.69000244140625,84.69000244140625,85.0999984741211,2306900.0,81.75548553466797
2017-07-05,85.87999725341797,84.80999755859375,85.22000122070312,84.88999938964844,3501200.0,81.86157989501953
2017-07-06,84.83999633789062,83.72000122070312,84.66999816894531,83.73999786376953,3213400.0,80.75260162353516
2017-07-07,84.69000244140625,83.7699966430664,83.93000030517578,84.33000183105469,2454600.0,81.3215560913086
2017-07-10,84.56999969482422,83.97000122070312,84.12999725341797,84.30000305175781,2147000.0,81.2926254272461
2017-07-11,84.30999755859375,83.54000091552734,84.2300033569336,84.16000366210938,2733200.0,81.15762329101562
2017-07-12,84.9800033569336,84.05999755859375,84.27999877929688,84.81999969482422,4629100.0,81.79405975341797
2017-07-13,85.43000030517578,84.73999786376953,84.93000030517578,85.37000274658203,3309400.0,82.32445526123047
2017-07-14,85.55999755859375,84.58999633789062,84.8499984741211,85.27999877929688,3354700.0,82.23765563964844
2017-07-17,85.5199966430664,84.77999877929688,85.12999725341797,85.22000122070312,2190500.0,82.1798095703125
2017-07-18,85.55999755859375,84.76000213623047,84.95999908447266,85.5199966430664,2816000.0,82.46910858154297
2017-07-19,85.9800033569336,85.30000305175781,85.76000213623047,85.93000030517578,5539700.0,82.86448669433594
2017-07-20,85.44999694824219,84.52999877929688,84.94000244140625,85.3499984741211,5386400.0,82.30516815185547
2017-07-21,86.27999877929688,85.43000030517578,85.79000091552734,85.58999633789062,3570400.0,82.53659057617188
2017-07-24,85.66999816894531,83.86000061035156,85.44999694824219,85.0,5389100.0,81.9676513671875
2017-07-25,86.0999984741211,85.08000183105469,85.83999633789062,85.41000366210938,3255200.0,82.36302947998047
2017-07-26,85.72000122070312,85.16999816894531,85.41000366210938,85.30000305175781,3038100.0,82.25695037841797
2017-07-27,85.19999694824219,83.33000183105469,85.18000030517578,83.8499984741211,6119300.0,80.85867309570312
2017-07-28,85.0999984741211,83.62000274658203,83.87999725341797,84.80000305175781,3321200.0,81.7747802734375
2017-07-31,85.69999694824219,84.83999633789062,85.16999816894531,85.2300033569336,3079800.0,82.189453125
2017-08-01,85.83999633789062,85.13999938964844,85.72000122070312,85.23999786376953,3148800.0,82.19908142089844
2017-08-02,85.36000061035156,84.97000122070312,85.1500015258789,85.30000305175781,3252300.0,82.25695037841797
2017-08-03,85.87999725341797,85.13999938964844,85.23999786376953,85.54000091552734,2381800.0,82.48839569091797
2017-08-04,86.33000183105469,85.83999633789062,85.98999786376953,85.97000122070312,2840200.0,82.90304565429688
2017-08-07,86.19000244140625,85.68000030517578,86.0999984741211,85.8499984741211,2089100.0,82.78732299804688
2017-08-08,86.66999816894531,85.41000366210938,85.43000030517578,85.94000244140625,2922800.0,82.8741226196289
2017-08-09,85.97000122070312,85.23999786376953,85.73999786376953,85.69000244140625,2961000.0,82.63304901123047
2017-08-10,85.58000183105469,84.55000305175781,85.44000244140625,84.55999755859375,3755200.0,81.54335021972656
2017-08-11,84.86000061035156,83.97000122070312,84.76000213623047,84.29000091552734,3078600.0,81.28298950195312
2017-08-14,85.66999816894531,84.72000122070312,84.73999786376953,85.47000122070312,2893600.0,82.42088317871094
2017-08-15,86.97000122070312,85.87999725341797,85.98999786376953,86.79000091552734,3774100.0,83.69379425048828
2017-08-16,87.77999877929688,86.98999786376953,87.0,87.38999938964844,3379600.0,84.27239227294922
2017-08-17,87.62999725341797,86.05000305175781,87.33999633789062,86.08999633789062,3870400.0,83.01876068115234
2017-08-18,86.12999725341797,85.20999908447266,85.98999786376953,85.37999725341797,4271200.0,82.33409118652344
2017-08-21,85.63999938964844,84.94999694824219,85.44999694824219,85.30000305175781,2505100.0,82.25695037841797
2017-08-22,85.7300033569336,84.91000366210938,85.47000122070312,85.30000305175781,2155300.0,82.25695037841797
2017-08-23,85.51000213623047,84.69999694824219,84.70999908447266,85.27999877929688,1960400.0,82.23765563964844
2017-08-24,85.52999877929688,85.04000091552734,85.48999786376953,85.36000061035156,2057900.0,82.31481170654297
2017-08-25,85.95999908447266,85.41999816894531,85.5,85.47000122070312,2302100.0,82.42088317871094
2017-08-28,85.69000244140625,85.20999908447266,85.66000366210938,85.41000366210938,2105500.0,82.36302947998047
2017-08-29,85.51000213623047,84.4000015258789,84.75,85.41999816894531,2779400.0,82.37266540527344
2017-08-30,85.73999786376953,85.22000122070312,85.37999725341797,85.69000244140625,2131700.0,82.63304901123047
2017-08-31,86.27999877929688,85.69999694824219,86.0,86.0999984741211,3792300.0,83.02841186523438
2017-09-01,86.54000091552734,86.05000305175781,86.30999755859375,86.13999938964844,2262700.0,83.06697845458984
2017-09-05,85.91000366210938,84.68000030517578,85.72000122070312,85.30999755859375,3089800.0,82.26659393310547
2017-09-06,85.83999633789062,85.0,85.56999969482422,85.2300033569336,2823300.0,82.189453125
2017-09-07,85.5199966430664,84.08000183105469,85.2699966430664,84.41000366210938,2905400.0,81.3987045288086
2017-09-08,85.01000213623047,84.0199966430664,84.18000030517578,84.25,3462100.0,81.2444076538086
2017-09-11,86.12000274658203,84.97000122070312,84.97000122070312,85.69000244140625,3397500.0,82.63304901123047
2017-09-12,86.5999984741211,85.80999755859375,85.97000122070312,86.55000305175781,3333300.0,83.46235656738281
2017-09-13,86.7699966430664,86.38999938964844,86.41999816894531,86.63999938964844,2396500.0,83.54914855957031
2017-09-14,86.80000305175781,86.16000366210938,86.54000091552734,86.19000244140625,2764900.0,83.1152114868164
2017-09-15,86.98999786376953,86.06999969482422,86.5199966430664,86.98999786376953,7791600.0,83.88665008544922
2017-09-18,87.87000274658203,86.94999694824219,87.08000183105469,87.87000274658203,3395100.0,84.73527526855469
2017-09-19,89.2300033569336,87.87999725341797,87.97000122070312,89.0,4043800.0,85.824951171875
2017-09-20,89.37999725341797,88.2699966430664,89.25,88.43000030517578,4251000.0,85.27527618408203
2017-09-21,88.80000305175781,88.04000091552734,88.44999694824219,88.41999816894531,2877800.0,85.2656478881836
2017-09-22,88.70999908447266,88.0999984741211,88.30000305175781,88.4000015258789,2770100.0,85.2463607788086
2017-09-25,88.63999938964844,87.83999633789062,88.27999877929688,88.20999908447266,2863100.0,85.06314086914062
2017-09-26,88.7699966430664,88.19999694824219,88.47000122070312,88.69000244140625,2197800.0,85.52601623535156
2017-09-27,89.73999786376953,89.02999877929688,89.68000030517578,89.48999786376953,2888900.0,86.29747009277344
2017-09-28,90.30999755859375,89.2300033569336,89.2300033569336,90.13999938964844,2458800.0,86.92428588867188
2017-09-29,90.7699966430664,89.93000030517578,90.04000091552734,90.45999908447266,2996300.0,87.23285675048828
2017-10-02,91.16999816894531,90.0999984741211,90.44000244140625,90.54000091552734,4466400.0,87.31002807617188
2017-10-03,91.63999938964844,90.58999633789062,90.58999633789062,91.43000030517578,2912300.0,88.16827392578125
2017-10-04,91.61000061035156,90.91000366210938,91.5999984741211,91.01000213623047,3091700.0,87.76324462890625
2017-10-05,91.62000274658203,90.7699966430664,90.95999908447266,91.16000366210938,2991000.0,88.24727630615234
2017-10-06,91.58999633789062,91.08999633789062,91.25,91.55000305175781,1891800.0,88.62481689453125
2017-10-09,91.95999908447266,91.5,91.58999633789062,91.69000244140625,1653700.0,88.76034545898438
2017-10-10,92.33999633789062,91.77999877929688,91.87999725341797,91.88999938964844,2247200.0,88.95394897460938
2017-10-11,92.6500015258789,91.80999755859375,91.86000061035156,91.95999908447266,3051400.0,89.0217056274414
2017-10-12,92.2300033569336,91.41999816894531,91.62999725341797,91.61000061035156,3279000.0,88.68290710449219
2017-10-13,92.91999816894531,91.26000213623047,91.5,92.86000061035156,3224200.0,89.89295196533203
2017-10-16,93.3499984741211,90.80999755859375,93.04000091552734,91.95999908447266,4294000.0,89.0217056274414
2017-10-17,92.0999984741211,91.58000183105469,91.94000244140625,91.69000244140625,2939600.0,88.76034545898438
2017-10-18,92.2699966430664,91.68000030517578,91.80000305175781,92.08000183105469,4720200.0,89.13788604736328
2017-10-19,92.94999694824219,90.04000091552734,90.4000015258789,91.9000015258789,6512100.0,88.96363067626953
2017-10-20,93.29000091552734,91.97000122070312,92.83999633789062,92.08999633789062,4442200.0,89.14755249023438
2017-10-23,93.08999633789062,92.22000122070312,92.22000122070312,92.37999725341797,2963100.0,89.42829895019531
2017-10-24,93.93000030517578,92.33000183105469,92.5999984741211,93.86000061035156,4481500.0,90.86100006103516
2017-10-25,94.23999786376953,93.2699966430664,94.0,93.52999877929688,4266100.0,90.54154968261719
2017-10-26,95.7300033569336,93.9800033569336,93.98999786376953,95.69000244140625,4136800.0,92.63253021240234
2017-10-27,96.0199966430664,95.02999877929688,95.44999694824219,95.79000091552734,3212200.0,92.72935485839844
2017-10-30,96.12000274658203,94.83999633789062,95.7300033569336,95.06999969482422,3096500.0,92.0323486328125
2017-10-31,95.61000061035156,94.5199966430664,94.9800033569336,95.5199966430664,3146400.0,92.46796417236328
2017-11-01,96.56999969482422,95.44000244140625,96.29000091552734,95.79000091552734,2320000.0,92.72935485839844
2017-11-02,96.23999786376953,95.38999938964844,96.0,95.9800033569336,3013300.0,92.91326141357422
2017-11-03,96.43000030517578,95.77999877929688,96.27999877929688,96.43000030517578,2089500.0,93.34888458251953
2017-11-06,96.7300033569336,95.93000030517578,96.3499984741211,96.29000091552734,1848300.0,93.21336364746094
2017-11-07,96.9000015258789,95.18000030517578,96.41999816894531,95.37000274658203,3200900.0,92.32276153564453
2017-11-08,95.27999877929688,94.44999694824219,95.0999984741211,95.12999725341797,2163700.0,92.09040069580078
2017-11-09,94.66000366210938,93.27999877929688,94.33999633789062,93.75,3949800.0,90.7545166015625
2017-11-10,94.1500015258789,93.38999938964844,93.79000091552734,93.5199966430664,2714400.0,90.53186798095703
2017-11-13,93.9800033569336,92.77999877929688,93.0,93.9000015258789,2708500.0,90.89971923828125
2017-11-14,93.79000091552734,92.94000244140625,93.56999969482422,93.76000213623047,2843700.0,90.76420593261719
2017-11-15,93.79000091552734,92.80000305175781,93.2699966430664,93.26000213623047,3236600.0,90.2801742553711
2017-11-16,94.04000091552734,93.30000305175781,93.55000305175781,93.55999755859375,2586500.0,90.5705795288086
2017-11-17,93.76000213623047,92.91999816894531,93.30999755859375,93.69000244140625,3261200.0,90.69644165039062
2017-11-20,94.33999633789062,93.68000030517578,93.91999816894531,93.94999694824219,3456600.0,90.9481201171875
2017-11-21,94.6500015258789,94.12000274658203,94.41999816894531,94.41000366210938,2917000.0,91.3934326171875
2017-11-22,94.70999908447266,93.4800033569336,94.38999938964844,93.81999969482422,2159100.0,90.82227325439453
2017-11-24,94.12000274658203,93.47000122070312,93.97000122070312,93.4800033569336,837300.0,90.4931411743164
2017-11-27,94.0,93.36000061035156,93.56999969482422,93.47000122070312,2731300.0,90.48347473144531
2017-11-28,95.27999877929688,93.58000183105469,93.76000213623047,95.27999877929688,3536400.0,92.23562622070312
2017-11-29,97.31999969482422,95.5999984741211,95.95999908447266,96.5999984741211,4325500.0,93.51345825195312
2017-11-30,98.48999786376953,96.80999755859375,97.0199966430664,97.70999908447266,5328300.0,94.5879898071289
2017-12-01,98.22000122070312,95.8499984741211,98.08000183105469,97.86000061035156,3445200.0,94.73320007324219
2017-12-04,99.16999816894531,97.9800033569336,98.62000274658203,98.58999633789062,4562400.0,95.43986511230469
2017-12-05,99.75,98.58000183105469,99.19999694824219,98.70999908447266,3525600.0,95.55603790283203
2017-12-06,98.81999969482422,98.16999816894531,98.63999938964844,98.20999908447266,3081300.0,95.072021484375
2017-12-07,99.12000274658203,97.4800033569336,97.76000213623047,98.58000183105469,3026100.0,95.4301986694336
2017-12-08,99.0,98.13999938964844,99.0,98.55000305175781,3850300.0,95.40115356445312
2017-12-11,99.04000091552734,98.23999786376953,98.5999984741211,99.0,2984100.0,95.8367691040039
2017-12-12,99.66000366210938,98.8499984741211,98.87999725341797,99.37000274658203,3455500.0,96.19495391845703
2017-12-13,99.30999755859375,97.76000213623047,99.12000274658203,97.77999877929688,3463900.0,94.65575408935547
2017-12-14,98.6500015258789,97.1500015258789,98.30999755859375,97.1500015258789,3464600.0,94.04588317871094
2017-12-15,98.83999633789062,97.44000244140625,97.77999877929688,98.5199966430664,7891800.0,95.37210083007812
2017-12-18,100.52999877929688,98.98999786376953,99.19000244140625,99.68000030517578,3485400.0,96.49504089355469
2017-12-19,100.38999938964844,99.12000274658203,100.20999908447266,99.1500015258789,3282600.0,95.98197937011719
2017-12-20,99.94000244140625,98.45999908447266,99.70999908447266,98.51000213623047,3091000.0,95.3624267578125
2017-12-21,99.19000244140625,98.37000274658203,99.05000305175781,98.5,2339500.0,95.35273742675781
2017-12-22,99.04000091552734,98.20999908447266,98.47000122070312,98.73999786376953,1980300.0,95.58507537841797
2017-12-26,98.91999816894531,98.12999725341797,98.80000305175781,98.56999969482422,1575200.0,95.4205093383789
2017-12-27,99.25,98.56999969482422,98.9000015258789,99.12999725341797,2569900.0,95.9626235961914
2017-12-28,99.91000366210938,99.36000061035156,99.63999938964844,99.69999694824219,1914900.0,96.514404296875
2017-12-29,100.25,99.26000213623047,100.0,99.30999755859375,2056800.0,96.13685607910156
2018-01-02,99.7300033569336,98.22000122070312,99.7300033569336,98.94000244140625,2746700.0,95.7786865234375
2018-01-03,99.76000213623047,99.0199966430664,99.23999786376953,99.55000305175781,2976400.0,96.36919403076172
2018-01-04,101.6500015258789,99.91000366210938,100.02999877929688,100.8499984741211,3122000.0,97.97212219238281
2018-01-05,101.08000183105469,100.2699966430664,100.8499984741211,101.08000183105469,2550300.0,98.19554138183594
2018-01-08,101.19999694824219,100.12000274658203,101.0,100.1500015258789,1896500.0,97.2920913696289
2018-01-09,100.80000305175781,100.2699966430664,100.36000061035156,100.5199966430664,2978500.0,97.65153503417969
2018-01-10,101.58999633789062,100.33000183105469,100.38999938964844,101.22000122070312,2279200.0,98.3315658569336
2018-01-11,101.44000244140625,100.19999694824219,101.44000244140625,100.7300033569336,2745400.0,97.85554504394531
2018-01-12,101.02999877929688,99.93000030517578,100.86000061035156,100.97000122070312,3231500.0,98.08869171142578
2018-01-16,102.38999938964844,100.1500015258789,102.01000213623047,100.33999633789062,3814000.0,97.47665405273438
2018-01-17,101.0,99.23999786376953,100.98999786376953,100.76000213623047,4469700.0,97.88468933105469
2018-01-18,100.83999633789062,99.58000183105469,100.83999633789062,99.86000061035156,5290700.0,97.0103530883789
2018-01-19,98.94000244140625,96.3499984741211,97.01000213623047,98.02999877929688,12306000.0,95.23258209228516
2018-01-22,98.33999633789062,96.83999633789062,97.26000213623047,98.31999969482422,4983600.0,95.51432037353516
2018-01-23,98.4000015258789,97.44000244140625,98.16000366210938,97.9800033569336,4375200.0,95.18402099609375
2018-01-24,99.51000213623047,98.16000366210938,98.25,99.30000305175781,4949500.0,96.46634674072266
2018-01-25,100.11000061035156,99.19999694824219,99.43000030517578,99.69000244140625,3375200.0,96.84522247314453
2018-01-26,99.94999694824219,98.94999694824219,99.8499984741211,99.62999725341797,3668700.0,96.78692626953125
2018-01-29,100.18000030517578,99.2300033569336,99.75,99.41000366210938,3472100.0,96.57321166992188
2018-01-30,100.0999984741211,98.69000244140625,99.44999694824219,98.70999908447266,3466500.0,95.89317321777344
2018-01-31,99.70999908447266,98.5,98.73999786376953,99.4000015258789,3202900.0,96.56348419189453
2018-02-01,100.04000091552734,98.4000015258789,98.94999694824219,100.0,2952100.0,97.14636993408203
2018-02-02,99.69000244140625,96.63999938964844,99.52999877929688,96.68000030517578,4663300.0,93.92111206054688
2018-02-05,96.72000122070312,88.61000061035156,95.83000183105469,92.01000213623047,6421900.0,89.3843765258789
2018-02-06,94.22000122070312,88.51000213623047,89.75,94.18000030517578,7244000.0,91.49244689941406
2018-02-07,94.8499984741211,93.41000366210938,93.52999877929688,93.61000061035156,3796800.0,90.938720703125
2018-02-08,93.97000122070312,88.27999877929688,93.75,88.33999633789062,5814900.0,85.81910705566406
2018-02-09,92.5199966430664,87.54000091552734,89.47000122070312,91.72000122070312,8017600.0,89.1026611328125
2018-02-12,95.68000030517578,92.41999816894531,92.58000183105469,94.69999694824219,7419200.0,91.99761199951172
2018-02-13,94.80999755859375,92.81999969482422,94.02999877929688,94.55999755859375,3366700.0,91.86161804199219
2018-02-14,96.55999755859375,93.66999816894531,93.97000122070312,96.2300033569336,3446800.0,93.48395538330078
2018-02-15,97.20999908447266,95.44000244140625,97.05999755859375,96.55999755859375,3057400.0,93.8045425415039
2018-02-16,97.48999786376953,96.25,96.37000274658203,96.79000091552734,3280700.0,94.0279769897461
2018-02-20,97.70999908447266,96.5,96.58000183105469,97.19000244140625,3514700.0,94.41654968261719
2018-02-21,98.48999786376953,96.75,96.91999816894531,97.5,4431500.0,94.71771240234375
2018-02-22,98.06999969482422,97.05000305175781,97.58999633789062,97.3499984741211,4270100.0,94.57199096679688
2018-02-23,98.83999633789062,97.55000305175781,97.77999877929688,98.80000305175781,2440600.0,95.98062133789062
2018-02-26,101.68000030517578,98.97000122070312,99.43000030517578,101.63999938964844,4953100.0,98.73956298828125
2018-02-27,102.12000274658203,99.58000183105469,101.66000366210938,99.58000183105469,5167300.0,96.73836517333984
2018-02-28,100.36000061035156,97.43000030517578,100.04000091552734,97.51000213623047,4053700.0,94.72742462158203
2018-03-01,98.30000305175781,94.52999877929688,97.81999969482422,95.13999938964844,4369800.0,92.42506408691406
2018-03-02,95.75,93.19999694824219,94.62999725341797,95.5999984741211,3584700.0,92.87194061279297
2018-03-05,97.29000091552734,94.69999694824219,95.08999633789062,96.66000366210938,2661400.0,93.90167999267578
2018-03-06,96.98999786376953,95.13999938964844,96.98999786376953,96.06999969482422,3221100.0,93.32852172851562
2018-03-07,95.7300033569336,94.27999877929688,95.20999908447266,95.63999938964844,3594900.0,92.91079711914062
2018-03-08,96.68000030517578,95.08999633789062,96.05000305175781,96.58999633789062,3760500.0,93.83367156982422
2018-03-09,99.11000061035156,97.05999755859375,97.58000183105469,99.05000305175781,3044300.0,96.22348022460938
2018-03-12,99.69999694824219,97.4800033569336,99.08999633789062,97.66999816894531,4020900.0,94.88285064697266
2018-03-13,98.2300033569336,95.08000183105469,98.12000274658203,95.37000274658203,4858700.0,92.64849853515625
2018-03-14,96.16999816894531,94.08999633789062,95.95999908447266,94.52999877929688,3013800.0,91.83245849609375
2018-03-15,95.41000366210938,93.95999908447266,95.05999755859375,94.38999938964844,3213000.0,91.69646453857422
2018-03-16,96.38999938964844,94.2699966430664,94.55000305175781,95.61000061035156,5124900.0,92.88163757324219
2018-03-19,95.4800033569336,93.80000305175781,95.44000244140625,94.83999633789062,2610400.0,92.13362121582031
2018-03-20,95.6500015258789,94.72000122070312,95.3499984741211,94.94999694824219,2501600.0,92.24047088623047
2018-03-21,96.2699966430664,94.4000015258789,94.62000274658203,94.73999786376953,2124000.0,92.0364761352539
2018-03-22,93.95999908447266,91.12000274658203,93.73999786376953,91.41000366210938,4113900.0,88.80149841308594
2018-03-23,92.36000061035156,90.41000366210938,91.81999969482422,90.44999694824219,5100400.0,87.86888885498047
2018-03-26,92.98999786376953,90.80000305175781,91.37000274658203,92.62000274658203,2769800.0,89.97697448730469
2018-03-27,93.73999786376953,90.87000274658203,92.80999755859375,91.41999816894531,4357300.0,88.81120300292969
2018-03-28,93.54000091552734,91.5999984741211,91.76000213623047,92.20999908447266,5509700.0,89.57865905761719
2018-03-29,94.37000274658203,92.29000091552734,92.38999938964844,93.27999877929688,4940600.0,90.61812591552734
2018-04-02,93.55000305175781,89.95999908447266,93.13999938964844,91.0,4998400.0,88.40320587158203
2018-04-03,92.93000030517578,91.18000030517578,91.55000305175781,92.73999786376953,2864500.0,90.09354400634766
2018-04-04,93.91999816894531,91.08000183105469,91.20999908447266,93.58000183105469,4619200.0,90.90957641601562
2018-04-05,95.05000305175781,93.80000305175781,94.19999694824219,94.19999694824219,2482300.0,91.85543060302734
2018-04-06,93.80999755859375,90.80999755859375,93.23999786376953,91.91000366210938,2968900.0,89.62242889404297
2018-04-09,94.23999786376953,91.95999908447266,92.69999694824219,92.13999938964844,3109700.0,89.8467025756836
2018-04-10,93.69000244140625,92.52999877929688,93.41000366210938,93.0,4584000.0,90.685302734375
2018-04-11,92.80999755859375,91.36000061035156,91.94000244140625,91.5999984741211,4064900.0,89.32014465332031
2018-04-12,93.94000244140625,92.05999755859375,92.5199966430664,93.3499984741211,3137300.0,91.0265884399414
2018-04-13,94.30000305175781,92.54000091552734,94.12999725341797,93.02999877929688,2510300.0,90.71455383300781
2018-04-16,94.19999694824219,93.11000061035156,93.77999877929688,93.5999984741211,2811500.0,91.27035522460938
2018-04-17,94.5999984741211,93.58999633789062,93.95999908447266,93.86000061035156,2651700.0,91.52388763427734
2018-04-18,95.23999786376953,94.0,94.04000091552734,95.1500015258789,4981400.0,92.78179168701172
2018-04-19,102.95999908447266,99.05000305175781,99.36000061035156,102.37000274658203,11716900.0,99.82209014892578
2018-04-20,102.66999816894531,100.37000274658203,102.19999694824219,100.79000091552734,5614700.0,98.28141784667969
2018-04-23,101.16000366210938,99.91000366210938,100.77999877929688,100.61000061035156,3183300.0,98.10589599609375
2018-04-24,101.70999908447266,99.58000183105469,101.19000244140625,100.44000244140625,5048900.0,97.94011688232422
2018-04-25,100.30000305175781,97.9000015258789,100.0,98.77999877929688,5129200.0,96.32144165039062
2018-04-26,100.51000213623047,98.55999755859375,98.8499984741211,100.2300033569336,3021100.0,97.73534393310547
2018-04-27,100.29000091552734,98.93000030517578,99.98999786376953,99.61000061035156,2017000.0,97.13079071044922
2018-04-30,100.37000274658203,98.7300033569336,100.0,98.75,2567000.0,96.29218292236328
2018-05-01,98.81999969482422,97.29000091552734,98.81999969482422,98.58000183105469,2915200.0,96.12643432617188
2018-05-02,99.37000274658203,97.55000305175781,98.05999755859375,97.62999725341797,3542000.0,95.20006561279297
2018-05-03,97.31999969482422,95.51000213623047,97.16999816894531,97.13999938964844,3572300.0,94.72225189208984
2018-05-04,98.94999694824219,96.04000091552734,96.3499984741211,98.3499984741211,2363200.0,95.90213775634766
2018-05-07,98.98999786376953,98.29000091552734,98.52999877929688,98.58000183105469,2152100.0,96.12643432617188
2018-05-08,100.37000274658203,98.38999938964844,98.77999877929688,99.73999786376953,3199100.0,97.2575454711914
2018-05-09,100.97000122070312,99.48999786376953,100.22000122070312,100.5,2694300.0,97.99861907958984
2018-05-10,101.87000274658203,100.22000122070312,100.70999908447266,101.37999725341797,2847600.0,98.85672760009766
2018-05-11,102.68000030517578,101.2699966430664,101.48999786376953,101.41999816894531,2522100.0,98.89573669433594
2018-05-14,102.1500015258789,101.11000061035156,101.69000244140625,101.29000091552734,2234800.0,98.76895904541016
2018-05-15,101.2300033569336,99.97000122070312,100.81999969482422,100.73999786376953,3442300.0,98.23265075683594
2018-05-16,101.23999786376953,100.2300033569336,100.27999877929688,100.58999633789062,2135200.0,98.08638763427734
2018-05-17,101.63999938964844,100.30000305175781,100.6500015258789,101.22000122070312,2876100.0,98.70071411132812
2018-05-18,101.33000183105469,100.45999908447266,100.93000030517578,100.98999786376953,2927600.0,98.47643280029297
2018-05-21,102.37999725341797,101.3499984741211,101.56999969482422,102.04000091552734,2084000.0,99.50029754638672
2018-05-22,103.23999786376953,102.08000183105469,102.31999969482422,102.69999694824219,2910700.0,100.14388275146484
2018-05-23,102.25,100.91000366210938,101.81999969482422,101.93000030517578,2553900.0,99.3930435180664
2018-05-24,102.30999755859375,100.72000122070312,101.69000244140625,102.01000213623047,2230000.0,99.4710464477539
2018-05-25,101.63999938964844,100.47000122070312,101.3499984741211,101.0999984741211,1850800.0,98.58370208740234
2018-05-29,99.83999633789062,96.9800033569336,99.83999633789062,97.72000122070312,4377800.0,95.28782653808594
2018-05-30,99.41999816894531,97.95999908447266,98.8499984741211,98.98999786376953,3076800.0,96.52621459960938
2018-05-31,99.36000061035156,97.80000305175781,98.68000030517578,98.30000305175781,2780300.0,95.8533935546875
2018-06-01,99.61000061035156,98.22000122070312,99.33999633789062,98.25,2711200.0,95.80462646484375
2018-06-04,99.51000213623047,98.63999938964844,98.80999755859375,99.44999694824219,2417400.0,96.9747543334961
2018-06-05,99.41000366210938,98.43000030517578,99.12000274658203,99.30999755859375,1811500.0,96.83824157714844
2018-06-06,101.0,99.56999969482422,100.0,100.97000122070312,2872700.0,98.4569320678711
2018-06-07,102.38999938964844,100.88999938964844,101.44000244140625,101.4800033569336,4245700.0,98.9542465209961
2018-06-08,101.30000305175781,99.58999633789062,101.29000091552734,101.0,3580500.0,98.4861831665039
2018-06-11,101.66999816894531,100.79000091552734,101.18000030517578,101.19999694824219,3453000.0,98.68121337890625
2018-06-12,101.5,100.23999786376953,101.5,100.7300033569336,2426100.0,98.22291564941406
2018-06-13,100.87999725341797,99.95999908447266,100.87000274658203,100.0199966430664,3183800.0,97.53057098388672
2018-06-14,101.0999984741211,99.51000213623047,100.5199966430664,99.76000213623047,3285500.0,97.27705383300781
2018-06-15,99.2699966430664,97.30999755859375,99.22000122070312,98.5199966430664,6741200.0,96.06790924072266
2018-06-18,98.55000305175781,97.30999755859375,97.8499984741211,98.47000122070312,3621300.0,96.01915740966797
2018-06-19,97.93000030517578,96.62000274658203,97.13999938964844,97.13999938964844,3119600.0,94.72225189208984
2018-06-20,97.88999938964844,96.36000061035156,97.69999694824219,96.41999816894531,4495300.0,94.02017974853516
2018-06-21,96.95999908447266,95.76000213623047,96.16000366210938,96.62999725341797,3350700.0,94.2249526977539
2018-06-22,97.95999908447266,97.06999969482422,97.3499984741211,97.2300033569336,7235400.0,94.81002807617188
2018-06-25,100.0999984741211,95.6500015258789,97.05000305175781,98.54000091552734,7996700.0,96.08741760253906
2018-06-26,99.83000183105469,98.06999969482422,99.5,98.20999908447266,5166100.0,95.765625
2018-06-27,99.41000366210938,96.93000030517578,98.43000030517578,96.95999908447266,3693700.0,94.5467300415039
2018-06-28,97.44999694824219,96.56999969482422,97.01000213623047,96.97000122070312,3142300.0,94.55648803710938
2018-06-29,99.4800033569336,97.6500015258789,98.12999725341797,98.0,4698500.0,95.56085968017578
2018-07-02,99.04000091552734,97.16000366210938,97.4000015258789,99.0,3148700.0,96.53595733642578
2018-07-03,99.30999755859375,97.72000122070312,99.30999755859375,97.83999633789062,2041200.0,95.40483856201172
2018-07-05,98.62999725341797,97.62999725341797,98.3499984741211,98.52999877929688,2385500.0,96.42259216308594
2018-07-06,99.02999877929688,98.19999694824219,98.45999908447266,98.5199966430664,1996600.0,96.41281127929688
2018-07-09,100.01000213623047,99.08000183105469,99.26000213623047,99.91000366210938,4991700.0,97.77307891845703
2018-07-10,100.47000122070312,99.56999969482422,99.91000366210938,99.91000366210938,4675500.0,97.77307891845703
2018-07-11,100.80000305175781,99.66000366210938,99.66000366210938,100.30000305175781,3469600.0,98.15473937988281
2018-07-12,101.33000183105469,100.5999984741211,101.02999877929688,101.1500015258789,3688800.0,98.98655700683594
2018-07-13,101.1500015258789,99.62000274658203,101.08000183105469,100.5,3456500.0,98.35045623779297
2018-07-16,100.87999725341797,100.06999969482422,100.5999984741211,100.69000244140625,3264800.0,98.53639221191406
2018-07-17,101.45999908447266,100.6500015258789,100.77999877929688,101.1500015258789,3092200.0,98.98655700683594
2018-07-18,103.06999969482422,101.41999816894531,101.55000305175781,102.9800033569336,5923800.0,100.77742004394531
2018-07-19,101.37000274658203,99.27999877929688,100.19999694824219,100.16999816894531,7171100.0,98.02751922607422
2018-07-20,101.30000305175781,99.9800033569336,100.12999725341797,100.1500015258789,3325500.0,98.00794219970703
2018-07-23,101.4000015258789,100.01000213623047,100.1500015258789,101.22000122070312,2617900.0,99.05506134033203
2018-07-24,102.08999633789062,101.16999816894531,101.45999908447266,101.70999908447266,3155100.0,99.53457641601562
2018-07-25,102.77999877929688,101.08000183105469,101.2300033569336,102.62999725341797,2549400.0,100.43490600585938
2018-07-26,103.1500015258789,102.36000061035156,102.83999633789062,102.5,2744000.0,100.30767822265625
2018-07-27,104.23999786376953,102.66999816894531,102.87000274658203,103.8499984741211,3815800.0,101.62879943847656
2018-07-30,103.11000061035156,100.3499984741211,102.7300033569336,100.8499984741211,4423000.0,98.69297790527344
2018-07-31,101.19999694824219,99.44000244140625,101.05000305175781,99.5199966430664,4330400.0,97.39141082763672
2018-08-01,100.93000030517578,99.16999816894531,99.9000015258789,99.44999694824219,3315400.0,97.32291412353516
2018-08-02,99.93000030517578,98.66999816894531,98.9000015258789,99.7300033569336,2481800.0,97.59693908691406
2018-08-03,100.9000015258789,99.69999694824219,99.95999908447266,100.79000091552734,1830400.0,98.63424682617188
2018-08-06,101.31999969482422,100.4000015258789,100.7699966430664,100.91999816894531,2004600.0,98.76146697998047
2018-08-07,102.75,101.37000274658203,101.48999786376953,101.97000122070312,1852800.0,99.78901672363281
2018-08-08,102.94999694824219,101.80999755859375,102.0,102.77999877929688,2228900.0,100.5816879272461
2018-08-09,103.31999969482422,102.27999877929688,102.44000244140625,102.98999786376953,2435500.0,100.78720092773438
2018-08-10,102.19999694824219,101.16999816894531,102.08999633789062,101.58000183105469,2473800.0,99.40736389160156
2018-08-13,102.30000305175781,101.4000015258789,101.4800033569336,101.80999755859375,3389200.0,99.6324462890625
2018-08-14,102.5999984741211,101.83000183105469,101.93000030517578,102.18000030517578,2327100.0,99.99452209472656
2018-08-15,101.93000030517578,100.83999633789062,101.56999969482422,101.51000213623047,2219600.0,99.33885192871094
2018-08-16,103.13999938964844,101.87000274658203,101.9000015258789,102.6500015258789,2290400.0,100.4544677734375
2018-08-17,103.30999755859375,102.05999755859375,102.62999725341797,103.02999877929688,1950800.0,100.82634735107422
2018-08-20,103.97000122070312,102.93000030517578,103.0199966430664,103.83000183105469,2267900.0,101.6092300415039
2018-08-21,105.25,103.76000213623047,103.91999816894531,104.80999755859375,3218400.0,102.56827545166016
2018-08-22,106.26000213623047,104.51000213623047,104.9000015258789,105.83000183105469,2761300.0,103.56645965576172
2018-08-23,106.0199966430664,105.16000366210938,105.54000091552734,105.37000274658203,1866800.0,103.11630249023438
2018-08-24,106.33999633789062,105.44999694824219,105.91000366210938,105.76000213623047,1844000.0,103.49796295166016
2018-08-27,107.33000183105469,106.27999877929688,106.79000091552734,107.05000305175781,1972000.0,104.7603759765625
2018-08-28,107.43000030517578,106.68000030517578,107.05999755859375,107.27999877929688,2275000.0,104.98544311523438
2018-08-29,107.30999755859375,105.88999938964844,107.04000091552734,106.70999908447266,1896200.0,104.42761993408203
2018-08-30,106.66999816894531,105.97000122070312,106.5999984741211,106.2300033569336,1868300.0,103.9579086303711
2018-08-31,106.4000015258789,105.30000305175781,105.5199966430664,105.9800033569336,2115500.0,103.7132568359375
2018-09-04,107.2699966430664,105.58000183105469,106.3499984741211,107.01000213623047,2941800.0,104.72122192382812
2018-09-05,107.25,104.87999725341797,107.0,105.68000030517578,5511800.0,103.41966247558594
2018-09-06,105.87000274658203,104.55000305175781,105.5,105.4000015258789,3623900.0,103.14566040039062
2018-09-07,106.3499984741211,105.3499984741211,105.63999938964844,106.08000183105469,2498400.0,103.81111907958984
2018-09-10,107.80000305175781,106.55999755859375,106.55999755859375,107.29000091552734,3337000.0,104.9952392578125
2018-09-11,108.47000122070312,106.47000122070312,106.70999908447266,108.30999755859375,2795800.0,105.99341583251953
2018-09-12,108.69000244140625,107.66000366210938,108.30999755859375,107.87999725341797,4103100.0,105.57260131835938
2018-09-13,109.19000244140625,107.93000030517578,108.19999694824219,108.66000366210938,3429600.0,106.33592987060547
2018-09-14,110.01000213623047,108.83999633789062,108.83999633789062,109.55999755859375,2999800.0,107.2166748046875
2018-09-17,110.23999786376953,108.94000244140625,110.20999908447266,109.19999694824219,2383100.0,106.8643798828125
2018-09-18,109.87000274658203,108.97000122070312,109.44000244140625,109.63999938964844,2173200.0,107.29496765136719
2018-09-19,110.45999908447266,109.7300033569336,110.0,110.0999984741211,2365700.0,107.7451171875
2018-09-20,111.7699966430664,110.6500015258789,110.8499984741211,111.11000061035156,2844800.0,108.73352813720703
2018-09-21,111.51000213623047,110.76000213623047,111.29000091552734,110.9000015258789,5662900.0,108.52801513671875
2018-09-24,110.83999633789062,109.3499984741211,110.73999786376953,109.8499984741211,1871600.0,107.50047302246094
2018-09-25,110.23999786376953,109.37999725341797,110.23999786376953,109.87000274658203,1910600.0,107.52005004882812
2018-09-26,110.11000061035156,107.80000305175781,110.08000183105469,108.01000213623047,2944200.0,105.69982147216797
2018-09-27,108.3499984741211,107.33999633789062,108.01000213623047,107.8499984741211,2121700.0,105.54325103759766
2018-09-28,107.87000274658203,106.27999877929688,107.2699966430664,106.48999786376953,3931500.0,104.21234130859375
2018-10-01,108.98999786376953,107.61000061035156,107.80999755859375,107.9000015258789,3361300.0,105.5921859741211
2018-10-02,108.47000122070312,107.30999755859375,108.01000213623047,108.38999938964844,2223100.0,106.07170104980469
2018-10-03,109.4000015258789,108.25,109.25,108.44999694824219,2505100.0,106.13041687011719
2018-10-04,108.8499984741211,106.80999755859375,108.25,107.73999786376953,2478700.0,105.81613159179688
2018-10-05,108.47000122070312,106.72000122070312,108.05999755859375,107.2300033569336,2399800.0,105.31523895263672
2018-10-08,107.2300033569336,105.56999969482422,106.62999725341797,106.98999786376953,2723400.0,105.07952880859375
2018-10-09,106.93000030517578,105.94000244140625,106.30000305175781,106.66000366210938,2604400.0,104.75542449951172
2018-10-10,107.01000213623047,103.5199966430664,106.95999908447266,103.56999969482422,4555600.0,101.72059631347656
2018-10-11,104.33999633789062,101.55000305175781,103.22000122070312,101.58000183105469,6069300.0,99.7661361694336
2018-10-12,104.91999816894531,101.70999908447266,104.30999755859375,103.0,4855900.0,101.1607666015625
2018-10-15,103.55999755859375,102.20999908447266,102.8499984741211,102.62000274658203,2780900.0,100.78755950927734
2018-10-16,104.47000122070312,102.69000244140625,103.06999969482422,104.2699966430664,3121000.0,102.40808868408203
2018-10-17,105.29000091552734,103.91999816894531,104.33000183105469,104.33999633789062,3792400.0,102.47683715820312
2018-10-18,104.76000213623047,102.29000091552734,104.52999877929688,102.83999633789062,4538200.0,101.00362396240234
2018-10-19,107.55000305175781,104.05999755859375,104.05999755859375,106.7300033569336,5726300.0,104.82417297363281
2018-10-22,106.95999908447266,104.44999694824219,106.61000061035156,104.51000213623047,5003100.0,102.64381408691406
2018-10-23,104.5199966430664,101.83999633789062,102.41000366210938,104.37999725341797,4223800.0,102.5161361694336
2018-10-24,104.94999694824219,101.51000213623047,104.43000030517578,101.83999633789062,4056700.0,100.02147674560547
2018-10-25,104.16999816894531,101.80000305175781,102.4800033569336,103.5999984741211,3378900.0,101.75006103515625
2018-10-26,102.66000366210938,100.13999938964844,102.54000091552734,101.25,5395700.0,99.44203186035156
2018-10-29,103.25,100.04000091552734,102.47000122070312,101.19000244140625,4238700.0,99.38309478759766
2018-10-30,102.38999938964844,100.41000366210938,101.5999984741211,102.08000183105469,3778200.0,100.2572021484375
2018-10-31,103.70999908447266,102.55000305175781,103.05999755859375,102.7300033569336,4511300.0,100.8956069946289
2018-11-01,104.2699966430664,103.0199966430664,103.26000213623047,104.04000091552734,2786800.0,102.18219757080078
2018-11-02,105.05000305175781,102.88999938964844,104.93000030517578,103.70999908447266,4322200.0,101.85808563232422
2018-11-05,105.4000015258789,103.80000305175781,104.04000091552734,105.20999908447266,2697700.0,103.33130645751953
2018-11-06,105.66000366210938,104.37000274658203,104.9800033569336,104.9800033569336,2856000.0,103.10542297363281
2018-11-07,107.4800033569336,104.9000015258789,105.7300033569336,107.30999755859375,3606900.0,105.39381408691406
2018-11-08,108.62999725341797,107.02999877929688,107.02999877929688,108.5,2896700.0,106.56255340576172
2018-11-09,109.33000183105469,107.3499984741211,108.37999725341797,108.27999877929688,4444000.0,106.34648895263672
2018-11-12,108.44000244140625,106.30000305175781,108.16000366210938,106.48999786376953,3154600.0,104.58845520019531
2018-11-13,108.19999694824219,106.47000122070312,106.6500015258789,107.86000061035156,3021800.0,105.93399047851562
2018-11-14,109.33000183105469,106.88999938964844,108.61000061035156,107.7699966430664,4978100.0,105.84559631347656
2018-11-15,109.69999694824219,106.33999633789062,106.68000030517578,109.5999984741211,3742600.0,107.64292907714844
2018-11-16,110.37999725341797,108.58000183105469,108.58000183105469,109.45999908447266,3486200.0,107.50541687011719
2018-11-19,110.0199966430664,107.41999816894531,109.9000015258789,108.25,3161200.0,106.31702423095703
2018-11-20,107.9000015258789,105.45999908447266,107.55000305175781,106.08999633789062,3779000.0,104.19559478759766
2018-11-21,107.66999816894531,106.12999725341797,106.37000274658203,106.5,2791000.0,104.59827423095703
2018-11-23,106.44999694824219,105.30999755859375,105.87999725341797,105.73999786376953,938800.0,103.85184478759766
2018-11-26,109.7300033569336,106.83000183105469,107.1500015258789,109.68000030517578,4488500.0,107.72148895263672
2018-11-27,110.36000061035156,108.7300033569336,109.5,110.11000061035156,2837900.0,108.14381408691406
2018-11-28,113.18000030517578,110.33000183105469,110.33000183105469,112.88999938964844,3995900.0,110.8741683959961
2018-11-29,112.26000213623047,110.4800033569336,112.0,111.30999755859375,4249500.0,109.3223876953125
2018-11-30,112.44999694824219,110.37000274658203,110.37000274658203,112.2699966430664,3949500.0,110.26524353027344
2018-12-03,114.55000305175781,112.0,113.98999786376953,112.36000061035156,3399400.0,110.35364532470703
2018-12-04,112.16000366210938,107.54000091552734,111.86000061035156,107.63999938964844,5238400.0,105.71792602539062
2018-12-06,108.38999938964844,104.77999877929688,105.63999938964844,108.25,7455200.0,106.31702423095703
2018-12-07,109.62000274658203,105.76000213623047,108.19999694824219,106.68000030517578,4419400.0,104.77506256103516
2018-12-10,106.72000122070312,103.5,105.94000244140625,105.79000091552734,4110000.0,103.90095520019531
2018-12-11,108.01000213623047,104.51000213623047,107.38999938964844,105.4000015258789,3132200.0,103.5179214477539
2018-12-12,108.7300033569336,106.5,107.2699966430664,107.4800033569336,4183800.0,105.56078338623047
2018-12-13,108.36000061035156,106.33000183105469,107.7699966430664,106.69999694824219,3542600.0,104.79470825195312
2018-12-14,106.44999694824219,104.93000030517578,105.7699966430664,105.69999694824219,5245400.0,103.81255340576172
2018-12-17,105.45999908447266,100.77999877929688,105.45999908447266,101.18000030517578,7345500.0,99.3732681274414
2018-12-18,102.56999969482422,100.47000122070312,101.9800033569336,101.0199966430664,5220800.0,99.21611785888672
2018-12-19,102.0,98.19999694824219,99.76000213623047,98.7699966430664,6195600.0,97.00630950927734
2018-12-20,98.87000274658203,95.26000213623047,97.91000366210938,95.7699966430664,7110500.0,94.05988311767578
2018-12-21,96.62999725341797,91.1500015258789,95.19999694824219,91.33000183105469,11005300.0,89.69916534423828
2018-12-24,91.55000305175781,89.5,90.73999786376953,89.5,3190900.0,87.90184783935547
2018-12-26,93.88999938964844,89.05000305175781,89.8499984741211,93.83999633789062,5383700.0,92.16433715820312
2018-12-27,94.68000030517578,91.26000213623047,92.36000061035156,94.68000030517578,4226600.0,92.98933410644531
2018-12-28,95.6500015258789,93.94999694824219,95.4000015258789,94.41999816894531,3225100.0,92.73397064208984
2018-12-31,95.61000061035156,94.30000305175781,95.12999725341797,95.31999969482422,2821100.0,93.617919921875
2019-01-02,96.2699966430664,93.7699966430664,93.91000366210938,95.68000030517578,4175400.0,93.97148895263672
2019-01-03,95.18000030517578,93.2300033569336,94.79000091552734,93.43000030517578,4776600.0,92.13722229003906
2019-01-04,98.3499984741211,94.9000015258789,95.37000274658203,97.63999938964844,4637200.0,96.2889633178711
2019-01-07,98.91999816894531,97.0199966430664,97.7699966430664,98.16999816894531,3289000.0,96.81163024902344
2019-01-08,99.5199966430664,97.5199966430664,98.69000244140625,98.6500015258789,3227200.0,97.28498840332031
2019-01-09,99.58999633789062,98.1500015258789,98.73999786376953,98.83000183105469,2954500.0,97.4625015258789
2019-01-10,98.66999816894531,97.81999969482422,98.44999694824219,98.26000213623047,3523800.0,96.900390625
2019-01-11,98.68000030517578,97.36000061035156,97.87999725341797,98.55000305175781,2770600.0,97.18637084960938
2019-01-14,99.02999877929688,97.62000274658203,97.76000213623047,98.44000244140625,4120500.0,97.0779037475586
2019-01-15,98.87000274658203,97.73999786376953,98.61000061035156,97.98999786376953,5795100.0,96.63412475585938
2019-01-16,99.95999908447266,98.51000213623047,98.94000244140625,99.41000366210938,4701900.0,98.03446960449219
2019-01-17,100.23999786376953,98.56999969482422,99.41000366210938,99.48999786376953,5693300.0,98.11337280273438
2019-01-18,100.80999755859375,96.37000274658203,98.19000244140625,100.4800033569336,9872500.0,99.08966827392578
2019-01-22,100.68000030517578,98.95999908447266,99.8499984741211,99.83000183105469,4699800.0,98.44866180419922
2019-01-23,100.19000244140625,98.45999908447266,99.93000030517578,99.70999908447266,3585100.0,98.33032989501953
2019-01-24,100.54000091552734,99.37999725341797,99.69000244140625,99.72000122070312,3415900.0,98.3401870727539
2019-01-25,101.58999633789062,100.08999633789062,100.43000030517578,100.7699966430664,3488300.0,99.37565612792969
2019-01-28,100.41000366210938,99.4800033569336,100.05000305175781,100.37999725341797,3185400.0,98.99105072021484
2019-01-29,101.41999816894531,100.54000091552734,100.94000244140625,100.95999908447266,2827400.0,99.56301879882812
2019-01-30,102.8499984741211,100.54000091552734,101.08999633789062,102.66999816894531,3501500.0,101.2493667602539
2019-01-31,102.9000015258789,101.69999694824219,102.0,102.69999694824219,4302100.0,101.27894592285156
2019-02-01,103.52999877929688,102.41000366210938,102.41000366210938,103.05999755859375,4727800.0,101.63397216796875
2019-02-04,103.45999908447266,102.5199966430664,103.04000091552734,103.41999816894531,2578300.0,101.9889907836914
2019-02-05,104.18000030517578,103.41000366210938,103.62999725341797,103.9000015258789,2231200.0,102.46235656738281
2019-02-06,105.08000183105469,103.43000030517578,103.8499984741211,104.95999908447266,3595700.0,103.50768280029297
2019-02-07,104.77999877929688,103.61000061035156,104.05999755859375,104.38999938964844,3857300.0,102.945556640625
2019-02-08,104.5199966430664,103.43000030517578,103.7300033569336,104.5199966430664,2581900.0,103.07376098632812
2019-02-11,105.55999755859375,104.80999755859375,104.94999694824219,105.41000366210938,2653800.0,103.95145416259766
2019-02-12,107.43000030517578,106.26000213623047,106.2699966430664,107.0,3238600.0,105.51944732666016
2019-02-13,108.47000122070312,107.0999984741211,107.55000305175781,107.55999755859375,3182100.0,106.07170104980469
2019-02-14,107.36000061035156,106.23999786376953,107.0,106.62000274658203,2385900.0,105.14471435546875
2019-02-15,108.08999633789062,107.12000274658203,107.33000183105469,107.37999725341797,3882300.0,105.89419555664062
2019-02-19,107.2300033569336,106.45999908447266,107.05000305175781,106.5,3692800.0,105.0263671875
2019-02-20,107.18000030517578,106.5,106.56999969482422,106.77999877929688,3840800.0,105.30249786376953
2019-02-21,106.94999694824219,106.31999969482422,106.73999786376953,106.61000061035156,2566500.0,105.13484191894531
2019-02-22,107.55000305175781,106.86000061035156,106.9800033569336,107.44000244140625,2256400.0,105.953369140625
2019-02-25,108.8499984741211,106.76000213623047,108.19999694824219,106.93000030517578,3333500.0,105.45042419433594
2019-02-26,107.62000274658203,106.41999816894531,106.66999816894531,106.94000244140625,2548100.0,105.46028900146484
2019-02-27,107.62999725341797,106.5999984741211,106.86000061035156,107.41999816894531,2393500.0,105.93363189697266
2019-02-28,108.44999694824219,107.08000183105469,107.22000122070312,107.73999786376953,3295800.0,106.24920654296875
2019-03-01,109.6500015258789,108.19999694824219,108.4000015258789,108.9000015258789,2682000.0,107.3931655883789
2019-03-04,110.08999633789062,107.76000213623047,109.55999755859375,109.0,4053200.0,107.49177551269531
2019-03-05,109.31999969482422,108.31999969482422,109.02999877929688,108.8499984741211,2685700.0,107.34384155273438
2019-03-06,109.44999694824219,108.8499984741211,108.93000030517578,108.9800033569336,2616000.0,107.47206115722656
2019-03-07,108.62999725341797,107.4000015258789,108.55999755859375,107.86000061035156,3048200.0,106.3675537109375
2019-03-08,108.06999969482422,106.68000030517578,106.79000091552734,107.9800033569336,2077100.0,106.48590087890625
2019-03-11,109.79000091552734,108.70999908447266,109.01000213623047,109.55999755859375,3289200.0,108.04402160644531
2019-03-12,111.27999877929688,109.73999786376953,109.73999786376953,110.43000030517578,3917500.0,108.90198516845703
2019-03-13,112.26000213623047,110.08999633789062,110.18000030517578,112.13999938964844,4234100.0,110.58833312988281
2019-03-14,112.77999877929688,111.87999725341797,112.38999938964844,112.3499984741211,3538200.0,110.79542541503906
2019-03-15,113.7699966430664,112.52999877929688,112.70999908447266,113.5199966430664,4780400.0,111.94923400878906
2019-03-18,114.25,113.16000366210938,113.75,113.55000305175781,2918000.0,111.97882843017578
2019-03-19,114.22000122070312,112.36000061035156,114.22000122070312,112.66999816894531,3331300.0,111.11099243164062
2019-03-20,112.45999908447266,110.5999984741211,112.26000213623047,110.7699966430664,3309300.0,109.23727416992188
2019-03-21,112.18000030517578,109.80999755859375,109.95999908447266,111.81999969482422,3111000.0,110.27275085449219
2019-03-22,111.31999969482422,108.98999786376953,111.29000091552734,109.45999908447266,3737400.0,107.9454116821289
2019-03-25,110.06999969482422,108.19000244140625,109.27999877929688,109.04000091552734,3596200.0,107.5312271118164
2019-03-26,110.4000015258789,109.05000305175781,109.98999786376953,109.5,2844500.0,107.98485565185547
2019-03-27,110.0,108.33000183105469,109.68000030517578,108.9800033569336,3346600.0,107.47206115722656
2019-03-28,109.87999725341797,108.48999786376953,109.41999816894531,109.16000366210938,2693300.0,107.64956665039062
2019-03-29,110.38999938964844,109.13999938964844,110.19999694824219,109.30000305175781,4891000.0,107.78762817382812
2019-04-01,112.04000091552734,110.08000183105469,110.29000091552734,111.69999694824219,5125100.0,110.15441131591797
2019-04-02,111.45999908447266,110.37000274658203,111.20999908447266,111.0,3568900.0,109.46410369873047
2019-04-03,112.0,110.3499984741211,111.81999969482422,110.55999755859375,3719700.0,109.03018951416016
2019-04-04,110.48999786376953,109.5,110.33000183105469,110.12000274658203,3619600.0,108.980712890625
2019-04-05,111.20999908447266,110.44000244140625,110.4800033569336,110.95999908447266,4553700.0,109.81201934814453
2019-04-08,110.8499984741211,109.91999816894531,110.62000274658203,110.69999694824219,4776600.0,109.5547103881836
2019-04-09,110.30999755859375,109.48999786376953,110.01000213623047,109.8499984741211,2869300.0,108.7135009765625
2019-04-10,110.4800033569336,109.5199966430664,110.4800033569336,110.16000366210938,2650100.0,109.02030181884766
2019-04-11,110.83000183105469,109.41999816894531,110.51000213623047,109.8499984741211,2320600.0,108.7135009765625
2019-04-12,111.55000305175781,110.44999694824219,110.81999969482422,110.91000366210938,2316900.0,109.76254272460938
2019-04-15,110.97000122070312,110.25,110.91999816894531,110.52999877929688,2285000.0,109.38646697998047
2019-04-16,112.02999877929688,110.94000244140625,111.08999633789062,111.87999725341797,2523400.0,110.72250366210938
2019-04-17,112.5,111.25,112.30999755859375,111.76000213623047,3799900.0,110.60374450683594
2019-04-18,114.13999938964844,111.31999969482422,112.25,113.66999816894531,6186800.0,112.49398040771484
2019-04-22,113.4000015258789,112.2300033569336,112.5999984741211,112.33000183105469,3174400.0,111.1678466796875
2019-04-23,114.04000091552734,111.9000015258789,112.19000244140625,113.97000122070312,3342800.0,112.79088592529297
2019-04-24,114.36000061035156,113.41999816894531,113.76000213623047,114.0199966430664,2318400.0,112.8403549194336
2019-04-25,116.5,114.75,115.2300033569336,115.87999725341797,4595200.0,114.68111419677734
2019-04-26,117.7300033569336,116.0999984741211,116.58999633789062,117.5999984741211,2990600.0,116.3833236694336
2019-04-29,117.69999694824219,116.55000305175781,117.23999786376953,116.76000213623047,3096200.0,115.5520248413086
2019-04-30,117.3499984741211,116.0999984741211,117.05000305175781,117.2300033569336,2387900.0,116.01715850830078
2019-05-01,117.98999786376953,116.93000030517578,117.47000122070312,117.0199966430664,2450500.0,115.809326171875
2019-05-02,117.6500015258789,116.68000030517578,117.0,117.25,2538700.0,116.03694915771484
2019-05-03,119.66000366210938,117.62999725341797,117.91000366210938,119.3499984741211,2856200.0,118.11522674560547
2019-05-06,119.61000061035156,117.05000305175781,117.26000213623047,119.33999633789062,2924500.0,118.1053237915039
2019-05-07,119.41000366210938,117.6500015258789,118.37000274658203,118.22000122070312,6282300.0,116.99691009521484
2019-05-08,118.11000061035156,116.81999969482422,117.83000183105469,117.48999786376953,4037500.0,116.27446746826172
2019-05-09,117.29000091552734,115.37999725341797,116.1500015258789,117.26000213623047,3219600.0,116.0468521118164
2019-05-10,118.93000030517578,116.20999908447266,116.86000061035156,118.45999908447266,2435100.0,117.23442077636719
2019-05-13,116.88999938964844,115.62000274658203,116.41999816894531,115.9000015258789,3710600.0,114.70091247558594
2019-05-14,117.7300033569336,115.7699966430664,115.9800033569336,117.01000213623047,2460700.0,115.7994384765625
2019-05-15,118.2300033569336,115.9000015258789,116.18000030517578,117.66000366210938,2711400.0,116.44270324707031
2019-05-16,120.3499984741211,117.7699966430664,117.7699966430664,119.83999633789062,4143500.0,118.60014343261719
2019-05-17,119.58999633789062,118.51000213623047,118.5999984741211,119.06999969482422,5273600.0,117.83811950683594
2019-05-20,120.31999969482422,118.62000274658203,118.83000183105469,119.83999633789062,2765600.0,118.60014343261719
2019-05-21,120.68000030517578,119.33999633789062,120.47000122070312,120.55000305175781,3369100.0,119.30280303955078
2019-05-22,120.87999725341797,119.44000244140625,120.36000061035156,120.01000213623047,2941100.0,118.76839447021484
2019-05-23,119.4000015258789,117.8499984741211,119.2699966430664,118.43000030517578,3290200.0,117.2047348022461
2019-05-24,119.62999725341797,118.33000183105469,119.20999908447266,119.51000213623047,2240100.0,118.2735595703125
2019-05-28,120.12000274658203,118.16999816894531,119.36000061035156,118.16999816894531,2550300.0,116.94742584228516
2019-05-29,117.80999755859375,116.04000091552734,117.70999908447266,117.01000213623047,2553900.0,115.7994384765625
2019-05-30,117.30999755859375,116.11000061035156,117.20999908447266,116.73999786376953,1882400.0,115.5322265625
2019-05-31,115.9800033569336,114.55999755859375,115.7699966430664,114.70999908447266,2969100.0,113.52323150634766
2019-06-03,115.93000030517578,113.88999938964844,114.55999755859375,114.62000274658203,2968500.0,113.43415069580078
2019-06-04,117.0,115.2300033569336,115.70999908447266,116.8499984741211,3043200.0,115.64108276367188
2019-06-05,118.23999786376953,117.01000213623047,117.18000030517578,118.12000274658203,2568100.0,116.89794921875
2019-06-06,119.63999938964844,118.1500015258789,118.41999816894531,119.43000030517578,2209300.0,118.19438934326172
2019-06-07,121.36000061035156,119.55999755859375,119.87000274658203,121.11000061035156,2481800.0,119.85700988769531
2019-06-10,123.44999694824219,121.41000366210938,121.5999984741211,122.66000366210938,3453700.0,121.39098358154297
2019-06-11,124.73999786376953,123.08000183105469,123.55000305175781,123.2300033569336,3303800.0,121.955078125
2019-06-12,123.19000244140625,121.58999633789062,122.91999816894531,122.02999877929688,2685700.0,120.76748657226562
2019-06-13,122.69999694824219,121.41999816894531,122.08999633789062,121.86000061035156,2343900.0,120.59925842285156
2019-06-14,122.61000061035156,120.94000244140625,122.01000213623047,122.0,2483800.0,120.73780822753906
2019-06-17,122.23999786376953,121.30000305175781,122.23999786376953,121.44999694824219,2094200.0,120.19348907470703
2019-06-18,125.05000305175781,122.20999908447266,122.80999755859375,123.43000030517578,2729200.0,122.15300750732422
2019-06-19,124.91999816894531,123.68000030517578,124.23999786376953,124.68000030517578,2951700.0,123.39007568359375
2019-06-20,126.4000015258789,124.47000122070312,125.69000244140625,124.91999816894531,3303200.0,123.62759399414062
2019-06-21,126.30999755859375,124.55999755859375,125.19999694824219,124.7300033569336,5703800.0,123.43955993652344
2019-06-24,125.41999816894531,124.01000213623047,124.9800033569336,124.13999938964844,2680900.0,122.85565948486328
2019-06-25,124.56999969482422,123.04000091552734,124.2699966430664,123.16000366210938,2387800.0,121.88581085205078
2019-06-26,124.0,123.02999877929688,123.18000030517578,123.58999633789062,1902500.0,122.31134796142578
2019-06-27,124.41000366210938,123.55999755859375,123.69000244140625,123.94000244140625,1504300.0,122.6577377319336
2019-06-28,124.55000305175781,123.19999694824219,124.29000091552734,123.44000244140625,4338900.0,122.16291046142578
2019-07-01,126.4000015258789,124.55000305175781,125.30000305175781,124.91999816894531,4023500.0,123.62759399414062
2019-07-02,125.33000183105469,124.5999984741211,124.77999877929688,125.0999984741211,4076100.0,123.80572509765625
2019-07-03,126.05000305175781,124.94000244140625,125.20999908447266,125.86000061035156,3714300.0,124.94739532470703
2019-07-05,126.19000244140625,124.30999755859375,126.12999725341797,125.4000015258789,3731500.0,124.49073028564453
2019-07-08,125.2300033569336,124.63999938964844,124.98999786376953,124.8499984741211,3332000.0,123.94470977783203
2019-07-09,126.04000091552734,124.18000030517578,124.2699966430664,125.9000015258789,2237100.0,124.98710632324219
2019-07-10,128.4199981689453,126.69999694824219,126.69999694824219,126.88999938964844,2733800.0,125.96992492675781
2019-07-11,127.69000244140625,126.44000244140625,126.9800033569336,127.27999877929688,2928100.0,126.35709381103516
2019-07-12,128.0,126.87000274658203,127.55000305175781,127.95999908447266,1639400.0,127.03216552734375
2019-07-15,128.67999267578125,127.76000213623047,128.25,128.57000732421875,2355700.0,127.63774871826172
2019-07-16,129.33999633789062,127.80000305175781,129.22000122070312,128.05999755859375,2734000.0,127.13143920898438
2019-07-17,128.63999938964844,127.01000213623047,128.02000427246094,127.08000183105469,2248900.0,126.15855407714844
2019-07-18,129.08999633789062,126.66000366210938,126.69000244140625,128.39999389648438,3528400.0,127.4689712524414
2019-07-19,128.0,123.80000305175781,126.80000305175781,124.81999969482422,7819000.0,123.91493225097656
2019-07-22,126.01000213623047,124.69999694824219,124.75,126.0,4839700.0,125.08637237548828
2019-07-23,128.97999572753906,126.36000061035156,126.37999725341797,128.1999969482422,4055100.0,127.27041625976562
2019-07-24,128.22000122070312,126.79000091552734,127.70999908447266,127.94999694824219,3628300.0,127.0222396850586
2019-07-25,128.19000244140625,126.5,127.80999755859375,127.1500015258789,2663500.0,126.22804260253906
2019-07-26,127.55999755859375,126.30000305175781,127.08999633789062,126.77999877929688,4236200.0,125.8607177734375
2019-07-29,127.45999908447266,126.54000091552734,126.91000366210938,127.19000244140625,1829500.0,126.26775360107422
2019-07-30,126.91000366210938,126.30000305175781,126.56999969482422,126.47000122070312,1575400.0,125.55297088623047
2019-07-31,126.58999633789062,123.62000274658203,126.52999877929688,124.37000274658203,3221000.0,123.46819305419922
2019-08-01,126.12999725341797,123.5199966430664,123.7699966430664,124.08999633789062,4489800.0,123.19022369384766
2019-08-02,124.91000366210938,123.08000183105469,123.91999816894531,124.30999755859375,3268800.0,123.40863037109375
2019-08-05,123.08000183105469,120.16000366210938,122.45999908447266,120.72000122070312,5876200.0,119.84466552734375
2019-08-06,122.8499984741211,120.87000274658203,121.05999755859375,122.55000305175781,3497000.0,121.66139221191406
2019-08-07,123.8499984741211,120.22000122070312,120.91999816894531,123.54000091552734,3170800.0,122.64421081542969
2019-08-08,125.69999694824219,123.69999694824219,123.8499984741211,125.29000091552734,2976100.0,124.38152313232422
2019-08-09,126.73999786376953,124.72000122070312,125.58000183105469,126.16999816894531,2138300.0,125.2551498413086
2019-08-12,125.70999908447266,123.80000305175781,124.98999786376953,123.94999694824219,2638800.0,123.05123901367188
2019-08-13,126.5,122.51000213623047,123.86000061035156,126.31999969482422,3175700.0,125.40406036376953
2019-08-14,125.33000183105469,122.12999725341797,124.3499984741211,122.6500015258789,5626300.0,121.76066589355469
2019-08-15,123.0,121.13999938964844,122.6500015258789,122.37999725341797,3031700.0,121.49262237548828
2019-08-16,124.75,122.69000244140625,123.5,124.62999725341797,2343400.0,123.72631072998047
2019-08-19,126.1500015258789,124.33999633789062,126.0999984741211,124.4000015258789,3286700.0,123.49797821044922
2019-08-20,123.77999877929688,121.33999633789062,123.62999725341797,121.41999816894531,3641600.0,120.53958129882812
2019-08-21,123.05999755859375,121.98999786376953,122.5,122.5,2948300.0,121.61175537109375
2019-08-22,123.70999908447266,121.7699966430664,123.30999755859375,122.2699966430664,2322100.0,121.38341522216797
2019-08-23,122.05000305175781,117.05999755859375,122.0,117.76000213623047,4800400.0,116.9061279296875
2019-08-26,118.94000244140625,117.37999725341797,118.33000183105469,118.52999877929688,3170600.0,117.67053985595703
2019-08-27,119.33999633789062,116.8499984741211,119.08999633789062,117.75,3145800.0,116.89620208740234
2019-08-28,119.30999755859375,116.97000122070312,117.02999877929688,119.08999633789062,2327400.0,118.22647857666016
2019-08-29,121.19999694824219,119.95999908447266,120.45999908447266,120.73999786376953,1901300.0,119.86451721191406
2019-08-30,121.66000366210938,119.81999969482422,121.47000122070312,120.37000274658203,2366200.0,119.49720001220703
2019-09-03,120.27999877929688,117.5199966430664,119.86000061035156,117.5999984741211,3198700.0,116.74728393554688
2019-09-04,118.7300033569336,117.80000305175781,118.41999816894531,118.4000015258789,3746900.0,117.5414810180664
2019-09-05,121.62999725341797,119.5,119.5,120.66999816894531,5261100.0,119.79502868652344
2019-09-06,121.19000244140625,120.0,121.13999938964844,120.19000244140625,4552400.0,119.31851196289062
2019-09-09,121.41000366210938,119.5199966430664,121.20999908447266,119.91999816894531,5336000.0,119.05046081542969
2019-09-10,119.61000061035156,116.30000305175781,119.5999984741211,117.30999755859375,6196100.0,116.45938873291016
2019-09-11,118.0999984741211,116.75,117.12000274658203,118.0,3674400.0,117.14437866210938
2019-09-12,120.43000030517578,118.77999877929688,119.0,119.0199966430664,3733500.0,118.15699005126953
2019-09-13,119.97000122070312,118.29000091552734,119.23999786376953,119.19999694824219,3941100.0,118.33567810058594
2019-09-16,118.44000244140625,116.68000030517578,118.13999938964844,117.63999938964844,4280600.0,116.78699493408203
2019-09-17,119.12999725341797,117.5,117.9000015258789,119.05000305175781,3054700.0,118.18677520751953
2019-09-18,118.80000305175781,117.47000122070312,118.58999633789062,118.73999786376953,2844500.0,117.87901306152344
2019-09-19,119.5199966430664,117.5999984741211,118.61000061035156,117.79000091552734,1975800.0,116.93590545654297
2019-09-20,118.23999786376953,116.37000274658203,117.83000183105469,116.80000305175781,5301500.0,115.95309448242188
2019-09-23,118.41999816894531,116.0999984741211,116.36000061035156,118.23999786376953,5089400.0,117.38264465332031
2019-09-24,120.19999694824219,117.5199966430664,118.88999938964844,118.16999816894531,5128400.0,117.31314849853516
2019-09-25,119.44000244140625,117.05999755859375,117.86000061035156,119.12000274658203,2742900.0,118.25626373291016
2019-09-26,120.02999877929688,118.83999633789062,119.30999755859375,118.91000366210938,3411200.0,118.04779052734375
2019-09-27,119.62000274658203,117.9800033569336,119.12999725341797,118.58999633789062,2909200.0,117.7301025390625
2019-09-30,119.23999786376953,118.13999938964844,119.05000305175781,118.27999877929688,2345800.0,117.42235565185547
2019-10-01,119.5,116.61000061035156,118.69999694824219,116.69999694824219,2841300.0,115.85380554199219
2019-10-02,115.80999755859375,112.75,115.76000213623047,112.86000061035156,4908800.0,112.0416488647461
2019-10-03,112.95999908447266,111.05999755859375,112.19999694824219,112.55000305175781,3529300.0,112.16124725341797
2019-10-04,114.52999877929688,112.5999984741211,112.66000366210938,114.41000366210938,2728200.0,114.01482391357422
2019-10-07,114.6500015258789,113.5999984741211,113.91000366210938,113.6500015258789,2556000.0,113.2574462890625
2019-10-08,113.6500015258789,112.05000305175781,112.83000183105469,112.54000091552734,3757300.0,112.15127563476562
2019-10-09,114.7699966430664,113.2300033569336,113.25,113.91999816894531,2365600.0,113.5265121459961
2019-10-10,115.79000091552734,113.93000030517578,114.80999755859375,115.0199966430664,2384300.0,114.6227035522461
2019-10-11,117.56999969482422,116.19000244140625,116.73999786376953,116.4000015258789,2860400.0,115.9979476928711
2019-10-14,117.0,115.94000244140625,116.13999938964844,116.38999938964844,1864400.0,115.98797607421875
2019-10-15,118.19000244140625,116.7300033569336,117.02999877929688,117.58999633789062,2379700.0,117.18383026123047
2019-10-16,117.98999786376953,117.06999969482422,117.62999725341797,117.41000366210938,2136700.0,117.00445556640625
2019-10-17,119.33000183105469,117.95999908447266,118.01000213623047,119.0999984741211,3005500.0,118.68861389160156
2019-10-18,119.9800033569336,116.66999816894531,119.7300033569336,116.76000213623047,6188500.0,116.35670471191406
2019-10-21,119.37999725341797,117.48999786376953,117.55000305175781,119.05000305175781,4259500.0,118.6387939453125
2019-10-22,119.3499984741211,118.29000091552734,118.66999816894531,118.61000061035156,3912100.0,118.20030975341797
2019-10-23,119.2300033569336,115.51000213623047,118.41999816894531,116.48999786376953,3921100.0,116.08763122558594
2019-10-24,116.9000015258789,116.13999938964844,116.44000244140625,116.41000366210938,2551300.0,116.0079116821289
2019-10-25,118.51000213623047,116.2699966430664,116.36000061035156,118.26000213623047,2324800.0,117.85152435302734
2019-10-28,119.30000305175781,118.06999969482422,118.63999938964844,118.58000183105469,2552700.0,118.17041778564453
2019-10-29,118.83000183105469,117.08000183105469,118.08999633789062,117.41999816894531,2756300.0,117.01441955566406
2019-10-30,118.16999816894531,116.86000061035156,117.44000244140625,118.06999969482422,2264200.0,117.66217803955078
2019-10-31,118.20999908447266,116.88999938964844,117.79000091552734,117.27999877929688,2507400.0,116.8749008178711
2019-11-01,119.44999694824219,118.16999816894531,118.41000366210938,119.13999938964844,2036500.0,118.72847747802734
2019-11-04,120.5,119.01000213623047,119.62000274658203,119.62000274658203,1956400.0,119.20682525634766
2019-11-05,119.95999908447266,117.76000213623047,119.83999633789062,118.7699966430664,2630000.0,118.35975646972656
2019-11-06,119.72000122070312,118.88999938964844,118.88999938964844,119.69000244140625,2420700.0,119.27658081054688
2019-11-07,122.43000030517578,120.0999984741211,120.2699966430664,121.27999877929688,2845000.0,120.861083984375
2019-11-08,121.80999755859375,120.88999938964844,121.01000213623047,121.47000122070312,1984600.0,121.05043029785156
2019-11-11,121.80999755859375,120.51000213623047,120.76000213623047,120.9000015258789,1704100.0,120.4823989868164
2019-11-12,121.2300033569336,120.41000366210938,120.87000274658203,120.88999938964844,2012400.0,120.4724349975586
2019-11-13,120.97000122070312,120.12999725341797,120.2699966430664,120.26000213623047,1807900.0,119.84461212158203
2019-11-14,120.9800033569336,119.80000305175781,120.0,120.93000030517578,1990600.0,120.51229858398438
2019-11-15,121.33000183105469,120.38999938964844,120.9800033569336,120.76000213623047,2341500.0,120.34288787841797
2019-11-18,120.8499984741211,119.4000015258789,120.55999755859375,119.66000366210938,2617900.0,119.24668884277344
2019-11-19,120.44999694824219,119.86000061035156,120.01000213623047,120.0,1891000.0,119.58551025390625
2019-11-20,120.2300033569336,118.93000030517578,119.83000183105469,119.30000305175781,2544100.0,118.88793182373047
2019-11-21,119.47000122070312,118.48999786376953,119.29000091552734,118.80000305175781,2783800.0,118.38965606689453
2019-11-22,119.29000091552734,118.41000366210938,119.20999908447266,119.05999755859375,1629700.0,118.64875030517578
2019-11-25,120.5999984741211,119.13999938964844,119.13999938964844,120.5999984741211,2285400.0,120.18343353271484
2019-11-26,121.04000091552734,119.5999984741211,120.91000366210938,119.79000091552734,4596200.0,119.37623596191406
2019-11-27,120.36000061035156,119.3499984741211,120.0,120.33000183105469,2629700.0,119.91436767578125
2019-11-29,120.88999938964844,119.77999877929688,120.06999969482422,120.12000274658203,1961500.0,119.7051010131836
2019-12-02,120.36000061035156,117.06999969482422,120.30999755859375,117.26000213623047,5538200.0,116.85497283935547
2019-12-03,116.75,114.6500015258789,116.04000091552734,116.56999969482422,3792300.0,116.1673583984375
2019-12-04,118.54000091552734,117.0,117.30999755859375,117.94000244140625,2444100.0,117.53263092041016
2019-12-05,118.43000030517578,117.58999633789062,117.91000366210938,118.27999877929688,3128300.0,117.87145233154297
2019-12-06,121.44000244140625,119.91000366210938,120.20999908447266,120.61000061035156,3287600.0,120.19340515136719
2019-12-09,121.52999877929688,120.11000061035156,120.44000244140625,120.45999908447266,2885200.0,120.0439224243164
2019-12-10,121.47000122070312,120.02999877929688,120.44999694824219,120.9000015258789,2518200.0,120.4823989868164
2019-12-11,121.37999725341797,120.0999984741211,120.87999725341797,120.63999938964844,2015300.0,120.22329711914062
2019-12-12,123.06999969482422,120.05000305175781,120.5999984741211,122.63999938964844,2933800.0,122.21639251708984
2019-12-13,124.98999786376953,122.08000183105469,122.47000122070312,124.72000122070312,3919000.0,124.2892074584961
2019-12-16,126.33000183105469,123.33999633789062,125.6500015258789,123.68000030517578,3416100.0,123.25279998779297
2019-12-17,125.4000015258789,123.25,123.98999786376953,124.94999694824219,4325200.0,124.5184097290039
2019-12-18,125.06999969482422,124.08000183105469,125.02999877929688,124.26000213623047,3154200.0,123.83079528808594
2019-12-19,124.9000015258789,123.87999725341797,124.18000030517578,124.83000183105469,2543600.0,124.3988265991211
2019-12-20,126.27999877929688,124.83000183105469,125.86000061035156,125.7699966430664,5828700.0,125.33557891845703
2019-12-23,125.73999786376953,123.69999694824219,125.73999786376953,124.48999786376953,3031400.0,124.05999755859375
2019-12-24,125.33000183105469,124.37999725341797,124.94999694824219,124.73999786376953,953500.0,124.30913543701172
2019-12-26,125.44000244140625,124.52999877929688,124.9800033569336,125.41000366210938,1486600.0,124.9768295288086
2019-12-27,125.97000122070312,125.11000061035156,125.83999633789062,125.19000244140625,1788600.0,124.75758361816406
2019-12-30,125.45999908447266,124.18000030517578,125.19999694824219,124.30000305175781,2306500.0,123.87065887451172
2019-12-31,124.56999969482422,123.77999877929688,124.29000091552734,124.48999786376953,2340400.0,124.05999755859375
2020-01-02,126.2699966430664,124.2300033569336,124.66000366210938,125.8499984741211,2708000.0,125.8499984741211
2020-01-03,125.0999984741211,123.94000244140625,124.31999969482422,124.5999984741211,2090600.0,124.5999984741211
2020-01-06,124.16000366210938,123.12000274658203,123.37000274658203,124.05999755859375,2855200.0,124.05999755859375
2020-01-07,124.4000015258789,123.36000061035156,123.47000122070312,123.41000366210938,2042300.0,123.41000366210938
2020-01-08,126.36000061035156,123.80000305175781,124.05000305175781,125.54000091552734,3458200.0,125.54000091552734
2020-01-09,127.87999725341797,126.38999938964844,126.48999786376953,127.80999755859375,2787100.0,127.80999755859375
2020-01-10,128.1699981689453,126.91999816894531,127.58000183105469,127.27999877929688,2789200.0,127.27999877929688
2020-01-13,128.9499969482422,127.62999725341797,127.83999633789062,128.5399932861328,3285700.0,128.5399932861328
2020-01-14,130.08999633789062,128.33999633789062,128.6199951171875,128.8000030517578,3836000.0,128.8000030517578
2020-01-15,129.83999633789062,128.4499969482422,128.69000244140625,129.82000732421875,3187200.0,129.82000732421875
2020-01-16,130.92999267578125,129.7100067138672,130.5,130.5500030517578,2424500.0,130.5500030517578
2020-01-17,131.86000061035156,130.7899932861328,131.4499969482422,131.52000427246094,3659400.0,131.52000427246094
2020-01-21,131.82000732421875,130.38999938964844,131.11000061035156,130.52999877929688,3102700.0,130.52999877929688
2020-01-22,132.27000427246094,130.92999267578125,130.92999267578125,131.49000549316406,2483800.0,131.49000549316406
2020-01-23,131.57000732421875,130.13999938964844,131.25999450683594,131.3699951171875,3841000.0,131.3699951171875
2020-01-24,138.1300048828125,133.85000610351562,136.36000061035156,135.11000061035156,8612500.0,135.11000061035156
2020-01-27,131.97999572753906,128.8699951171875,131.14999389648438,130.63999938964844,6432400.0,130.63999938964844
2020-01-28,133.8699951171875,131.13999938964844,132.0,132.4499969482422,3712700.0,132.4499969482422
2020-01-29,133.1300048828125,131.44000244140625,132.47999572753906,131.67999267578125,2518400.0,131.67999267578125
