Date,High,Low,Open,Close,Volume,Adj Close
2017-02-03,163.55999755859375,162.30999755859375,162.99000549316406,162.39999389648438,2981700.0,151.46388244628906
2017-02-06,164.0800018310547,162.3800048828125,162.4199981689453,163.97999572753906,3110500.0,152.93751525878906
2017-02-07,167.4199981689453,164.8699951171875,165.0,166.5,4243200.0,155.2877960205078
2017-02-08,165.24000549316406,163.69000244140625,165.0,163.80999755859375,3041600.0,154.09312438964844
2017-02-09,165.08999633789062,164.05999755859375,164.6699981689453,164.27999877929688,3451100.0,154.53521728515625
2017-02-10,166.4499969482422,164.47000122070312,165.25,166.22999572753906,2689700.0,156.36956787109375
2017-02-13,169.07000732421875,166.35000610351562,166.4499969482422,168.02999877929688,3765000.0,158.0627899169922
2017-02-14,168.8000030517578,167.22000122070312,167.6999969482422,168.5,2580300.0,158.50491333007812
2017-02-15,169.9499969482422,168.35000610351562,168.4199981689453,169.3000030517578,4033200.0,159.2574920654297
2017-02-16,170.80999755859375,168.75,169.74000549316406,170.80999755859375,3070100.0,160.6779022216797
2017-02-17,173.25,170.39999389648438,170.41000366210938,172.7100067138672,4982900.0,162.4652099609375
2017-02-21,176.1699981689453,173.67999267578125,173.9199981689453,175.55999755859375,4231700.0,165.14614868164062
2017-02-22,175.75,174.00999450683594,174.97999572753906,175.36000061035156,2832100.0,164.9580078125
2017-02-23,177.0,175.6999969482422,175.97000122070312,176.86000061035156,3502600.0,166.36900329589844
2017-02-24,178.8000030517578,176.10000610351562,176.75,177.44000244140625,4197200.0,166.9146270751953
2017-02-27,179.8800048828125,177.5500030517578,178.0,179.42999267578125,2892600.0,168.78659057617188
2017-02-28,181.92999267578125,179.6699981689453,180.33999633789062,180.22999572753906,4785100.0,169.53912353515625
2017-03-01,184.8000030517578,181.82000732421875,181.85000610351562,183.91000366210938,5461800.0,173.00082397460938
2017-03-02,185.7100067138672,182.97000122070312,184.0,182.99000549316406,4909000.0,172.13543701171875
2017-03-03,183.5800018310547,181.4499969482422,182.99000549316406,182.17999267578125,3917500.0,171.37344360351562
2017-03-06,182.3000030517578,180.42999267578125,181.39999389648438,180.92999267578125,4244000.0,170.19757080078125
2017-03-07,182.83999633789062,180.6199951171875,180.63999938964844,182.02000427246094,2452000.0,171.22296142578125
2017-03-08,182.69000244140625,181.49000549316406,182.39999389648438,181.74000549316406,2321700.0,170.95956420898438
2017-03-09,182.58999633789062,179.5800018310547,181.42999267578125,180.57000732421875,3100500.0,169.8589630126953
2017-03-10,181.97000122070312,177.9199981689453,181.89999389648438,178.6999969482422,4595600.0,168.0998992919922
2017-03-13,179.19000244140625,177.07000732421875,177.16000366210938,179.0500030517578,3499000.0,168.42909240722656
2017-03-14,179.69000244140625,177.7100067138672,178.5399932861328,178.72999572753906,2346700.0,168.12811279296875
2017-03-15,179.24000549316406,177.97000122070312,179.0,178.7100067138672,3569000.0,168.1093292236328
2017-03-16,180.0,177.63999938964844,179.82000732421875,178.19000244140625,3100700.0,167.62013244628906
2017-03-17,180.3800048828125,178.1699981689453,178.30999755859375,180.10000610351562,5037400.0,169.41685485839844
2017-03-20,180.14999389648438,179.13999938964844,180.10000610351562,179.38999938964844,2062200.0,168.74896240234375
2017-03-21,180.25,175.5,179.99000549316406,175.9600067138672,3239600.0,165.5224151611328
2017-03-22,177.10000610351562,175.5,175.9600067138672,176.97999572753906,2505700.0,166.48190307617188
2017-03-23,177.85000610351562,176.58999633789062,177.33999633789062,177.25999450683594,2006400.0,166.74530029296875
2017-03-24,177.52999877929688,174.77000427246094,176.85000610351562,175.82000732421875,2386800.0,165.39073181152344
2017-03-27,176.44000244140625,173.75,174.3699951171875,176.10000610351562,2750700.0,165.6541290283203
2017-03-28,177.67999267578125,175.0,176.2899932861328,177.36000061035156,2412600.0,166.83937072753906
2017-03-29,177.99000549316406,176.97000122070312,177.39999389648438,177.6300048828125,1640600.0,167.09336853027344
2017-03-30,178.49000549316406,177.22000122070312,177.25,177.97999572753906,1737200.0,167.422607421875
2017-03-31,178.17999267578125,176.80999755859375,178.02000427246094,176.86000061035156,2032700.0,166.36900329589844
2017-04-03,177.72999572753906,175.5,177.0800018310547,176.64999389648438,2934800.0,166.1714630126953
2017-04-04,178.7899932861328,176.75999450683594,176.8800048828125,178.6999969482422,2326500.0,168.0998992919922
2017-04-05,180.17999267578125,176.88999938964844,179.0,177.0800018310547,2567200.0,166.5759735107422
2017-04-06,178.22000122070312,177.1199951171875,177.55999755859375,177.3699951171875,2343600.0,166.84878540039062
2017-04-07,179.08999633789062,177.25999450683594,178.38999938964844,178.85000610351562,2806900.0,168.24099731445312
2017-04-10,179.97000122070312,177.47999572753906,179.0,177.55999755859375,2309300.0,167.02749633789062
2017-04-11,178.60000610351562,176.9600067138672,177.5,178.57000732421875,2266300.0,167.9775848388672
2017-04-12,178.25,175.94000244140625,178.25,176.0500030517578,2922700.0,165.60708618164062
2017-04-13,176.8800048828125,175.55999755859375,175.74000549316406,175.6199951171875,2024100.0,165.20260620117188
2017-04-17,179.0800018310547,175.64999389648438,175.83999633789062,179.02000427246094,2450200.0,168.40089416503906
2017-04-18,179.97000122070312,177.1199951171875,178.58999633789062,177.85000610351562,2960200.0,167.30032348632812
2017-04-19,179.89999389648438,178.16000366210938,178.47000122070312,178.39999389648438,2124500.0,167.8176727294922
2017-04-20,179.82000732421875,178.35000610351562,178.74000549316406,179.3000030517578,2335200.0,168.664306640625
2017-04-21,180.92999267578125,179.4199981689453,179.4199981689453,180.3800048828125,3146600.0,169.68020629882812
2017-04-24,182.4600067138672,181.61000061035156,181.75,182.05999755859375,3141900.0,171.2605743408203
2017-04-25,183.85000610351562,182.52999877929688,182.52999877929688,183.50999450683594,3735400.0,172.62457275390625
2017-04-26,183.0,180.11000061035156,182.30999755859375,181.7100067138672,4471600.0,170.93130493164062
2017-04-27,183.75999450683594,182.58999633789062,182.58999633789062,183.22000122070312,3129100.0,172.3517608642578
2017-04-28,184.92999267578125,183.02000427246094,183.4199981689453,184.8300018310547,2181600.0,173.86627197265625
2017-05-01,184.49000549316406,181.8000030517578,184.22999572753906,182.38999938964844,3516700.0,171.57101440429688
2017-05-02,183.91000366210938,182.52999877929688,182.5399932861328,183.44000244140625,1979800.0,172.55873107910156
2017-05-03,183.75,182.25,183.4499969482422,183.38999938964844,2983200.0,172.51168823242188
2017-05-04,184.25,182.17999267578125,183.3300018310547,183.07000732421875,2289300.0,172.21067810058594
2017-05-05,185.07000732421875,183.16000366210938,183.16000366210938,185.00999450683594,2636900.0,174.03558349609375
2017-05-08,186.38999938964844,185.0,185.3800048828125,186.02000427246094,1963400.0,174.9856719970703
2017-05-09,187.2100067138672,186.0500030517578,186.11000061035156,186.91000366210938,3004000.0,175.82289123535156
2017-05-10,185.64999389648438,178.17999267578125,185.13999938964844,183.17999267578125,7060100.0,173.63327026367188
2017-05-11,184.3300018310547,182.1699981689453,182.89999389648438,183.94000244140625,2883800.0,174.3536834716797
2017-05-12,183.97999572753906,182.6300048828125,183.7100067138672,183.25,3479200.0,173.69961547851562
2017-05-15,184.11000061035156,182.27999877929688,183.3000030517578,182.38999938964844,3365000.0,172.88446044921875
2017-05-16,183.14999389648438,182.0399932861328,182.72999572753906,182.6999969482422,2156100.0,173.17828369140625
2017-05-17,182.6999969482422,178.67999267578125,182.6999969482422,178.77999877929688,2535700.0,169.4626007080078
2017-05-18,178.5,175.47000122070312,178.47999572753906,177.39999389648438,3118100.0,168.1544952392578
2017-05-19,181.4199981689453,176.77000427246094,177.72999572753906,180.75999450683594,4038900.0,171.3394012451172
2017-05-22,185.32000732421875,182.52000427246094,183.77999877929688,183.6699981689453,2946800.0,174.09776306152344
2017-05-23,184.4600067138672,182.86000061035156,184.0,183.49000549316406,2123800.0,173.9271240234375
2017-05-24,185.39999389648438,183.4600067138672,183.4600067138672,185.25,2424700.0,175.59539794921875
2017-05-25,187.4199981689453,185.58999633789062,185.6300048828125,187.07000732421875,2363300.0,177.320556640625
2017-05-26,187.61000061035156,186.27000427246094,186.72999572753906,186.58999633789062,1735800.0,176.86557006835938
2017-05-30,187.4199981689453,186.19000244140625,186.75999450683594,186.8800048828125,2231600.0,177.14044189453125
2017-05-31,188.25999450683594,186.72000122070312,187.3699951171875,187.6300048828125,5186700.0,177.85134887695312
2017-06-01,187.91000366210938,184.52999877929688,187.41000366210938,187.32000732421875,2870200.0,177.55752563476562
2017-06-02,191.6999969482422,187.64999389648438,187.82000732421875,190.22999572753906,3034300.0,180.31585693359375
2017-06-05,190.74000549316406,188.80999755859375,190.07000732421875,188.9499969482422,2522100.0,179.1025848388672
2017-06-06,188.86000061035156,186.69000244140625,188.41000366210938,186.75,2725000.0,177.01724243164062
2017-06-07,188.5399932861328,186.38999938964844,186.85000610351562,188.10000610351562,2383500.0,178.29689025878906
2017-06-08,191.07000732421875,187.6999969482422,188.10000610351562,189.92999267578125,2340300.0,180.03147888183594
2017-06-09,190.99000549316406,189.25,190.0,190.02999877929688,3344900.0,180.1262969970703
2017-06-12,190.52999877929688,188.0500030517578,190.3000030517578,190.0,2730100.0,180.09786987304688
2017-06-13,191.55999755859375,189.35000610351562,190.0500030517578,191.08999633789062,1882700.0,181.13104248046875
2017-06-14,193.3800048828125,190.82000732421875,191.0500030517578,192.3800048828125,2210000.0,182.35382080078125
2017-06-15,195.5500030517578,191.3699951171875,191.42999267578125,195.4499969482422,2894100.0,185.2638397216797
2017-06-16,197.9499969482422,195.80999755859375,196.00999450683594,196.44000244140625,6939100.0,186.2021942138672
2017-06-19,199.47000122070312,197.0,197.8800048828125,199.0800018310547,2726400.0,188.70460510253906
2017-06-20,201.24000549316406,198.30999755859375,198.75,198.3300018310547,3077400.0,187.99374389648438
2017-06-21,199.7100067138672,197.55999755859375,199.5800018310547,199.1699981689453,3151100.0,188.7899169921875
2017-06-22,200.41000366210938,199.17999267578125,199.25,199.44000244140625,3339300.0,189.04586791992188
2017-06-23,202.35000610351562,198.67999267578125,199.25999450683594,202.22999572753906,4310100.0,191.69046020507812
2017-06-26,204.38999938964844,199.94000244140625,202.77000427246094,199.97999572753906,3077600.0,189.5577392578125
2017-06-27,200.9199981689453,198.88999938964844,199.8000030517578,198.88999938964844,2296900.0,188.52452087402344
2017-06-28,200.9499969482422,199.3000030517578,199.5,199.6199951171875,2096800.0,189.2164764404297
2017-06-29,199.75999450683594,196.4499969482422,199.6199951171875,197.4600067138672,2428900.0,187.16908264160156
2017-06-30,199.44000244140625,197.38999938964844,198.5,197.75,2225600.0,187.44393920898438
2017-07-03,199.44000244140625,197.75,198.07000732421875,198.58999633789062,1511200.0,188.2401580810547
2017-07-05,202.13999938964844,198.86000061035156,199.3000030517578,201.80999755859375,2716700.0,191.29232788085938
2017-07-06,202.49000549316406,200.77999877929688,201.63999938964844,201.47999572753906,2737400.0,190.9795379638672
2017-07-07,203.27999877929688,201.25999450683594,202.24000549316406,202.3699951171875,3090400.0,191.8231658935547
2017-07-10,204.5800018310547,202.19000244140625,202.32000732421875,203.9600067138672,2701900.0,193.33029174804688
2017-07-11,206.66000366210938,204.0,204.0,206.27000427246094,2815800.0,195.51991271972656
2017-07-12,208.61000061035156,206.32000732421875,206.9499969482422,206.44000244140625,2817400.0,195.6810302734375
2017-07-13,207.0,205.35000610351562,206.8000030517578,206.22999572753906,1943600.0,195.48199462890625
2017-07-14,208.72999572753906,206.74000549316406,206.8000030517578,208.50999450683594,3229000.0,197.64315795898438
2017-07-17,209.72000122070312,208.55999755859375,208.72999572753906,209.0,2416000.0,198.10763549804688
2017-07-18,209.19000244140625,207.52999877929688,209.11000061035156,208.24000549316406,1942300.0,197.3872528076172
2017-07-19,210.92999267578125,208.99000549316406,209.42999267578125,210.8800048828125,2258400.0,199.88961791992188
2017-07-20,211.25,209.9199981689453,211.10000610351562,210.27999877929688,2235100.0,199.32090759277344
2017-07-21,212.1999969482422,209.41000366210938,209.99000549316406,212.13999938964844,2098400.0,201.08399963378906
2017-07-24,212.63999938964844,211.39999389648438,212.0,212.17999267578125,2392700.0,201.12188720703125
2017-07-25,214.0,211.9499969482422,213.22000122070312,212.4600067138672,2889000.0,201.38729858398438
2017-07-26,233.97999572753906,223.02000427246094,223.47999572753906,233.4499969482422,14140000.0,221.28338623046875
2017-07-27,242.67999267578125,236.6999969482422,237.1300048828125,241.0,10860600.0,228.43991088867188
2017-07-28,242.0,238.5500030517578,240.82000732421875,241.27000427246094,4602400.0,228.69583129882812
2017-07-31,246.49000549316406,241.82000732421875,241.85000610351562,242.4600067138672,5777300.0,229.8238067626953
2017-08-01,243.99000549316406,239.16000366210938,243.3800048828125,239.44000244140625,5018400.0,226.96121215820312
2017-08-02,241.55999755859375,237.8800048828125,239.05999755859375,237.9499969482422,5119900.0,225.54884338378906
2017-08-03,239.58999633789062,236.0399932861328,237.05999755859375,238.25,5112700.0,225.83322143554688
2017-08-04,239.72999572753906,236.3800048828125,238.5800018310547,237.7100067138672,5590500.0,225.3213653564453
2017-08-07,241.42999267578125,237.2100067138672,237.60000610351562,240.22999572753906,3674700.0,227.7100372314453
2017-08-08,240.52000427246094,238.92999267578125,239.91000366210938,239.5,4871500.0,227.01809692382812
2017-08-09,238.6999969482422,234.10000610351562,238.00999450683594,234.30999755859375,5680400.0,223.42324829101562
2017-08-10,236.16000366210938,231.91000366210938,234.02999877929688,232.8800048828125,6817700.0,222.0596923828125
2017-08-11,235.39999389648438,230.94000244140625,232.75999450683594,234.8800048828125,3461700.0,223.9667510986328
2017-08-14,237.47999572753906,235.72000122070312,236.00999450683594,237.14999389648438,2953500.0,226.13128662109375
2017-08-15,239.63999938964844,236.00999450683594,237.2100067138672,239.1699981689453,2851100.0,228.05743408203125
2017-08-16,240.25999450683594,237.41000366210938,239.6999969482422,237.58999633789062,3012700.0,226.5508270263672
2017-08-17,237.60000610351562,235.25,237.3800048828125,235.58999633789062,2810900.0,224.6437530517578
2017-08-18,237.25999450683594,234.57000732421875,235.0,235.77000427246094,2939500.0,224.81541442871094
2017-08-21,236.94000244140625,234.35000610351562,235.77000427246094,235.67999267578125,2545400.0,224.7296142578125
2017-08-22,239.88999938964844,236.11000061035156,236.16000366210938,239.75,2915700.0,228.61045837402344
2017-08-23,239.36000061035156,237.19000244140625,239.36000061035156,238.08999633789062,2518300.0,227.027587890625
2017-08-24,238.89999389648438,236.60000610351562,238.52000427246094,238.74000549316406,2553100.0,227.64739990234375
2017-08-25,239.08999633789062,235.60000610351562,239.0,235.88999938964844,2270300.0,224.92984008789062
2017-08-28,237.5500030517578,234.61000061035156,236.22000122070312,237.17999267578125,2395000.0,226.1598663330078
2017-08-29,241.1699981689453,236.0800018310547,237.2100067138672,240.49000549316406,3535500.0,229.31610107421875
2017-08-30,241.44000244140625,239.0,240.99000549316406,240.4600067138672,2801100.0,229.28750610351562
2017-08-31,241.10000610351562,238.41000366210938,241.0,239.66000366210938,3075800.0,228.52468872070312
2017-09-01,242.52999877929688,239.1699981689453,239.66000366210938,240.3300018310547,3270700.0,229.1635284423828
2017-09-05,240.36000061035156,236.22999572753906,240.3000030517578,237.0,3866600.0,225.98825073242188
2017-09-06,237.86000061035156,234.33999633789062,237.52999877929688,234.6199951171875,4252700.0,223.71885681152344
2017-09-07,236.5399932861328,234.2899932861328,234.75,236.30999755859375,2994500.0,225.33030700683594
2017-09-08,239.38999938964844,235.2100067138672,235.75,238.77999877929688,3404200.0,227.68551635742188
2017-09-11,241.85000610351562,239.30999755859375,239.5,240.58999633789062,3628100.0,229.4114227294922
2017-09-12,241.7100067138672,238.9499969482422,240.58999633789062,240.5800018310547,2702700.0,229.4019317626953
2017-09-13,243.47999572753906,237.08999633789062,240.0,241.92999267578125,4529100.0,230.68919372558594
2017-09-14,245.61000061035156,242.5,243.0,245.22999572753906,4995200.0,233.83587646484375
2017-09-15,249.9499969482422,246.2100067138672,247.36000061035156,249.0,9033300.0,237.4307098388672
2017-09-18,253.7899932861328,248.91000366210938,249.97000122070312,253.0800018310547,5193000.0,241.32113647460938
2017-09-19,255.1699981689453,251.6300048828125,253.0800018310547,252.4600067138672,4124700.0,240.72991943359375
2017-09-20,256.69000244140625,252.25,253.25999450683594,255.4600067138672,3853200.0,243.59054565429688
2017-09-21,256.989990234375,254.4199981689453,256.1300048828125,256.0400085449219,2809400.0,244.14358520507812
2017-09-22,259.29998779296875,256.1300048828125,256.30999755859375,256.45001220703125,3475600.0,244.53453063964844
2017-09-25,256.9700012207031,251.5,256.9700012207031,254.32000732421875,3479200.0,242.50350952148438
2017-09-26,256.4800109863281,253.5399932861328,254.60000610351562,253.6999969482422,2173600.0,241.91229248046875
2017-09-27,258.7699890136719,253.97000122070312,255.27000427246094,255.27999877929688,3840100.0,243.41888427734375
2017-09-28,255.8000030517578,251.1699981689453,254.11000061035156,254.27000427246094,2586100.0,242.45582580566406
2017-09-29,255.25999450683594,252.58999633789062,253.85000610351562,254.2100067138672,2531100.0,242.39862060546875
2017-10-02,255.99000549316406,253.52999877929688,254.64999389648438,255.99000549316406,2685100.0,244.09593200683594
2017-10-03,258.260009765625,254.69000244140625,255.99000549316406,255.4600067138672,3163400.0,243.59054565429688
2017-10-04,257.1300048828125,254.07000732421875,256.1199951171875,255.75999450683594,3031000.0,243.8765869140625
2017-10-05,258.989990234375,254.77999877929688,255.27999877929688,258.8900146484375,3940200.0,246.86117553710938
2017-10-06,258.8999938964844,257.05999755859375,258.0,258.5799865722656,2736400.0,246.5655975341797
2017-10-09,259.0,257.1099853515625,259.0,258.3900146484375,2146100.0,246.38441467285156
2017-10-10,261.05999755859375,257.20001220703125,259.739990234375,260.92999267578125,2740700.0,248.80636596679688
2017-10-11,261.6499938964844,259.0199890136719,261.32000732421875,261.44000244140625,2890300.0,249.29270935058594
2017-10-12,262.9800109863281,260.0,260.95001220703125,261.9100036621094,2577900.0,249.74085998535156
2017-10-13,263.7900085449219,260.739990234375,262.8999938964844,260.739990234375,2243900.0,248.6251983642578
2017-10-16,262.0,259.69000244140625,261.5,259.75,1818900.0,247.6812286376953
2017-10-17,259.04998779296875,256.260009765625,256.489990234375,258.6199951171875,2515900.0,246.60372924804688
2017-10-18,260.7300109863281,256.6600036621094,258.4700012207031,260.0400085449219,2051700.0,247.95774841308594
2017-10-19,259.1000061035156,256.0299987792969,258.9800109863281,259.0400085449219,2589200.0,247.00421142578125
2017-10-20,264.8299865722656,259.44000244140625,260.3599853515625,264.75,3955900.0,252.4488983154297
2017-10-23,265.9800109863281,262.1400146484375,265.1300048828125,262.32000732421875,3302400.0,250.13185119628906
2017-10-24,267.2099914550781,263.239990234375,263.239990234375,266.0,4401600.0,253.6407928466797
2017-10-25,266.0,254.5,264.7799987792969,258.4200134277344,7895300.0,246.4130401611328
2017-10-26,261.44000244140625,257.30999755859375,259.7200012207031,259.2699890136719,3419100.0,247.22349548339844
2017-10-27,259.5,255.8000030517578,258.260009765625,256.4599914550781,2899200.0,244.54408264160156
2017-10-30,260.4100036621094,255.3300018310547,255.4499969482422,259.25,3025900.0,247.2044677734375
2017-10-31,259.92999267578125,257.4700012207031,259.3399963378906,257.9800109863281,2742800.0,245.99346923828125
2017-11-01,259.4100036621094,256.239990234375,258.2900085449219,258.5,2929500.0,246.4893035888672
2017-11-02,263.239990234375,258.0,258.30999755859375,262.6300048828125,2529900.0,250.42739868164062
2017-11-03,263.7900085449219,260.0799865722656,262.4200134277344,261.75,2610800.0,249.5883026123047
2017-11-06,265.8399963378906,262.5299987792969,262.6199951171875,264.07000732421875,2911600.0,251.8004913330078
2017-11-07,267.2799987792969,264.07000732421875,264.07000732421875,266.1300048828125,3205400.0,253.76473999023438
2017-11-08,267.6199951171875,265.2900085449219,266.1400146484375,265.57000732421875,2841800.0,253.2307891845703
2017-11-09,266.75,259.55999755859375,265.010009765625,262.70001220703125,3215900.0,251.8407745361328
2017-11-10,262.5,259.6000061035156,262.1099853515625,260.8500061035156,1740600.0,250.0671844482422
2017-11-13,263.3599853515625,260.489990234375,261.6700134277344,262.4200134277344,2604100.0,251.5723419189453
2017-11-14,262.3999938964844,260.20001220703125,262.0,261.760009765625,2358200.0,250.93960571289062
2017-11-15,264.7699890136719,260.1499938964844,261.4200134277344,262.8599853515625,2510500.0,251.9940948486328
2017-11-16,265.0400085449219,263.3399963378906,263.760009765625,263.70001220703125,2710200.0,252.79945373535156
2017-11-17,263.739990234375,262.0299987792969,262.82000732421875,262.260009765625,1724800.0,251.4189453125
2017-11-20,265.6199951171875,262.760009765625,263.0,264.6300048828125,2447400.0,253.6909942626953
2017-11-21,267.0,264.7099914550781,266.239990234375,266.989990234375,2267100.0,255.95338439941406
2017-11-22,267.4800109863281,264.5299987792969,267.0,265.1499938964844,1471400.0,254.18948364257812
2017-11-24,266.57000732421875,264.5299987792969,265.260009765625,265.8800048828125,788900.0,254.8892822265625
2017-11-27,266.8399963378906,264.7200012207031,265.3800048828125,265.5799865722656,1772200.0,254.60162353515625
2017-11-28,268.010009765625,265.2300109863281,267.0,267.989990234375,2262100.0,256.9120788574219
2017-11-29,269.67999267578125,266.1499938964844,269.4800109863281,269.29998779296875,3029100.0,258.16790771484375
2017-11-30,277.0400085449219,269.42999267578125,269.9100036621094,276.79998779296875,4820300.0,265.3578796386719
2017-12-01,278.7300109863281,270.6000061035156,277.510009765625,271.3800048828125,4592500.0,260.1618957519531
2017-12-04,281.8299865722656,276.0,276.1600036621094,277.9700012207031,5523000.0,266.47955322265625
2017-12-05,279.44000244140625,274.8599853515625,279.010009765625,275.5400085449219,2806100.0,264.1500244140625
2017-12-06,279.1400146484375,274.0,276.5799865722656,278.2699890136719,2538100.0,266.7671203613281
2017-12-07,284.7900085449219,277.79998779296875,282.80999755859375,281.9700012207031,4264400.0,270.314208984375
2017-12-08,287.32000732421875,283.55999755859375,285.010009765625,285.8999938964844,4440500.0,274.0817565917969
2017-12-11,286.489990234375,279.8999938964844,286.2099914550781,283.1600036621094,4065200.0,271.4549560546875
2017-12-12,292.79998779296875,287.7200012207031,291.3399963378906,289.94000244140625,5517600.0,277.9547424316406
2017-12-13,295.8500061035156,289.70001220703125,290.5,291.8399963378906,5003300.0,279.77618408203125
2017-12-14,296.82000732421875,292.6000061035156,293.3500061035156,293.8800048828125,3913400.0,281.7319030761719
2017-12-15,297.3699951171875,293.0199890136719,295.8699951171875,293.94000244140625,6933500.0,281.7893981933594
2017-12-18,297.1400146484375,294.5199890136719,296.0,296.1400146484375,2901600.0,283.8984069824219
2017-12-19,297.5799865722656,294.17999267578125,296.5,297.25,2728400.0,284.9625549316406
2017-12-20,299.3299865722656,297.1099853515625,298.70001220703125,297.8999938964844,2533700.0,285.585693359375
2017-12-21,298.3900146484375,294.1300048828125,298.04998779296875,295.0299987792969,5398300.0,282.83428955078125
2017-12-22,296.5199890136719,293.010009765625,296.3299865722656,295.1000061035156,2257400.0,282.9013977050781
2017-12-26,297.44000244140625,294.6499938964844,295.5400085449219,295.3599853515625,1394700.0,283.1506652832031
2017-12-27,296.79998779296875,294.79998779296875,296.4100036621094,295.6199951171875,1447800.0,283.39990234375
2017-12-28,296.989990234375,294.739990234375,295.80999755859375,296.3500061035156,1436800.0,284.0997314453125
2017-12-29,297.29998779296875,294.8299865722656,296.94000244140625,294.9100036621094,1824600.0,282.7192687988281
2018-01-02,296.989990234375,295.3999938964844,295.75,296.8399963378906,2978900.0,284.5694885253906
2018-01-03,298.5,295.4700012207031,295.94000244140625,297.79998779296875,3211200.0,285.48980712890625
2018-01-04,298.4200134277344,295.4700012207031,297.94000244140625,296.6700134277344,4171700.0,284.40655517578125
2018-01-05,308.8900146484375,296.7200012207031,296.7699890136719,308.8399963378906,6177700.0,296.07342529296875
2018-01-08,310.8599853515625,305.75,308.6600036621094,310.1499938964844,4124900.0,297.3293151855469
2018-01-09,319.9100036621094,310.489990234375,310.5899963378906,318.42999267578125,5641300.0,305.2669982910156
2018-01-10,322.1499938964844,315.5,317.489990234375,320.260009765625,4479300.0,307.0213623046875
2018-01-11,328.3999938964844,321.19000244140625,322.1300048828125,328.1199951171875,4635300.0,314.55645751953125
2018-01-12,336.8800048828125,330.3800048828125,330.3800048828125,336.2099914550781,6559300.0,322.31201171875
2018-01-16,347.7300109863281,331.3299865722656,339.8999938964844,335.1600036621094,12305500.0,321.30548095703125
2018-01-17,352.2300109863281,336.4100036621094,337.7300109863281,351.010009765625,9699900.0,336.5002746582031
2018-01-18,350.8299865722656,339.1499938964844,350.70001220703125,340.1600036621094,9458600.0,326.0987854003906
2018-01-19,344.0,335.75,341.6700134277344,337.7300109863281,7264400.0,323.76922607421875
2018-01-22,341.3800048828125,332.0400085449219,335.2900085449219,338.0,6792900.0,324.0281066894531
2018-01-23,338.94000244140625,334.80999755859375,338.3399963378906,335.5899963378906,4537800.0,321.71771240234375
2018-01-24,338.989990234375,334.1400146484375,336.20001220703125,334.69000244140625,4205400.0,320.8548889160156
2018-01-25,343.6199951171875,335.29998779296875,336.2099914550781,343.1099853515625,4747500.0,328.9267883300781
2018-01-26,345.9800109863281,341.25,344.3299865722656,343.2200012207031,5236300.0,329.03228759765625
2018-01-29,344.4800109863281,340.1000061035156,341.2300109863281,340.82000732421875,3324900.0,326.73150634765625
2018-01-30,339.9800109863281,334.1600036621094,339.1700134277344,337.7099914550781,4983100.0,323.75006103515625
2018-01-31,360.9700012207031,351.6199951171875,360.5,354.3699951171875,11409600.0,339.7213439941406
2018-02-01,361.45001220703125,352.0400085449219,352.95001220703125,356.94000244140625,6067600.0,342.1851501464844
2018-02-02,355.20001220703125,348.70001220703125,354.0,348.9100036621094,5486100.0,334.487060546875
2018-02-05,350.0,317.3900146484375,342.6700134277344,328.8800048828125,10511300.0,315.2850646972656
2018-02-06,341.6700134277344,317.6499938964844,320.0,340.9100036621094,11935100.0,326.8177795410156
2018-02-07,353.5899963378906,339.8699951171875,340.5199890136719,348.1199951171875,7946700.0,333.7297668457031
2018-02-08,349.0,329.3999938964844,348.0,329.6600036621094,8295900.0,317.59283447265625
2018-02-09,337.80999755859375,319.25,333.54998779296875,332.8299865722656,8833000.0,320.6468200683594
2018-02-12,347.75,335.1300048828125,336.57000732421875,343.79998779296875,6885000.0,331.2152404785156
2018-02-13,347.8800048828125,340.2900085449219,340.45001220703125,343.1600036621094,4030200.0,330.5987243652344
2018-02-14,347.42999267578125,341.1700134277344,341.3399963378906,344.8500061035156,4340200.0,332.226806640625
2018-02-15,356.54998779296875,348.04998779296875,348.4700012207031,356.4599914550781,5827500.0,343.4118347167969
2018-02-16,359.5,353.510009765625,356.5899963378906,355.0400085449219,5211600.0,342.0438537597656
2018-02-20,357.7900085449219,351.3999938964844,352.0,353.3500061035156,4303400.0,340.4156799316406
2018-02-21,360.80999755859375,351.75,352.55999755859375,352.3699951171875,5258600.0,339.4715270996094
2018-02-22,358.07000732421875,352.6400146484375,354.6499938964844,355.9200134277344,3414300.0,342.8916015625
2018-02-23,358.7699890136719,353.07000732421875,358.17999267578125,356.6600036621094,3355400.0,343.6045227050781
2018-02-26,364.04998779296875,358.2099914550781,359.5,363.4800109863281,4148100.0,350.17486572265625
2018-02-27,369.8900146484375,363.29998779296875,364.6000061035156,364.6400146484375,4774100.0,351.2924499511719
2018-02-28,371.6000061035156,362.2099914550781,366.79998779296875,362.2099914550781,5472900.0,348.95135498046875
2018-03-01,362.739990234375,346.3999938964844,362.3299865722656,349.69000244140625,8978000.0,336.8896179199219
2018-03-02,346.0899963378906,335.29998779296875,341.82000732421875,344.6700134277344,10021300.0,332.0534362792969
2018-03-05,354.7699890136719,336.6099853515625,338.0,352.75,8140200.0,339.8376159667969
2018-03-06,355.2099914550781,346.0199890136719,354.239990234375,348.9200134277344,4888300.0,336.1478576660156
2018-03-07,348.4100036621094,339.5,341.5199890136719,347.0400085449219,4575700.0,334.3367004394531
2018-03-08,352.5,343.95001220703125,349.510009765625,348.7300109863281,4319900.0,335.96478271484375
2018-03-09,354.8900146484375,350.2300109863281,352.6499938964844,354.5199890136719,3538300.0,341.54290771484375
2018-03-12,355.2300109863281,343.260009765625,355.20001220703125,344.19000244140625,6088800.0,331.59100341796875
2018-03-13,347.8800048828125,337.6099853515625,345.32000732421875,338.6700134277344,5443800.0,326.27301025390625
2018-03-14,340.5199890136719,322.29998779296875,339.7900085449219,330.260009765625,13057900.0,318.1708984375
2018-03-15,332.9200134277344,322.9100036621094,332.29998779296875,329.9800109863281,8766000.0,317.901123046875
2018-03-16,330.8299865722656,325.6300048828125,329.82000732421875,330.4700012207031,9329000.0,318.3731994628906
2018-03-19,333.3299865722656,326.7799987792969,327.45001220703125,331.760009765625,6328900.0,319.6159973144531
2018-03-20,339.70001220703125,331.0,331.8399963378906,337.6300048828125,6500500.0,325.2711181640625
2018-03-21,341.9100036621094,335.1700134277344,337.07000732421875,337.1000061035156,4056300.0,324.7605285644531
2018-03-22,332.67999267578125,319.010009765625,330.1099853515625,319.6099853515625,7282200.0,307.91070556640625
2018-03-23,331.1400146484375,318.32000732421875,320.1499938964844,321.0,7237500.0,309.2498779296875
2018-03-26,331.94000244140625,323.5899963378906,330.4800109863281,328.9700012207031,5392900.0,316.9281005859375
2018-03-27,334.8800048828125,319.0,331.510009765625,321.1199951171875,5355500.0,309.3654479980469
2018-03-28,323.239990234375,311.1700134277344,321.8500061035156,320.0199890136719,5634700.0,308.3057556152344
2018-03-29,330.4800109863281,322.0,323.3800048828125,327.8800048828125,3652100.0,315.8780517578125
2018-04-02,329.94000244140625,317.1700134277344,325.20001220703125,322.44000244140625,5024900.0,310.6371765136719
2018-04-03,331.1000061035156,323.0899963378906,324.760009765625,330.82000732421875,4783100.0,318.7104187011719
2018-04-04,327.80999755859375,311.8800048828125,312.29998779296875,327.44000244140625,8235700.0,315.4541320800781
2018-04-05,338.9599914550781,330.260009765625,330.5899963378906,336.3999938964844,6220000.0,324.08612060546875
2018-04-06,334.5899963378906,322.2099914550781,330.6099853515625,326.1199951171875,5713600.0,314.18243408203125
2018-04-09,334.8800048828125,322.04998779296875,332.25,322.4800109863281,4931700.0,310.6756896972656
2018-04-10,336.69000244140625,329.54998779296875,331.3500061035156,334.8299865722656,5552000.0,322.5735778808594
2018-04-11,337.57000732421875,326.30999755859375,331.6000061035156,327.3599853515625,4573500.0,315.37701416015625
2018-04-12,338.3500061035156,330.4599914550781,331.9800109863281,337.4800109863281,4325000.0,325.1266174316406
2018-04-13,339.6700134277344,326.6000061035156,338.989990234375,329.2799987792969,4733500.0,317.2267761230469
2018-04-16,333.2200012207031,327.6300048828125,332.3399963378906,331.7699890136719,3901400.0,319.6256103515625
2018-04-17,339.739990234375,333.6499938964844,334.7300109863281,336.7200012207031,3381800.0,324.3944091796875
2018-04-18,342.3999938964844,337.17999267578125,338.3299865722656,341.0,3117500.0,328.51776123046875
2018-04-19,342.4100036621094,337.5,340.19000244140625,340.6400146484375,3006800.0,328.1709899902344
2018-04-20,341.3999938964844,335.04998779296875,340.7300109863281,338.6700134277344,3038000.0,326.27301025390625
2018-04-23,341.260009765625,336.0,339.54998779296875,338.8399963378906,2765600.0,326.4367980957031
2018-04-24,347.6700134277344,323.2799987792969,343.1700134277344,329.05999755859375,7051800.0,317.0147705078125
2018-04-25,344.9100036621094,330.5199890136719,338.1199951171875,342.8599853515625,11023600.0,330.30963134765625
2018-04-26,345.6499938964844,338.3299865722656,344.010009765625,342.7900085449219,5273600.0,330.2421875
2018-04-27,342.9200134277344,337.7699890136719,341.25,340.8800048828125,3390400.0,328.4021301269531
2018-04-30,342.5799865722656,333.3999938964844,341.1700134277344,333.55999755859375,3721600.0,321.35009765625
2018-05-01,333.9100036621094,324.17999267578125,332.5,329.5400085449219,4313100.0,317.47723388671875
2018-05-02,330.7099914550781,323.9800109863281,329.5,324.19000244140625,3436100.0,312.3230895996094
2018-05-03,332.6300048828125,319.1300048828125,322.9700012207031,330.69000244140625,6383200.0,318.5851745605469
2018-05-04,335.8900146484375,328.0400085449219,328.0400085449219,334.42999267578125,3655100.0,322.18817138671875
2018-05-07,342.9800109863281,335.2099914550781,335.2300109863281,340.42999267578125,4192200.0,327.9685974121094
2018-05-08,341.94000244140625,336.6099853515625,339.7699890136719,338.3699951171875,4014100.0,325.9840087890625
2018-05-09,346.92999267578125,338.5799865722656,339.489990234375,344.5,4347000.0,331.8896789550781
2018-05-10,348.57000732421875,342.4100036621094,343.989990234375,344.07000732421875,3920400.0,333.1289367675781
2018-05-11,345.4200134277344,341.04998779296875,343.7699890136719,342.4599914550781,2332200.0,331.5700988769531
2018-05-14,347.739990234375,343.8900146484375,344.0,344.5899963378906,2520300.0,333.63238525390625
2018-05-15,343.8500061035156,340.260009765625,343.0,342.1199951171875,3009100.0,331.2409362792969
2018-05-16,343.55999755859375,340.29998779296875,342.0,340.9700012207031,2230100.0,330.12750244140625
2018-05-17,344.7699890136719,340.25,340.4700012207031,344.1400146484375,2483300.0,333.1966857910156
2018-05-18,352.04998779296875,345.19000244140625,345.6000061035156,351.2300109863281,4327700.0,340.0612487792969
2018-05-21,365.0,358.45001220703125,358.4599914550781,363.9200134277344,6785400.0,352.3477478027344
2018-05-22,364.8500061035156,354.5199890136719,364.0,355.0199890136719,5389400.0,343.7307434082031
2018-05-23,359.6000061035156,351.6199951171875,352.2799987792969,359.2099914550781,4497500.0,347.7874755859375
2018-05-24,360.6600036621094,354.3699951171875,358.45001220703125,359.0,3932100.0,347.58416748046875
2018-05-25,360.6000061035156,357.04998779296875,358.1199951171875,360.0899963378906,2463700.0,348.6394958496094
2018-05-29,360.9700012207031,350.6600036621094,357.7099914550781,352.4800109863281,4249600.0,341.2715148925781
2018-05-30,358.9200134277344,354.1000061035156,355.6499938964844,358.19000244140625,2825200.0,346.7998962402344
2018-05-31,356.8299865722656,351.6199951171875,356.8299865722656,352.1600036621094,4406300.0,340.9617004394531
2018-06-01,358.1499938964844,354.4599914550781,355.7900085449219,356.7200012207031,2657800.0,345.3766784667969
2018-06-04,363.3900146484375,358.8500061035156,358.9700012207031,360.7300109863281,2950300.0,349.2591247558594
2018-06-05,363.3699951171875,358.8500061035156,360.5,360.1000061035156,2567800.0,348.649169921875
2018-06-06,371.6000061035156,360.989990234375,362.4599914550781,371.55999755859375,4488400.0,359.7447814941406
2018-06-07,374.4800109863281,366.04998779296875,372.0,368.5299987792969,4517800.0,356.8111267089844
2018-06-08,371.4200134277344,365.4599914550781,368.1400146484375,369.5,3292900.0,357.750244140625
2018-06-11,373.3299865722656,368.79998779296875,371.0,370.94000244140625,2468500.0,359.1445007324219
2018-06-12,372.7300109863281,367.989990234375,371.239990234375,370.6199951171875,2440400.0,358.8346862792969
2018-06-13,371.0,363.2900085449219,370.6700134277344,363.8500061035156,3867600.0,352.2799377441406
2018-06-14,367.6400146484375,358.8299865722656,366.1499938964844,362.4200134277344,4039500.0,350.8954162597656
2018-06-15,361.6600036621094,353.4700012207031,358.1499938964844,357.8800048828125,9946000.0,346.4997863769531
2018-06-18,357.6499938964844,352.3699951171875,353.19000244140625,354.739990234375,3363200.0,343.4595947265625
2018-06-19,347.1700134277344,338.57000732421875,347.1700134277344,341.1199951171875,6857300.0,330.2727355957031
2018-06-20,346.9800109863281,340.4599914550781,346.0,342.69000244140625,4540000.0,331.79278564453125
2018-06-21,341.1499938964844,336.20001220703125,341.1499938964844,337.6600036621094,4048300.0,326.9227600097656
2018-06-22,340.94000244140625,336.6000061035156,340.42999267578125,338.9100036621094,3192000.0,328.1330261230469
2018-06-25,333.8500061035156,327.6000061035156,332.5199890136719,331.20001220703125,5006200.0,320.6682434082031
2018-06-26,334.3999938964844,330.4800109863281,332.3900146484375,331.29998779296875,3112400.0,320.7650146484375
2018-06-27,341.4200134277344,329.760009765625,334.8500061035156,329.82000732421875,4578900.0,319.33209228515625
2018-06-28,337.5400085449219,327.2900085449219,330.0,334.6499938964844,3348000.0,324.00848388671875
2018-06-29,340.0,335.3599853515625,337.19000244140625,335.510009765625,3108500.0,324.84112548828125
2018-07-02,336.3299865722656,329.32000732421875,330.69000244140625,336.0799865722656,2820700.0,325.39300537109375
2018-07-03,339.69000244140625,332.0,338.17999267578125,332.92999267578125,1464400.0,322.3431396484375
2018-07-05,337.2799987792969,329.1000061035156,336.1499938964844,333.17999267578125,2427900.0,322.585205078125
2018-07-06,336.1000061035156,330.45001220703125,332.8399963378906,334.6400146484375,2105100.0,323.9988098144531
2018-07-09,343.0400085449219,336.510009765625,337.5,341.9200134277344,3128700.0,331.04730224609375
2018-07-10,348.0,342.7799987792969,342.7799987792969,347.1600036621094,3278300.0,336.12066650390625
2018-07-11,344.3900146484375,339.19000244140625,341.7300109863281,340.6000061035156,3056900.0,329.7692565917969
2018-07-12,346.6000061035156,342.739990234375,345.2799987792969,346.0299987792969,2030700.0,335.0265808105469
2018-07-13,351.239990234375,346.20001220703125,347.0,350.7900085449219,2272300.0,339.63525390625
2018-07-16,356.3399963378906,352.3500061035156,353.9700012207031,356.1000061035156,2889000.0,344.77642822265625
2018-07-17,359.0,355.0400085449219,357.6099853515625,356.8800048828125,2730500.0,345.5315856933594
2018-07-18,361.8599853515625,354.260009765625,359.0,360.2300109863281,3090100.0,348.7750549316406
2018-07-19,359.3900146484375,355.260009765625,357.69000244140625,355.3299865722656,2711700.0,344.0308532714844
2018-07-20,356.989990234375,353.0,353.0400085449219,354.8999938964844,1816700.0,343.61456298828125
2018-07-23,355.0,352.3900146484375,355.0,353.2699890136719,1943700.0,342.0364074707031
2018-07-24,359.4700012207031,354.6400146484375,356.75,358.2699890136719,3182000.0,346.8773498535156
2018-07-25,356.29998779296875,345.5,351.5199890136719,355.9200134277344,7378100.0,344.60211181640625
2018-07-26,360.20001220703125,355.2699890136719,355.3800048828125,359.32000732421875,3191200.0,347.89398193359375
2018-07-27,364.5400085449219,359.4700012207031,361.05999755859375,360.6499938964844,2914700.0,349.18170166015625
2018-07-30,362.45001220703125,350.4700012207031,361.989990234375,351.05999755859375,3080400.0,339.89666748046875
2018-07-31,359.0199890136719,354.05999755859375,354.3800048828125,356.29998779296875,2728400.0,344.9700622558594
2018-08-01,357.9100036621094,350.5,354.0899963378906,352.760009765625,2717800.0,341.5426330566406
2018-08-02,350.7300109863281,346.0299987792969,348.6199951171875,349.7300109863281,2655900.0,338.60894775390625
2018-08-03,350.989990234375,345.6700134277344,349.5,348.44000244140625,2285200.0,337.3599548339844
2018-08-06,347.3699951171875,343.1199951171875,347.3699951171875,346.57000732421875,3251100.0,335.5494384765625
2018-08-07,352.1199951171875,345.5,348.04998779296875,350.760009765625,2267400.0,339.606201171875
2018-08-08,351.6199951171875,346.25,350.5,347.7799987792969,2333600.0,336.7209167480469
2018-08-09,346.8399963378906,343.1199951171875,346.07000732421875,343.7200012207031,2301800.0,334.4344482421875
2018-08-10,341.0,336.45001220703125,341.0,339.4100036621094,2745700.0,330.2408752441406
2018-08-13,342.1499938964844,337.3399963378906,339.6000061035156,338.3599853515625,1877200.0,329.21917724609375
2018-08-14,340.1499938964844,337.6199951171875,339.1199951171875,339.1400146484375,2017300.0,329.9781799316406
2018-08-15,337.1400146484375,328.0299987792969,336.57000732421875,331.760009765625,3798600.0,322.79754638671875
2018-08-16,347.7200012207031,338.29998779296875,339.05999755859375,345.9800109863281,5867900.0,336.6333923339844
2018-08-17,348.5,341.6700134277344,346.0,346.3999938964844,3069200.0,337.0420227050781
2018-08-20,352.6099853515625,347.1000061035156,348.6000061035156,350.739990234375,3018200.0,341.2647705078125
2018-08-21,354.45001220703125,349.6300048828125,351.0,353.7699890136719,2967200.0,344.21295166015625
2018-08-22,355.8699951171875,349.8399963378906,354.32000732421875,350.0299987792969,2682900.0,340.5740051269531
2018-08-23,350.2799987792969,345.4599914550781,349.1499938964844,347.4800109863281,1833400.0,338.0928649902344
2018-08-24,350.6300048828125,348.1000061035156,348.7699890136719,349.3800048828125,1954100.0,339.9415283203125
2018-08-27,355.0,351.010009765625,352.1099853515625,353.739990234375,2279500.0,344.1837463378906
2018-08-28,355.67999267578125,350.6099853515625,355.0,351.2099914550781,2475100.0,341.7220764160156
2018-08-29,352.3500061035156,349.2099914550781,352.260009765625,350.19000244140625,1850100.0,340.7296447753906
2018-08-30,350.95001220703125,345.75,350.3500061035156,346.8999938964844,3257700.0,337.5285339355469
2018-08-31,345.8500061035156,341.5799865722656,345.04998779296875,342.7900085449219,3462700.0,333.529541015625
2018-09-04,346.32000732421875,339.2799987792969,341.6000061035156,346.25,2699400.0,336.89605712890625
2018-09-05,347.25,343.1600036621094,345.7699890136719,346.67999267578125,2959000.0,337.314453125
2018-09-06,353.3500061035156,346.5799865722656,347.54998779296875,351.2699890136719,3585900.0,341.78045654296875
2018-09-07,350.010009765625,344.4599914550781,348.82000732421875,349.2799987792969,3921900.0,339.8442077636719
2018-09-10,350.75,341.67999267578125,349.489990234375,341.8599853515625,3065500.0,332.6246643066406
2018-09-11,346.6199951171875,337.30999755859375,339.010009765625,345.25,2731800.0,335.9230651855469
2018-09-12,355.0400085449219,344.6099853515625,345.0,353.4100036621094,4003800.0,343.8626708984375
2018-09-13,360.4200134277344,354.29998779296875,356.3599853515625,355.4599914550781,3166500.0,345.8572998046875
2018-09-14,362.260009765625,356.1000061035156,356.44000244140625,359.79998779296875,2835800.0,350.0800476074219
2018-09-17,361.29998779296875,354.5400085449219,359.2799987792969,355.9599914550781,2554500.0,346.34375
2018-09-18,365.80999755859375,356.1000061035156,357.29998779296875,363.5799865722656,3003500.0,353.75787353515625
2018-09-19,371.2300109863281,363.19000244140625,363.5799865722656,365.2200012207031,4753400.0,355.3536376953125
2018-09-20,371.7300109863281,365.6700134277344,368.739990234375,367.4599914550781,4011100.0,357.5330810546875
2018-09-21,372.57000732421875,366.04998779296875,369.3999938964844,372.2300109863281,7144000.0,362.17425537109375
2018-09-24,371.8900146484375,367.3299865722656,371.0,367.989990234375,2800200.0,358.04876708984375
2018-09-25,370.4599914550781,366.8800048828125,369.0799865722656,367.2300109863281,2969200.0,357.3093566894531
2018-09-26,368.55999755859375,364.32000732421875,367.5,365.0299987792969,2368600.0,355.1687316894531
2018-09-27,368.9700012207031,364.3999938964844,368.3999938964844,367.3900146484375,2355900.0,357.4649963378906
2018-09-28,374.2200012207031,366.2200012207031,368.6300048828125,371.8999938964844,3600500.0,361.8531494140625
2018-10-01,383.2099914550781,375.0,375.1600036621094,382.2900085449219,4755700.0,371.96246337890625
2018-10-02,388.6199951171875,379.7699890136719,380.8500061035156,386.3699951171875,4622600.0,375.9322509765625
2018-10-03,394.2799987792969,386.69000244140625,388.8999938964844,392.29998779296875,4794300.0,381.7020263671875
2018-10-04,391.0899963378906,385.2900085449219,390.739990234375,389.989990234375,3822300.0,379.4544372558594
2018-10-05,392.3900146484375,383.0299987792969,389.0,386.4700012207031,2899700.0,376.0295715332031
2018-10-08,386.7300109863281,377.3500061035156,383.8399963378906,385.7699890136719,3324000.0,375.34844970703125
2018-10-09,386.82000732421875,381.1400146484375,384.3699951171875,385.44000244140625,2862700.0,375.0273742675781
2018-10-10,383.79998779296875,367.0899963378906,382.9599914550781,367.4700012207031,6033100.0,357.5428161621094
2018-10-11,369.8500061035156,355.1000061035156,363.44000244140625,358.1099853515625,6266800.0,348.4356689453125
2018-10-12,367.1199951171875,352.260009765625,366.010009765625,360.1099853515625,5509700.0,350.38165283203125
2018-10-15,362.54998779296875,355.5,359.4599914550781,358.8800048828125,2979800.0,349.1849060058594
2018-10-16,368.57000732421875,358.54998779296875,360.45001220703125,368.25,2822500.0,358.3017578125
2018-10-17,368.5,362.70001220703125,368.0,365.5,2238200.0,355.62603759765625
2018-10-18,367.760009765625,356.760009765625,364.82000732421875,359.3500061035156,3254900.0,349.6422119140625
2018-10-19,359.8699951171875,354.2099914550781,359.79998779296875,356.260009765625,3491600.0,346.63568115234375
2018-10-22,358.760009765625,352.4599914550781,357.8500061035156,355.9800109863281,2263500.0,346.3632507324219
2018-10-23,353.55999755859375,342.8299865722656,349.5,350.04998779296875,4389600.0,340.59344482421875
2018-10-24,364.6000061035156,351.69000244140625,361.5899963378906,354.6499938964844,8442600.0,345.06915283203125
2018-10-25,364.3900146484375,354.9700012207031,357.29998779296875,363.7699890136719,4003500.0,353.9427795410156
2018-10-26,363.29998779296875,354.1199951171875,360.70001220703125,359.2699890136719,4073000.0,349.5643615722656
2018-10-29,361.7099914550781,328.6300048828125,360.54998779296875,335.5899963378906,7462000.0,326.5240783691406
2018-10-30,351.04998779296875,329.7699890136719,330.3500061035156,349.9100036621094,5774000.0,340.45721435546875
2018-10-31,363.4100036621094,352.510009765625,352.510009765625,354.8599853515625,4175600.0,345.2734680175781
2018-11-01,364.57000732421875,353.20001220703125,357.4700012207031,363.07000732421875,3760700.0,353.2616882324219
2018-11-02,371.5400085449219,356.760009765625,366.9700012207031,357.75,4029800.0,348.0854187011719
2018-11-05,363.2900085449219,356.4800109863281,359.760009765625,361.9800109863281,2253900.0,352.201171875
2018-11-06,368.44000244140625,362.1099853515625,362.4100036621094,366.4700012207031,2471900.0,356.5698547363281
2018-11-07,372.8500061035156,359.5,367.6400146484375,372.0199890136719,4015300.0,361.96990966796875
2018-11-08,373.70001220703125,365.54998779296875,369.3299865722656,370.7699890136719,2751800.0,362.4195861816406
2018-11-09,371.0,366.1199951171875,367.8299865722656,369.3399963378906,2590300.0,361.0217590332031
2018-11-12,370.4800109863281,355.989990234375,370.2099914550781,357.0299987792969,3088700.0,348.9890441894531
2018-11-13,355.3800048828125,342.0400085449219,349.54998779296875,349.510009765625,4960000.0,341.6383972167969
2018-11-14,355.8500061035156,343.8900146484375,352.0899963378906,344.7200012207031,3445800.0,336.9562683105469
2018-11-15,347.9800109863281,336.510009765625,341.1199951171875,341.57000732421875,4863000.0,333.877197265625
2018-11-16,340.19000244140625,331.1600036621094,339.0,335.95001220703125,4425200.0,328.3837890625
2018-11-19,336.0400085449219,317.20001220703125,335.54998779296875,320.94000244140625,6782800.0,313.7118225097656
2018-11-20,322.17999267578125,296.6099853515625,302.1000061035156,317.70001220703125,6875900.0,310.5447998046875
2018-11-21,326.8900146484375,315.57000732421875,325.07000732421875,317.32000732421875,4401000.0,310.17333984375
2018-11-23,317.0,311.8699951171875,315.0,312.32000732421875,1599400.0,305.2859802246094
2018-11-26,318.5899963378906,310.6600036621094,315.55999755859375,316.3599853515625,3362300.0,309.2349548339844
2018-11-27,318.55999755859375,310.9599914550781,315.2799987792969,318.0299987792969,2946400.0,310.86737060546875
2018-11-28,334.010009765625,321.7300109863281,325.7200012207031,333.5,6117600.0,325.98895263671875
2018-11-29,343.2300109863281,334.05999755859375,335.9700012207031,342.55999755859375,5331900.0,334.84490966796875
2018-11-30,347.5799865722656,337.5,341.94000244140625,346.760009765625,5374000.0,338.9502868652344
2018-12-03,369.0,356.3699951171875,364.30999755859375,359.9599914550781,6573400.0,351.85302734375
2018-12-04,358.32000732421875,341.739990234375,357.0,342.5,5199100.0,334.7862548828125
2018-12-06,333.6300048828125,317.29998779296875,329.989990234375,331.8999938964844,9297400.0,324.42498779296875
2018-12-07,337.6099853515625,321.3900146484375,332.3500061035156,323.2200012207031,4526300.0,315.94049072265625
2018-12-10,327.20001220703125,315.510009765625,321.2699890136719,326.3500061035156,4400500.0,319.0
2018-12-11,334.489990234375,318.75,333.25,322.0299987792969,3566400.0,314.77728271484375
2018-12-12,331.8999938964844,324.6600036621094,327.3800048828125,326.69000244140625,3424800.0,319.33233642578125
2018-12-13,328.739990234375,324.1700134277344,328.3999938964844,325.4700012207031,2247700.0,318.13983154296875
2018-12-14,323.9100036621094,315.55999755859375,322.45001220703125,318.75,3298400.0,311.5711364746094
2018-12-17,327.2200012207031,314.44000244140625,316.9100036621094,316.1300048828125,4968400.0,309.0101623535156
2018-12-18,332.0899963378906,323.20001220703125,325.4599914550781,328.05999755859375,5881100.0,320.6714782714844
2018-12-19,333.4800109863281,316.1000061035156,329.3299865722656,319.54998779296875,4871500.0,312.3531494140625
2018-12-20,321.82000732421875,308.0,317.0,313.04998779296875,5368600.0,305.99951171875
2018-12-21,314.9700012207031,304.010009765625,309.0899963378906,304.54998779296875,7641700.0,297.6909484863281
2018-12-24,303.0,294.1600036621094,300.6499938964844,294.1600036621094,3435300.0,287.53497314453125
2018-12-26,314.0899963378906,292.4700012207031,298.6099853515625,313.92999267578125,4843400.0,306.8597106933594
2018-12-27,317.1400146484375,302.239990234375,309.0400085449219,317.1400146484375,4341100.0,309.9974060058594
2018-12-28,321.5299987792969,315.1499938964844,319.739990234375,316.3800048828125,3725200.0,309.2545471191406
2018-12-31,323.6400146484375,318.75,320.5,322.5,3557700.0,315.2367248535156
2019-01-02,323.95001220703125,313.7099914550781,316.19000244140625,323.80999755859375,3292200.0,316.5172119140625
2019-01-03,319.739990234375,309.3999938964844,319.489990234375,310.8999938964844,5705600.0,303.8979187011719
2019-01-04,328.44000244140625,316.0799865722656,316.69000244140625,327.0799865722656,4448800.0,319.7135314941406
2019-01-07,330.69000244140625,323.3500061035156,330.5199890136719,328.1099853515625,4030300.0,320.7203063964844
2019-01-08,341.25,332.6499938964844,334.1099853515625,340.5299987792969,4736500.0,332.86065673828125
2019-01-09,347.20001220703125,340.8699951171875,342.9599914550781,343.8299865722656,4213900.0,336.0862731933594
2019-01-10,353.4700012207031,343.0,346.510009765625,352.6099853515625,5358100.0,344.6685485839844
2019-01-11,354.3599853515625,348.0899963378906,348.55999755859375,352.8999938964844,3158900.0,344.9520263671875
2019-01-14,352.80999755859375,347.010009765625,348.20001220703125,350.3599853515625,2476400.0,342.46923828125
2019-01-15,353.32000732421875,347.9800109863281,352.0,352.239990234375,2940900.0,344.3068542480469
2019-01-16,355.0,351.55999755859375,352.5,352.05999755859375,2731100.0,344.1309509277344
2019-01-17,363.8299865722656,350.7300109863281,350.75,359.0899963378906,4270400.0,351.0025939941406
2019-01-18,367.32000732421875,361.32000732421875,363.8800048828125,364.7300109863281,4256500.0,356.5155944824219
2019-01-22,364.20001220703125,354.2300109863281,362.8599853515625,357.8999938964844,4336500.0,349.83941650390625
2019-01-23,362.20001220703125,353.6700134277344,361.9100036621094,358.6099853515625,2924900.0,350.53338623046875
2019-01-24,363.17999267578125,356.8999938964844,358.9100036621094,358.2699890136719,2801300.0,350.2010803222656
2019-01-25,366.94000244140625,360.3299865722656,362.489990234375,364.20001220703125,3185600.0,355.99755859375
2019-01-28,363.1700134277344,357.5,360.6499938964844,362.9700012207031,3128900.0,354.79522705078125
2019-01-29,367.7799987792969,362.4100036621094,363.07000732421875,364.9100036621094,3202700.0,356.69158935546875
2019-01-30,391.9700012207031,380.5,387.3999938964844,387.7200012207031,12705300.0,378.98779296875
2019-01-31,388.989990234375,382.0799865722656,387.1600036621094,385.6199951171875,6878500.0,376.93511962890625
2019-02-01,392.79998779296875,384.7300109863281,386.1099853515625,387.42999267578125,5625700.0,378.704345703125
2019-02-04,397.07000732421875,388.1199951171875,388.9700012207031,397.0,4256600.0,388.058837890625
2019-02-05,410.75,399.54998779296875,400.75,410.17999267578125,7230400.0,400.94195556640625
2019-02-06,413.8800048828125,405.6600036621094,411.510009765625,411.1099853515625,5356000.0,401.8509826660156
2019-02-07,410.3500061035156,402.2900085449219,407.92999267578125,405.1700134277344,5211400.0,398.0344543457031
2019-02-08,404.9599914550781,397.79998779296875,400.0,404.9100036621094,4570900.0,397.779052734375
2019-02-11,409.8299865722656,402.69000244140625,408.1000061035156,403.95001220703125,3046900.0,396.8359680175781
2019-02-12,411.2099914550781,405.3999938964844,407.0,410.7200012207031,3263300.0,403.4867248535156
2019-02-13,412.7200012207031,407.6700134277344,412.5199890136719,410.5799865722656,3078700.0,403.3491516113281
2019-02-14,412.2200012207031,407.79998779296875,408.92999267578125,409.82000732421875,2724300.0,402.6025695800781
2019-02-15,418.04998779296875,411.42999267578125,412.4800109863281,417.9700012207031,4017300.0,410.6090393066406
2019-02-19,417.94000244140625,414.5400085449219,415.5,416.260009765625,3051500.0,408.9291687011719
2019-02-20,421.8399963378906,417.1099853515625,417.1400146484375,421.54998779296875,3990100.0,414.1259765625
2019-02-21,422.4100036621094,415.67999267578125,421.5799865722656,417.5799865722656,2880500.0,410.22589111328125
2019-02-22,424.4700012207031,419.1400146484375,419.70001220703125,424.04998779296875,3132300.0,416.5819396972656
2019-02-25,429.9200134277344,426.5199890136719,427.489990234375,426.8699951171875,3276100.0,419.352294921875
2019-02-26,429.0,424.25,426.0,426.7699890136719,2503700.0,419.2540283203125
2019-02-27,436.3299865722656,427.1499938964844,427.1700134277344,435.44000244140625,4603800.0,427.7713928222656
2019-02-28,441.4200134277344,437.0799865722656,438.70001220703125,439.9599914550781,5063100.0,432.2117614746094
2019-03-01,446.010009765625,440.19000244140625,446.010009765625,440.6199951171875,5124200.0,432.8601379394531
2019-03-04,444.5,426.6300048828125,443.2200012207031,432.69000244140625,5971000.0,425.06976318359375
2019-03-05,433.8500061035156,428.6400146484375,431.0400085449219,430.1199951171875,2844300.0,422.5450744628906
2019-03-06,432.0,422.0799865722656,429.70001220703125,424.4599914550781,4159400.0,416.9847412109375
2019-03-07,434.3500061035156,416.44000244140625,423.3599853515625,422.55999755859375,4893600.0,415.1181945800781
2019-03-08,423.42999267578125,415.5,416.7699890136719,422.5400085449219,3794900.0,415.09857177734375
2019-03-11,402.6700134277344,365.54998779296875,371.2699890136719,400.010009765625,34742200.0,392.96533203125
2019-03-12,390.0,368.0,384.7099914550781,375.4100036621094,36922600.0,368.7985534667969
2019-03-13,381.7699890136719,363.3299865722656,378.42999267578125,377.1400146484375,32662300.0,370.49810791015625
2019-03-14,380.3900146484375,372.1000061035156,374.989990234375,373.29998779296875,13514100.0,366.7257385253906
2019-03-15,385.7099914550781,366.45001220703125,370.8800048828125,378.989990234375,26697700.0,372.3155212402344
2019-03-18,373.07000732421875,367.20001220703125,370.0,372.2799987792969,13119200.0,365.72369384765625
2019-03-19,378.7699890136719,371.010009765625,371.1400146484375,373.42999267578125,9856100.0,366.8534240722656
2019-03-20,380.79998779296875,373.67999267578125,374.70001220703125,376.1600036621094,8737600.0,369.5353698730469
2019-03-21,377.0,372.2300109863281,374.0400085449219,372.70001220703125,6951000.0,366.1363220214844
2019-03-22,369.8599853515625,361.5299987792969,368.7900085449219,362.1700134277344,10143900.0,355.791748046875
2019-03-25,371.2099914550781,362.8900146484375,365.0,370.4599914550781,7939600.0,363.9356994628906
2019-03-26,375.6000061035156,367.6000061035156,375.5799865722656,370.3800048828125,6479700.0,363.857177734375
2019-03-27,376.6600036621094,365.54998779296875,371.8900146484375,374.2099914550781,9600000.0,367.6197204589844
2019-03-28,376.6600036621094,372.3299865722656,376.6000061035156,374.44000244140625,4921300.0,367.84564208984375
2019-03-29,382.17999267578125,374.739990234375,376.5199890136719,381.4200134277344,7694700.0,374.7027282714844
2019-04-01,392.8999938964844,383.1000061035156,385.79998779296875,391.5400085449219,7735700.0,384.64453125
2019-04-02,394.8299865722656,388.5,388.5,390.75,6401000.0,383.868408203125
2019-04-03,391.5400085449219,384.07000732421875,389.67999267578125,384.739990234375,7350300.0,377.9642333984375
2019-04-04,397.05999755859375,385.1000061035156,385.989990234375,395.8599853515625,9388100.0,388.8883972167969
2019-04-05,398.6600036621094,390.95001220703125,398.07000732421875,391.92999267578125,6857200.0,385.02764892578125
2019-04-08,379.79998779296875,371.8599853515625,376.20001220703125,374.5199890136719,14482600.0,367.9242248535156
2019-04-09,372.239990234375,367.75,370.2900085449219,369.0400085449219,7980100.0,362.5407409667969
2019-04-10,368.7900085449219,362.9200134277344,368.3999938964844,364.94000244140625,8285000.0,358.5129699707031
2019-04-11,371.0799865722656,364.2099914550781,364.6199951171875,370.1600036621094,6598400.0,363.6410217285156
2019-04-12,379.95001220703125,372.0,375.75,379.6400146484375,7334600.0,372.9541015625
2019-04-15,377.8999938964844,373.67999267578125,376.70001220703125,375.4599914550781,3822100.0,368.8476867675781
2019-04-16,384.6400146484375,375.0299987792969,376.510009765625,381.7200012207031,7083800.0,374.9974670410156
2019-04-17,384.19000244140625,377.4800109863281,384.1000061035156,377.5199890136719,4424400.0,370.87139892578125
2019-04-18,382.1700134277344,377.5199890136719,377.5199890136719,380.07000732421875,4703100.0,373.3764953613281
2019-04-22,378.95001220703125,374.8999938964844,375.69000244140625,375.1700134277344,4147700.0,368.56280517578125
2019-04-23,376.8699951171875,372.6099853515625,375.5400085449219,374.0199890136719,4894500.0,367.43304443359375
2019-04-24,381.1499938964844,373.6600036621094,377.8900146484375,375.4599914550781,9855100.0,368.8476867675781
2019-04-25,384.79998779296875,372.760009765625,376.010009765625,382.79998779296875,6615000.0,376.0583801269531
2019-04-26,384.0,378.1400146484375,383.8900146484375,380.7900085449219,4259600.0,374.0838317871094
2019-04-29,385.29998779296875,376.760009765625,378.489990234375,379.04998779296875,5457300.0,372.37445068359375
2019-04-30,381.1400146484375,375.04998779296875,379.5,377.69000244140625,3732800.0,371.0384216308594
2019-05-01,381.20001220703125,376.3800048828125,378.5299987792969,376.79998779296875,2765600.0,370.1640930175781
2019-05-02,377.6499938964844,373.25,375.5,375.79998779296875,2438800.0,369.18170166015625
2019-05-03,377.8999938964844,374.2200012207031,376.0799865722656,376.4599914550781,2953800.0,369.830078125
2019-05-06,372.4800109863281,365.6300048828125,367.8800048828125,371.6000061035156,4747600.0,365.0556640625
2019-05-07,367.7099914550781,355.0199890136719,366.3299865722656,357.2300109863281,9740300.0,350.9387512207031
2019-05-08,361.5199890136719,353.3299865722656,357.7699890136719,359.75,6030000.0,353.41436767578125
2019-05-09,355.6499938964844,347.4700012207031,354.760009765625,354.1300048828125,6075200.0,349.89202880859375
2019-05-10,355.5400085449219,347.54998779296875,351.8699951171875,354.6700134277344,4574100.0,350.425537109375
2019-05-13,346.6300048828125,337.0,344.510009765625,337.3699951171875,7757800.0,333.33258056640625
2019-05-14,346.1000061035156,337.2300109863281,339.8999938964844,343.0400085449219,4747800.0,338.93475341796875
2019-05-15,348.79998779296875,337.6400146484375,339.79998779296875,345.6400146484375,4810000.0,341.5036315917969
2019-05-16,356.5,345.82000732421875,348.6400146484375,353.80999755859375,6036500.0,349.5758361816406
2019-05-17,359.989990234375,351.1600036621094,351.5,355.0199890136719,5282900.0,350.7713623046875
2019-05-20,355.94000244140625,350.5299987792969,353.0,352.7900085449219,3219900.0,348.56805419921875
2019-05-21,360.7699890136719,354.8800048828125,358.0299987792969,358.75,4022600.0,354.45672607421875
2019-05-22,357.57000732421875,351.75,357.2200012207031,352.7799987792969,3841400.0,348.55816650390625
2019-05-23,351.4700012207031,341.1499938964844,345.9200134277344,350.54998779296875,5305400.0,346.3548583984375
2019-05-24,361.3999938964844,353.0,355.0,354.8999938964844,5387500.0,350.6528015136719
2019-05-28,359.30999755859375,354.8800048828125,355.2900085449219,354.8800048828125,3504300.0,350.633056640625
2019-05-29,352.7900085449219,346.04998779296875,352.5899963378906,348.79998779296875,4160500.0,344.6257629394531
2019-05-30,351.9200134277344,347.94000244140625,350.0,349.8699951171875,2183900.0,345.6829833984375
2019-05-31,345.8500061035156,341.3599853515625,345.8500061035156,341.6099853515625,3217600.0,337.5218200683594
2019-06-03,339.1099853515625,330.6700134277344,338.20001220703125,338.8900146484375,5148000.0,334.83441162109375
2019-06-04,346.4100036621094,340.1199951171875,342.57000732421875,344.6199951171875,3592300.0,340.4958190917969
2019-06-05,353.25,332.489990234375,346.2200012207031,348.75,3188400.0,344.5763854980469
2019-06-06,351.6400146484375,345.5799865722656,348.17999267578125,350.6400146484375,2582300.0,346.4438171386719
2019-06-07,355.2799987792969,352.29998779296875,352.29998779296875,353.70001220703125,2470700.0,349.4671630859375
2019-06-10,357.3999938964844,353.54998779296875,356.0,353.79998779296875,2560800.0,349.5659484863281
2019-06-11,355.4700012207031,348.1300048828125,355.4200134277344,349.3299865722656,2702700.0,345.1494445800781
2019-06-12,349.2699890136719,342.79998779296875,349.0,347.0299987792969,2737000.0,342.8769836425781
2019-06-13,349.05999755859375,344.1000061035156,347.25,348.8599853515625,2621300.0,344.68505859375
2019-06-14,349.1700134277344,345.8900146484375,348.0,347.1600036621094,2258400.0,343.00543212890625
2019-06-17,356.04998779296875,347.04998779296875,348.6199951171875,354.8999938964844,3746400.0,350.6528015136719
2019-06-18,374.6499938964844,357.6000061035156,357.6099853515625,373.9599914550781,9199200.0,369.48468017578125
2019-06-19,379.30999755859375,368.3500061035156,375.3999938964844,368.55999755859375,5716000.0,364.1493225097656
2019-06-20,375.7900085449219,368.9599914550781,373.0,374.8800048828125,3794500.0,370.3936767578125
2019-06-21,376.1099853515625,371.7200012207031,374.3900146484375,371.8399963378906,4923700.0,367.39007568359375
2019-06-24,375.489990234375,372.1000061035156,372.95001220703125,373.989990234375,2323200.0,369.5143127441406
2019-06-25,375.25,368.0299987792969,374.75,369.32000732421875,3005400.0,364.9002380371094
2019-06-26,378.9800109863281,370.0,371.0199890136719,374.94000244140625,4542000.0,370.4529724121094
2019-06-27,369.92999267578125,362.3500061035156,367.5400085449219,364.0199890136719,8980000.0,359.66363525390625
2019-06-28,366.2300109863281,361.57000732421875,363.9200134277344,364.010009765625,4737100.0,359.6537780761719
2019-07-01,365.2300109863281,353.32000732421875,364.8800048828125,356.4599914550781,6409600.0,352.1941223144531
2019-07-02,356.7799987792969,352.69000244140625,355.6300048828125,354.1600036621094,3774700.0,349.921630859375
2019-07-03,354.8500061035156,352.260009765625,354.5,354.4700012207031,2164900.0,350.2279357910156
2019-07-05,357.25,351.42999267578125,354.0,355.8599853515625,3208200.0,351.6012878417969
2019-07-08,352.9599914550781,349.3999938964844,350.4100036621094,351.1199951171875,3262300.0,346.91802978515625
2019-07-09,353.8500061035156,347.8999938964844,349.04998779296875,353.0899963378906,4828200.0,348.8644714355469
2019-07-10,356.5199890136719,351.25,354.489990234375,352.29998779296875,2946700.0,348.0838928222656
2019-07-11,359.260009765625,350.70001220703125,352.6199951171875,359.0,5059200.0,354.7037353515625
2019-07-12,365.45001220703125,358.1400146484375,360.0,365.3299865722656,3592800.0,360.9579772949219
2019-07-15,362.8500061035156,359.0199890136719,360.5,361.6099853515625,4814600.0,357.282470703125
2019-07-16,365.3500061035156,361.20001220703125,361.260009765625,362.75,2960400.0,358.4088439941406
2019-07-17,369.75,362.0,362.75,369.5199890136719,4010000.0,365.0978088378906
2019-07-18,368.45001220703125,359.75,367.6000061035156,361.1099853515625,4615200.0,356.7884521484375
2019-07-19,378.3999938964844,368.5,370.6700134277344,377.3599853515625,9504000.0,372.843994140625
2019-07-22,382.4800109863281,371.8900146484375,376.94000244140625,373.4200134277344,4265100.0,368.951171875
2019-07-23,376.42999267578125,370.67999267578125,374.2699890136719,373.07000732421875,3354900.0,368.6053466796875
2019-07-24,371.3599853515625,360.0299987792969,370.2799987792969,361.42999267578125,7447900.0,357.1046447753906
2019-07-25,357.69000244140625,345.7099914550781,356.17999267578125,348.0899963378906,9663700.0,343.9242858886719
2019-07-26,348.42999267578125,342.0,346.20001220703125,345.0,4441100.0,340.87127685546875
2019-07-29,346.0799865722656,339.1099853515625,344.989990234375,340.2099914550781,4116600.0,336.13861083984375
2019-07-30,347.489990234375,336.55999755859375,339.8399963378906,347.4599914550781,4528000.0,343.30181884765625
2019-07-31,351.2900085449219,341.04998779296875,348.489990234375,341.17999267578125,5219700.0,337.09698486328125
2019-08-01,344.2900085449219,333.0,341.9100036621094,334.2900085449219,6465300.0,330.2894592285156
2019-08-02,340.5400085449219,332.32000732421875,334.55999755859375,339.55999755859375,4620400.0,335.4963684082031
2019-08-05,333.3699951171875,326.9599914550781,332.4599914550781,331.05999755859375,5876100.0,327.09808349609375
2019-08-06,335.70001220703125,329.1400146484375,333.989990234375,332.45001220703125,3653300.0,328.4714660644531
2019-08-07,333.6499938964844,324.57000732421875,328.6000061035156,331.3800048828125,4187600.0,327.4142761230469
2019-08-08,336.42999267578125,328.8599853515625,331.29998779296875,336.3500061035156,3673000.0,334.39849853515625
2019-08-09,339.0799865722656,333.1700134277344,334.05999755859375,337.54998779296875,3102900.0,335.5915222167969
2019-08-12,336.010009765625,331.3699951171875,333.67999267578125,332.94000244140625,2542500.0,331.00830078125
2019-08-13,337.3999938964844,330.5,331.82000732421875,332.8599853515625,3689700.0,330.9287414550781
2019-08-14,329.5400085449219,320.4100036621094,328.3500061035156,320.4200134277344,5110400.0,318.5609436035156
2019-08-15,328.07000732421875,319.54998779296875,323.0,328.0,4721800.0,326.0969543457031
2019-08-16,331.1600036621094,326.4800109863281,330.2200012207031,330.45001220703125,3866600.0,328.5327453613281
2019-08-19,335.9100036621094,331.3999938964844,334.17999267578125,333.7799987792969,2335600.0,331.8434143066406
2019-08-20,333.5,328.8800048828125,332.4700012207031,331.75,2039000.0,329.8251953125
2019-08-21,342.5799865722656,333.2099914550781,335.4800109863281,339.989990234375,3265600.0,338.0173645019531
2019-08-22,356.44000244140625,341.010009765625,342.42999267578125,354.4100036621094,8320900.0,352.3537292480469
2019-08-23,369.69000244140625,354.3500061035156,355.3500061035156,356.010009765625,11518700.0,353.9444580078125
2019-08-26,367.3399963378906,356.8900146484375,365.0400085449219,359.0400085449219,4661100.0,356.9568786621094
2019-08-27,361.30999755859375,353.6199951171875,359.4200134277344,354.7300109863281,3740300.0,352.671875
2019-08-28,360.19000244140625,351.17999267578125,353.30999755859375,359.9700012207031,2402000.0,357.8814697265625
2019-08-29,366.0400085449219,360.1700134277344,363.8500061035156,362.739990234375,2717500.0,360.6353759765625
2019-08-30,366.3699951171875,362.3999938964844,364.3699951171875,364.0899963378906,3147000.0,361.9775695800781
2019-09-03,355.32000732421875,350.6099853515625,354.1099853515625,354.4200134277344,4272200.0,352.3636779785156
2019-09-04,358.0299987792969,354.42999267578125,357.67999267578125,356.5299987792969,2737100.0,354.46142578125
2019-09-05,364.7099914550781,359.1300048828125,360.1400146484375,360.29998779296875,3643300.0,358.20953369140625
2019-09-06,364.9100036621094,359.1199951171875,361.6099853515625,363.0,3022600.0,360.8938903808594
2019-09-09,360.92999267578125,354.7300109863281,357.9800109863281,358.7799987792969,4183300.0,356.6983642578125
2019-09-10,369.489990234375,358.54998779296875,359.0,369.489990234375,4547200.0,367.3462219238281
2019-09-11,383.5,368.0,368.739990234375,382.94000244140625,8437000.0,380.71820068359375
2019-09-12,384.0,374.30999755859375,383.7099914550781,375.6300048828125,4495300.0,373.45062255859375
2019-09-13,381.75,377.04998779296875,377.3900146484375,379.760009765625,3628900.0,377.556640625
2019-09-16,381.6300048828125,375.0,378.1400146484375,378.8500061035156,3055500.0,376.65191650390625
2019-09-17,385.30999755859375,377.79998779296875,378.4100036621094,384.20001220703125,3269500.0,381.97088623046875
2019-09-18,386.739990234375,379.79998779296875,383.25,386.4100036621094,4186400.0,384.1680603027344
2019-09-19,388.5199890136719,382.8999938964844,386.1400146484375,384.44000244140625,2928800.0,382.2095031738281
2019-09-20,384.7300109863281,377.9200134277344,384.1099853515625,379.3900146484375,6643000.0,377.1888122558594
2019-09-23,380.1000061035156,374.4200134277344,376.6099853515625,377.0299987792969,2674900.0,374.84246826171875
2019-09-24,381.8900146484375,375.30999755859375,379.5400085449219,381.6499938964844,3533300.0,379.4356689453125
2019-09-25,391.0,383.1000061035156,384.9100036621094,386.20001220703125,4705500.0,383.95928955078125
2019-09-26,388.2300109863281,383.3299865722656,387.1000061035156,386.8900146484375,2520400.0,384.6452941894531
2019-09-27,389.69000244140625,381.30999755859375,388.19000244140625,382.8599853515625,2730800.0,380.6386413574219
2019-09-30,383.7699890136719,376.69000244140625,383.0,380.4700012207031,3183300.0,378.26251220703125
2019-10-01,382.8500061035156,374.6300048828125,381.70001220703125,374.94000244140625,2943800.0,372.7646179199219
2019-10-02,372.989990234375,363.7699890136719,371.8500061035156,367.3599853515625,3698300.0,365.22857666015625
2019-10-03,372.25,363.2300109863281,366.2099914550781,372.07000732421875,2623900.0,369.9112548828125
2019-10-04,376.1300048828125,371.7200012207031,372.25,375.70001220703125,2008400.0,373.52020263671875
2019-10-07,378.1499938964844,373.05999755859375,374.05999755859375,376.5400085449219,1931800.0,374.3553466796875
2019-10-08,377.3399963378906,368.6400146484375,371.04998779296875,374.1000061035156,4030200.0,371.9294738769531
2019-10-09,377.8599853515625,373.5,376.0,374.9599914550781,2774100.0,372.78448486328125
2019-10-10,374.5400085449219,370.3299865722656,373.70001220703125,371.0,2723700.0,368.84747314453125
2019-10-11,376.94000244140625,370.0799865722656,373.0,374.9200134277344,3935400.0,372.7447509765625
2019-10-14,378.70001220703125,372.67999267578125,374.25,373.17999267578125,2124500.0,371.0148010253906
2019-10-15,373.5299987792969,370.5299987792969,372.5799865722656,370.9599914550781,2836600.0,368.80767822265625
2019-10-16,377.4200134277344,369.239990234375,370.2200012207031,372.42999267578125,3657100.0,370.2691650390625
2019-10-17,373.79998779296875,369.05999755859375,372.4200134277344,369.05999755859375,2397100.0,366.9187316894531
2019-10-18,369.3500061035156,344.0,369.0,344.0,13544300.0,342.0041198730469
2019-10-21,334.239990234375,324.3999938964844,332.8900146484375,331.05999755859375,15493100.0,329.1391906738281
2019-10-22,341.4800109863281,334.4599914550781,336.07000732421875,337.0,7949700.0,335.04473876953125
2019-10-23,350.79998779296875,336.5,345.0,340.5,10960800.0,338.5244140625
2019-10-24,345.739990234375,337.7699890136719,341.70001220703125,344.54998779296875,5382700.0,342.5509033203125
2019-10-25,343.3699951171875,338.8999938964844,342.9200134277344,339.8299865722656,4058000.0,337.8583068847656
2019-10-28,344.9800109863281,339.489990234375,341.5,340.8800048828125,3234500.0,338.9022216796875
2019-10-29,349.7200012207031,339.2200012207031,340.19000244140625,348.92999267578125,6113600.0,346.905517578125
2019-10-30,350.0,343.2699890136719,346.6300048828125,346.05999755859375,3997600.0,344.0521545410156
2019-10-31,346.05999755859375,339.45001220703125,344.70001220703125,339.9100036621094,3868400.0,337.9378662109375
2019-11-01,345.19000244140625,339.5,340.5899963378906,345.19000244140625,3538200.0,343.1872253417969
2019-11-04,351.45001220703125,346.04998779296875,346.4599914550781,351.0899963378906,3703000.0,349.052978515625
2019-11-05,361.6099853515625,353.19000244140625,355.2300109863281,358.2900085449219,5468900.0,356.2112121582031
2019-11-06,359.3999938964844,353.1300048828125,358.8599853515625,354.19000244140625,3815700.0,352.135009765625
2019-11-07,359.3999938964844,355.04998779296875,356.1199951171875,357.30999755859375,2834500.0,357.30999755859375
2019-11-08,357.0,350.54998779296875,356.3999938964844,351.0,3218200.0,351.0
2019-11-11,369.75,345.55999755859375,349.0400085449219,366.9599914550781,11483400.0,366.9599914550781
2019-11-12,367.1099853515625,360.010009765625,366.489990234375,362.8800048828125,5769700.0,362.8800048828125
2019-11-13,366.6199951171875,361.1199951171875,361.8699951171875,362.5,3453700.0,362.5
2019-11-14,368.4800109863281,361.4800109863281,363.1000061035156,367.44000244140625,5339600.0,367.44000244140625
2019-11-15,373.4800109863281,369.29998779296875,370.0,371.67999267578125,5493100.0,371.67999267578125
2019-11-18,375.6000061035156,367.8999938964844,371.6700134277344,369.4599914550781,3823800.0,369.4599914550781
2019-11-19,374.8299865722656,361.6099853515625,373.510009765625,367.0,6670200.0,367.0
2019-11-20,370.989990234375,365.75,366.0,370.9100036621094,3774800.0,370.9100036621094
2019-11-21,370.760009765625,366.260009765625,369.75,366.44000244140625,2703800.0,366.44000244140625
2019-11-22,373.54998779296875,366.6099853515625,368.2699890136719,371.3399963378906,3915700.0,371.3399963378906
2019-11-25,374.29998779296875,369.20001220703125,372.5199890136719,373.1300048828125,3324400.0,373.1300048828125
2019-11-26,374.7699890136719,371.3599853515625,373.6600036621094,373.510009765625,2859000.0,373.510009765625
2019-11-27,371.8299865722656,366.79998779296875,369.9599914550781,368.0,4145000.0,368.0
2019-11-29,368.29998779296875,366.17999267578125,367.5,366.17999267578125,1390900.0,366.17999267578125
2019-12-02,367.3800048828125,355.1600036621094,367.0799865722656,355.17999267578125,4794500.0,355.17999267578125
2019-12-03,355.55999755859375,347.6099853515625,352.0899963378906,352.0799865722656,4683500.0,352.0799865722656
2019-12-04,355.2900085449219,348.82000732421875,354.70001220703125,348.8399963378906,3014200.0,348.8399963378906
2019-12-05,350.4200134277344,345.5899963378906,350.2200012207031,345.67999267578125,4719600.0,345.67999267578125
2019-12-06,354.3999938964844,347.1099853515625,347.739990234375,354.0899963378906,2856100.0,354.0899963378906
2019-12-09,353.6000061035156,349.57000732421875,352.6700134277344,351.2099914550781,2844600.0,351.2099914550781
2019-12-10,351.3999938964844,347.45001220703125,350.1499938964844,347.8999938964844,2920900.0,347.8999938964844
2019-12-11,350.0299987792969,338.5,342.1000061035156,350.0,7369100.0,350.0
2019-12-12,351.07000732421875,341.0,348.25,346.2900085449219,5970000.0,346.2900085449219
2019-12-13,349.30999755859375,341.1000061035156,346.29998779296875,341.6700134277344,4526300.0,341.6700134277344
2019-12-16,336.2300109863281,326.42999267578125,328.5299987792969,327.0,16488200.0,327.0
2019-12-17,330.95001220703125,320.6099853515625,322.05999755859375,327.0,13526400.0,327.0
2019-12-18,335.25,328.1400146484375,328.7200012207031,330.67999267578125,7029300.0,330.67999267578125
2019-12-19,334.80999755859375,330.9800109863281,332.8999938964844,333.5,5492600.0,333.5
2019-12-20,335.5,328.0,334.6199951171875,328.0,9489400.0,328.0
2019-12-23,340.5899963378906,334.20001220703125,336.75,337.54998779296875,9534800.0,337.54998779296875
2019-12-24,339.75,332.6199951171875,339.510009765625,333.0,4120100.0,333.0
2019-12-26,333.3599853515625,329.29998779296875,332.70001220703125,329.9200134277344,4593400.0,329.9200134277344
2019-12-27,333.6499938964844,329.1700134277344,330.20001220703125,330.1400146484375,4124000.0,330.1400146484375
2019-12-30,330.6300048828125,325.7099914550781,330.5,326.3999938964844,4525500.0,326.3999938964844
2019-12-31,326.57000732421875,323.32000732421875,325.4100036621094,325.760009765625,4958800.0,325.760009765625
2020-01-02,333.3500061035156,327.70001220703125,328.54998779296875,333.32000732421875,4544400.0,333.32000732421875
2020-01-03,334.8900146484375,330.29998779296875,330.6300048828125,332.760009765625,3875900.0,332.760009765625
2020-01-06,334.8599853515625,327.8800048828125,329.29998779296875,333.739990234375,5355000.0,333.739990234375
2020-01-07,344.19000244140625,330.7099914550781,334.260009765625,337.2799987792969,9898600.0,337.2799987792969
2020-01-08,334.0299987792969,329.6000061035156,332.3999938964844,331.3699951171875,8239200.0,331.3699951171875
2020-01-09,341.7300109863281,332.04998779296875,334.95001220703125,336.3399963378906,8175600.0,336.3399963378906
2020-01-10,337.70001220703125,329.45001220703125,335.55999755859375,329.9200134277344,7161700.0,329.9200134277344
2020-01-13,334.1000061035156,330.0799865722656,332.3999938964844,330.2200012207031,5648500.0,330.2200012207031
2020-01-14,335.3500061035156,328.2799987792969,330.760009765625,332.3500061035156,6945300.0,332.3500061035156
2020-01-15,333.1099853515625,329.69000244140625,332.3500061035156,329.79998779296875,4578300.0,329.79998779296875
2020-01-16,332.8699951171875,329.30999755859375,331.04998779296875,332.0,4024100.0,332.0
2020-01-17,332.5,323.0,332.3900146484375,324.1499938964844,11061700.0,324.1499938964844
2020-01-21,326.6000061035156,305.75,322.6000061035156,313.3699951171875,19318000.0,313.3699951171875
2020-01-22,312.8399963378906,302.7200012207031,309.82000732421875,309.0,18792600.0,309.0
2020-01-23,318.1700134277344,307.70001220703125,308.5,317.7900085449219,9702100.0,317.7900085449219
2020-01-24,326.20001220703125,312.510009765625,322.0,323.04998779296875,17798200.0,323.04998779296875
2020-01-27,321.260009765625,314.5799865722656,316.2099914550781,316.6000061035156,7468100.0,316.6000061035156
2020-01-28,319.3599853515625,314.0,318.04998779296875,316.55999755859375,5502200.0,316.55999755859375
2020-01-29,327.17999267578125,319.1400146484375,324.3500061035156,322.0199890136719,12454700.0,322.0199890136719
2020-01-30,325.3500061035156,317.6400146484375,320.5,323.29998779296875,6022000.0,323.29998779296875
2020-01-31,321.92999267578125,316.989990234375,321.75,318.2699890136719,4996800.0,318.2699890136719
