Date,High,Low,Open,Close,Volume,Adj Close
2017-01-30,98.58999633789062,96.56999969482422,98.4000015258789,96.79000091552734,5221800.0,89.48519134521484
2017-01-31,96.62999725341797,94.58999633789062,96.58999633789062,95.66000366210938,5724700.0,88.44049072265625
2017-02-01,96.5199966430664,94.4000015258789,95.80999755859375,95.11000061035156,3582500.0,87.9319839477539
2017-02-02,95.12999725341797,93.5,94.7699966430664,93.7699966430664,3807500.0,86.69313049316406
2017-02-03,94.44999694824219,92.80999755859375,94.31999969482422,93.27999877929688,4677900.0,86.2401123046875
2017-02-06,93.12000274658203,92.43000030517578,92.80999755859375,92.87000274658203,4621300.0,85.8610610961914
2017-02-07,94.91999816894531,93.0199966430664,94.31999969482422,93.30999755859375,4995600.0,86.26783752441406
2017-02-08,93.0,92.11000061035156,93.0,92.91000366210938,4083500.0,85.89802551269531
2017-02-09,94.18000030517578,92.69000244140625,93.05999755859375,93.95999908447266,3994300.0,86.86878204345703
2017-02-10,96.62000274658203,94.5,94.87000274658203,96.30999755859375,5600200.0,89.04141235351562
2017-02-13,99.05000305175781,97.16000366210938,97.69000244140625,98.5,6995100.0,91.0661392211914
2017-02-14,98.73999786376953,97.26000213623047,98.29000091552734,98.08999633789062,4342600.0,90.68708801269531
2017-02-15,99.0199966430664,98.0,98.11000061035156,99.0199966430664,4326000.0,91.5468978881836
2017-02-16,99.06999969482422,97.80000305175781,99.05000305175781,98.26000213623047,3062400.0,90.84425354003906
2017-02-17,98.94999694824219,97.54000091552734,98.06999969482422,98.8499984741211,3631500.0,91.38973999023438
2017-02-21,99.19999694824219,97.91999816894531,98.87000274658203,98.0999984741211,3916600.0,90.69632720947266
2017-02-22,98.7300033569336,97.62000274658203,98.04000091552734,98.19999694824219,3031100.0,90.78878784179688
2017-02-23,98.5,95.12000274658203,98.44000244140625,95.55000305175781,6024800.0,88.33877563476562
2017-02-24,95.5,93.5,94.86000061035156,95.4800033569336,5018200.0,88.2740707397461
2017-02-27,97.5199966430664,95.12000274658203,95.4800033569336,97.44000244140625,5445000.0,90.08614349365234
2017-02-28,97.5999984741211,96.44000244140625,97.23999786376953,96.66000366210938,3951700.0,89.3650131225586
2017-03-01,98.97000122070312,97.43000030517578,98.19999694824219,98.58000183105469,5564900.0,91.14010620117188
2017-03-02,98.7300033569336,92.83999633789062,98.48999786376953,94.36000061035156,23059200.0,87.23858642578125
2017-03-03,95.9000015258789,94.20999908447266,94.36000061035156,95.12000274658203,8163300.0,87.94123840332031
2017-03-06,95.94000244140625,94.0999984741211,94.31999969482422,95.66000366210938,4706100.0,88.44049072265625
2017-03-07,96.2300033569336,94.76000213623047,95.6500015258789,95.93000030517578,4683100.0,88.69010925292969
2017-03-08,95.4800033569336,92.86000061035156,94.0999984741211,93.2300033569336,9370400.0,86.19388580322266
2017-03-09,93.22000122070312,90.41000366210938,92.44999694824219,91.38999938964844,9260900.0,84.49273681640625
2017-03-10,93.0999984741211,90.80999755859375,91.88999938964844,92.30999755859375,7169000.0,85.34331512451172
2017-03-13,93.52999877929688,92.26000213623047,93.33000183105469,92.63999938964844,4376100.0,85.64839935302734
2017-03-14,92.0,90.62000274658203,91.22000122070312,91.86000061035156,5781100.0,84.92728424072266
2017-03-15,93.79000091552734,92.05999755859375,92.37000274658203,93.36000061035156,6434600.0,86.31407165527344
2017-03-16,94.08999633789062,92.63999938964844,93.97000122070312,92.8499984741211,3717900.0,85.8425521850586
2017-03-17,93.31999969482422,92.6500015258789,92.98999786376953,92.91000366210938,7141400.0,85.89802551269531
2017-03-20,95.4800033569336,92.88999938964844,93.12999725341797,95.4000015258789,6516200.0,88.20010375976562
2017-03-21,95.38999938964844,92.08999633789062,95.37999725341797,92.43000030517578,7720200.0,85.45425415039062
2017-03-22,93.12999725341797,91.72000122070312,92.0,92.43000030517578,5035600.0,85.45425415039062
2017-03-23,93.0,91.95999908447266,92.44999694824219,92.2300033569336,2585700.0,85.26935577392578
2017-03-24,93.23999786376953,91.55999755859375,92.23999786376953,92.1500015258789,3634600.0,85.19538116455078
2017-03-27,91.97000122070312,90.33999633789062,90.9000015258789,91.51000213623047,3425700.0,84.60369110107422
2017-03-28,93.16000366210938,91.51000213623047,91.55999755859375,92.94999694824219,3866100.0,85.93500518798828
2017-03-29,93.25,92.4000015258789,92.76000213623047,92.86000061035156,2513700.0,85.85179901123047
2017-03-30,93.37000274658203,92.4000015258789,92.9800033569336,93.22000122070312,3672600.0,86.18462371826172
2017-03-31,93.23999786376953,92.0199966430664,92.62999725341797,92.76000213623047,4020600.0,85.75934600830078
2017-04-03,92.83999633789062,91.0,92.43000030517578,92.2699966430664,3685800.0,85.30632019042969
2017-04-04,94.77999877929688,93.05999755859375,93.88999938964844,94.12999725341797,5797500.0,87.02594757080078
2017-04-05,96.7300033569336,93.95999908447266,94.91999816894531,94.23999786376953,6061300.0,87.12763977050781
2017-04-06,96.41999816894531,94.26000213623047,94.41999816894531,95.81999969482422,5421600.0,88.5884017944336
2017-04-07,96.62000274658203,95.41999816894531,95.87000274658203,95.5199966430664,4463800.0,88.31105041503906
2017-04-10,97.88999938964844,96.0999984741211,96.30999755859375,97.13999938964844,5168300.0,89.80879211425781
2017-04-11,97.30999755859375,95.66999816894531,97.30000305175781,97.0999984741211,4250400.0,89.77179718017578
2017-04-12,96.7699966430664,94.66000366210938,96.69000244140625,94.86000061035156,4773900.0,87.70085144042969
2017-04-13,94.86000061035156,93.08999633789062,94.5999984741211,93.0999984741211,4706000.0,86.07367706298828
2017-04-17,94.3499984741211,93.48999786376953,93.69000244140625,94.13999938964844,3719100.0,87.03520965576172
2017-04-18,94.54000091552734,93.12000274658203,93.5,94.38999938964844,3310400.0,87.26632690429688
2017-04-19,95.97000122070312,93.29000091552734,94.86000061035156,93.47000122070312,5550400.0,86.41576385498047
2017-04-20,94.95999908447266,92.9800033569336,93.27999877929688,94.66000366210938,4852500.0,88.2428970336914
2017-04-21,95.25,93.80999755859375,95.19000244140625,94.31999969482422,4128700.0,87.92594909667969
2017-04-24,97.05999755859375,95.80000305175781,95.83999633789062,96.80999755859375,6739400.0,90.24713134765625
2017-04-25,104.88999938964844,102.0,102.87999725341797,104.41999816894531,18383500.0,97.34125518798828
2017-04-26,105.9800033569336,103.63999938964844,103.80000305175781,104.66000366210938,9856100.0,97.56498718261719
2017-04-27,104.23999786376953,102.55999755859375,104.05000305175781,102.68000030517578,6727400.0,95.71920776367188
2017-04-28,103.52999877929688,102.2300033569336,102.83000183105469,102.26000213623047,4016000.0,95.32768249511719
2017-05-01,102.98999786376953,101.41000366210938,102.6500015258789,102.0,4512100.0,95.08531188964844
2017-05-02,102.70999908447266,101.25,102.2699966430664,101.51000213623047,4516400.0,94.62852478027344
2017-05-03,102.16999816894531,100.77999877929688,101.04000091552734,101.54000091552734,4278400.0,94.65650177001953
2017-05-04,101.5,98.63999938964844,101.44000244140625,99.38999938964844,7271600.0,92.6522445678711
2017-05-05,99.98999786376953,99.0199966430664,99.5,99.63999938964844,4086800.0,92.88529205322266
2017-05-08,100.0999984741211,98.94000244140625,99.4800033569336,99.37000274658203,5094600.0,92.63359832763672
2017-05-09,100.20999908447266,99.25,99.72000122070312,99.29000091552734,9742000.0,92.55902099609375
2017-05-10,100.70999908447266,99.30000305175781,99.72000122070312,100.36000061035156,4696700.0,93.5564956665039
2017-05-11,101.91999816894531,100.1500015258789,101.9000015258789,100.98999786376953,5220300.0,94.14379119873047
2017-05-12,100.94999694824219,100.16999816894531,100.58999633789062,100.70999908447266,4112000.0,93.88276672363281
2017-05-15,102.55999755859375,101.41000366210938,101.58999633789062,102.41999816894531,3756100.0,95.47682189941406
2017-05-16,102.80000305175781,101.2699966430664,102.75,102.33999633789062,3115900.0,95.40225219726562
2017-05-17,102.33999633789062,99.88999938964844,102.33999633789062,100.13999938964844,4618500.0,93.35140228271484
2017-05-18,100.66999816894531,97.73999786376953,99.13999938964844,100.22000122070312,5931500.0,93.42597961425781
2017-05-19,102.86000061035156,101.2699966430664,101.56999969482422,102.43000030517578,4636500.0,95.48616027832031
2017-05-22,103.05000305175781,101.80999755859375,102.66999816894531,102.29000091552734,4376300.0,95.35564422607422
2017-05-23,103.75,102.05999755859375,102.30000305175781,103.62999725341797,3327200.0,96.60480499267578
2017-05-24,104.91000366210938,103.1500015258789,103.33000183105469,103.94999694824219,5170900.0,96.90310668945312
2017-05-25,105.94000244140625,104.23999786376953,104.44999694824219,105.0199966430664,5220000.0,97.90058135986328
2017-05-26,105.70999908447266,104.62000274658203,105.0,105.66000366210938,2894100.0,98.49720001220703
2017-05-30,105.86000061035156,105.01000213623047,105.26000213623047,105.47000122070312,3211700.0,98.32007598876953
2017-05-31,105.76000213623047,103.5999984741211,105.25,105.43000030517578,4131400.0,98.28278350830078
2017-06-01,106.43000030517578,105.16000366210938,105.7699966430664,105.6500015258789,4211300.0,98.48786926269531
2017-06-02,106.76000213623047,105.18000030517578,105.66999816894531,105.94999694824219,3702800.0,98.76752471923828
2017-06-05,107.16999816894531,105.13999938964844,105.58000183105469,105.19999694824219,4319500.0,98.06837463378906
2017-06-06,105.5199966430664,104.05999755859375,104.79000091552734,104.55000305175781,3800200.0,97.46244812011719
2017-06-07,104.69000244140625,102.44999694824219,104.30000305175781,103.51000213623047,5121700.0,96.4929428100586
2017-06-08,105.38999938964844,103.51000213623047,103.51000213623047,105.01000213623047,4649300.0,97.8912582397461
2017-06-09,107.0199966430664,105.02999877929688,105.08999633789062,105.91999816894531,3881000.0,98.73957061767578
2017-06-12,106.3499984741211,104.9000015258789,105.91999816894531,106.06999969482422,4167400.0,98.87940216064453
2017-06-13,106.66000366210938,105.51000213623047,106.18000030517578,105.75,3522700.0,98.58110046386719
2017-06-14,105.98999786376953,103.98999786376953,105.80000305175781,104.70999908447266,4100200.0,97.6115951538086
2017-06-15,106.63999938964844,103.80000305175781,103.80000305175781,106.4000015258789,5974100.0,99.18702697753906
2017-06-16,107.91000366210938,106.4000015258789,106.76000213623047,107.5999984741211,7350400.0,100.30565643310547
2017-06-19,108.04000091552734,106.66999816894531,107.94999694824219,107.48999786376953,4347600.0,100.20313262939453
2017-06-20,108.18000030517578,106.91999816894531,108.05999755859375,107.04000091552734,5314100.0,99.78365325927734
2017-06-21,106.76000213623047,103.1500015258789,106.62999725341797,103.47000122070312,6274100.0,96.4556655883789
2017-06-22,104.66000366210938,103.48999786376953,103.56999969482422,103.83999633789062,3652500.0,96.80056762695312
2017-06-23,104.2699966430664,102.30000305175781,102.5,104.11000061035156,12089800.0,97.0522689819336
2017-06-26,105.62999725341797,103.44000244140625,104.66000366210938,104.25,2857700.0,97.18278503417969
2017-06-27,105.2300033569336,103.69000244140625,104.5,103.93000030517578,3380700.0,96.88446807861328
2017-06-28,106.62999725341797,104.76000213623047,104.8499984741211,106.44999694824219,4118300.0,99.23363494873047
2017-06-29,106.97000122070312,104.80999755859375,106.44999694824219,105.63999938964844,3550000.0,98.47854614257812
2017-06-30,108.04000091552734,105.83000183105469,106.0999984741211,107.45999908447266,4702100.0,100.17516326904297
2017-07-03,107.83999633789062,106.4800033569336,106.51000213623047,106.97000122070312,2404900.0,99.71839141845703
2017-07-05,107.87999725341797,106.6500015258789,107.0,107.48999786376953,3483600.0,100.20313262939453
2017-07-06,107.88999938964844,106.30000305175781,107.2300033569336,106.51000213623047,2921700.0,99.2895736694336
2017-07-07,107.58000183105469,105.8499984741211,106.61000061035156,106.91999816894531,2767900.0,99.67176818847656
2017-07-10,108.48999786376953,106.23999786376953,106.7300033569336,107.83999633789062,2951500.0,100.52941131591797
2017-07-11,108.47000122070312,107.05000305175781,107.91000366210938,108.23999786376953,2559900.0,100.90228271484375
2017-07-12,110.0,108.83999633789062,108.91999816894531,108.95999908447266,3611600.0,101.573486328125
2017-07-13,109.25,107.97000122070312,108.88999938964844,108.47000122070312,3051100.0,101.11670684814453
2017-07-14,109.36000061035156,108.05000305175781,108.55000305175781,108.7699966430664,4480200.0,101.39636993408203
2017-07-17,109.37999725341797,107.9800033569336,108.0,108.83999633789062,2969500.0,101.46161651611328
2017-07-18,108.22000122070312,106.56999969482422,108.22000122070312,107.06999969482422,3984400.0,100.53206634521484
2017-07-19,108.0,107.13999938964844,107.30000305175781,107.8499984741211,2857900.0,101.26444244384766
2017-07-20,108.1500015258789,107.05999755859375,107.87999725341797,107.31999969482422,3759700.0,100.76680755615234
2017-07-21,106.94999694824219,105.11000061035156,106.70999908447266,106.58999633789062,4258100.0,100.08137512207031
2017-07-24,108.5,107.29000091552734,107.86000061035156,108.18000030517578,5980400.0,101.57430267333984
2017-07-25,114.88999938964844,111.80000305175781,113.23999786376953,114.54000091552734,14264600.0,107.54592895507812
2017-07-26,114.54000091552734,113.08000183105469,114.25,113.5199966430664,5741200.0,106.58821105957031
2017-07-27,114.38999938964844,113.25,113.72000122070312,114.37000274658203,5583500.0,107.38632202148438
2017-07-28,114.9000015258789,113.4800033569336,114.44999694824219,114.0999984741211,4704500.0,107.1328125
2017-07-31,114.66000366210938,113.69000244140625,114.5,113.94999694824219,4477200.0,106.9919662475586
2017-08-01,114.43000030517578,112.5199966430664,114.2699966430664,113.0999984741211,3683700.0,106.1938705444336
2017-08-02,113.58000183105469,112.08999633789062,113.1500015258789,113.08999633789062,2830600.0,106.1844711303711
2017-08-03,113.72000122070312,112.8499984741211,112.8499984741211,113.55999755859375,2438900.0,106.62577819824219
2017-08-04,114.63999938964844,113.44999694824219,113.87999725341797,114.3499984741211,2631900.0,107.36753845214844
2017-08-07,114.98999786376953,114.30000305175781,114.4800033569336,114.70999908447266,2269400.0,107.70555877685547
2017-08-08,115.25,114.19000244140625,114.58999633789062,114.41000366210938,2601200.0,107.42387390136719
2017-08-09,115.45999908447266,114.11000061035156,114.38999938964844,114.33999633789062,3170100.0,107.35813903808594
2017-08-10,114.12999725341797,112.86000061035156,113.88999938964844,113.1500015258789,3186700.0,106.24080657958984
2017-08-11,113.66999816894531,112.75,113.06999969482422,112.8499984741211,2130300.0,105.95913696289062
2017-08-14,114.37000274658203,113.2699966430664,113.45999908447266,113.70999908447266,1968900.0,106.7666244506836
2017-08-15,114.2300033569336,113.31999969482422,114.0,113.6500015258789,2826800.0,106.71027374267578
2017-08-16,114.51000213623047,113.62999725341797,113.80999755859375,114.12000274658203,2268600.0,107.1515884399414
2017-08-17,114.37000274658203,113.13999938964844,114.0,113.13999938964844,2905100.0,106.23141479492188
2017-08-18,114.63999938964844,112.69000244140625,112.98999786376953,113.91999816894531,3875700.0,106.96378326416016
2017-08-21,114.08999633789062,113.2699966430664,113.75,113.5999984741211,3137400.0,106.663330078125
2017-08-22,115.86000061035156,114.0,114.20999908447266,115.81999969482422,3881100.0,108.74778747558594
2017-08-23,115.37999725341797,114.75,115.0,114.75,2447600.0,107.74310302734375
2017-08-24,115.05000305175781,114.38999938964844,115.0,114.77999877929688,1861200.0,107.77127838134766
2017-08-25,116.63999938964844,115.1500015258789,115.47000122070312,115.3499984741211,3282200.0,108.30646514892578
2017-08-28,116.05999755859375,114.66000366210938,115.76000213623047,115.06999969482422,2011000.0,108.04357147216797
2017-08-29,116.5999984741211,114.30000305175781,114.37999725341797,116.01000213623047,4355700.0,108.92618560791016
2017-08-30,117.69000244140625,115.87999725341797,116.12000274658203,117.55000305175781,3401000.0,110.37213897705078
2017-08-31,118.83000183105469,117.3499984741211,117.94999694824219,117.48999786376953,3357700.0,110.31580352783203
2017-09-01,118.81999969482422,117.4000015258789,117.48999786376953,118.27999877929688,2992200.0,111.05755615234375
2017-09-05,119.12999725341797,117.81999969482422,118.13999938964844,118.30000305175781,3826800.0,111.07634735107422
2017-09-06,119.19000244140625,116.9800033569336,118.75,116.9800033569336,4292600.0,109.83695220947266
2017-09-07,117.93000030517578,116.5,117.37999725341797,117.7699966430664,3270100.0,110.57870483398438
2017-09-08,118.8499984741211,117.0,117.2300033569336,117.81999969482422,2787000.0,110.62566375732422
2017-09-11,118.91999816894531,117.47000122070312,118.81999969482422,118.87000274658203,3527500.0,111.61154174804688
2017-09-12,121.38999938964844,119.05999755859375,119.19000244140625,120.94000244140625,5554000.0,113.55513763427734
2017-09-13,121.0,119.41000366210938,120.5,119.62999725341797,2532200.0,112.32512664794922
2017-09-14,120.79000091552734,119.20999908447266,119.79000091552734,120.4800033569336,2904900.0,113.12323760986328
2017-09-15,121.56999969482422,120.30999755859375,121.01000213623047,121.37000274658203,4610100.0,113.9588851928711
2017-09-18,124.43000030517578,122.8499984741211,123.62000274658203,123.83000183105469,4349000.0,116.26866149902344
2017-09-19,124.93000030517578,123.76000213623047,123.95999908447266,124.73999786376953,3050000.0,117.12310028076172
2017-09-20,125.27999877929688,124.18000030517578,124.97000122070312,124.8499984741211,3151600.0,117.22639465332031
2017-09-21,125.04000091552734,123.81999969482422,124.5199966430664,124.79000091552734,2615400.0,117.17005920410156
2017-09-22,125.41999816894531,124.3499984741211,124.58000183105469,124.43000030517578,2616700.0,116.83202362060547
2017-09-25,124.77999877929688,123.6500015258789,124.37000274658203,124.31999969482422,3268500.0,116.72874450683594
2017-09-26,125.06999969482422,124.31999969482422,124.69999694824219,124.51000213623047,2301900.0,116.90714263916016
2017-09-27,125.41999816894531,124.33999633789062,125.20999908447266,124.5199966430664,2140600.0,116.9165267944336
2017-09-28,125.27999877929688,123.62000274658203,123.91000366210938,125.2300033569336,2067800.0,117.58318328857422
2017-09-29,125.55000305175781,124.51000213623047,125.3499984741211,124.70999908447266,2273500.0,117.09494018554688
2017-10-02,124.83000183105469,123.94999694824219,124.4000015258789,124.72000122070312,2502600.0,117.10433197021484
2017-10-03,125.52999877929688,124.3499984741211,124.9800033569336,125.51000213623047,2166100.0,117.84608459472656
2017-10-04,127.08999633789062,125.5999984741211,125.69000244140625,126.73999786376953,2792300.0,119.00098419189453
2017-10-05,126.91000366210938,126.01000213623047,126.80000305175781,126.4000015258789,2496200.0,118.6817398071289
2017-10-06,126.98999786376953,125.9800033569336,126.12000274658203,126.93000030517578,2697400.0,119.17938995361328
2017-10-09,126.93000030517578,125.94000244140625,126.91999816894531,126.87999725341797,1979600.0,119.1324234008789
2017-10-10,128.2899932861328,127.2699966430664,127.5199966430664,128.19000244140625,4414300.0,120.3624496459961
2017-10-11,128.85000610351562,127.66999816894531,128.1699981689453,128.60000610351562,2177800.0,120.74740600585938
2017-10-12,130.16000366210938,128.3800048828125,128.39999389648438,129.99000549316406,3372300.0,122.05252075195312
2017-10-13,131.41000366210938,129.1999969482422,131.0,130.7100067138672,3478200.0,122.72856140136719
2017-10-16,132.1199951171875,130.94000244140625,131.25,131.47000122070312,2914200.0,123.44214630126953
2017-10-17,131.47000122070312,130.32000732421875,131.13999938964844,130.5399932861328,2380300.0,122.56893920898438
2017-10-18,131.64999389648438,130.5,130.5,131.2899932861328,2511400.0,123.27314758300781
2017-10-19,131.6300048828125,129.39999389648438,131.0,131.5500030517578,4837600.0,123.51728057861328
2017-10-20,131.91000366210938,130.47999572753906,131.33999633789062,131.36000061035156,3086800.0,124.07453155517578
2017-10-23,132.33999633789062,131.16000366210938,131.9499969482422,131.67999267578125,5549500.0,124.37677764892578
2017-10-24,140.44000244140625,136.6300048828125,140.05999755859375,138.24000549316406,18886700.0,130.57298278808594
2017-10-25,137.8300018310547,134.7899932861328,137.2100067138672,136.83999633789062,7438600.0,129.25059509277344
2017-10-26,138.24000549316406,136.85000610351562,136.8800048828125,136.94000244140625,5745400.0,129.34506225585938
2017-10-27,138.39999389648438,136.89999389648438,136.9199981689453,137.80999755859375,4064600.0,130.16680908203125
2017-10-30,137.80999755859375,136.47999572753906,137.3000030517578,136.49000549316406,3044500.0,128.92002868652344
2017-10-31,136.6199951171875,135.0800018310547,136.5,135.8000030517578,3988300.0,128.26828002929688
2017-11-01,137.3000030517578,135.42999267578125,135.6699981689453,136.2899932861328,3629000.0,128.73110961914062
2017-11-02,136.99000549316406,135.69000244140625,136.4199981689453,136.47000122070312,2722600.0,128.90113830566406
2017-11-03,136.9499969482422,136.36000061035156,136.47999572753906,136.6300048828125,2105400.0,129.05226135253906
2017-11-06,138.4499969482422,136.7899932861328,136.8000030517578,137.7100067138672,2780900.0,130.07235717773438
2017-11-07,138.89999389648438,136.66000366210938,137.8000030517578,138.80999755859375,3222100.0,131.11134338378906
2017-11-08,138.75,137.17999267578125,138.39999389648438,137.2899932861328,1933300.0,129.67567443847656
2017-11-09,136.75,134.64999389648438,136.44000244140625,135.33999633789062,2940300.0,127.83380889892578
2017-11-10,136.88999938964844,135.07000732421875,135.08999633789062,136.47999572753906,2016900.0,128.9105682373047
2017-11-13,136.5500030517578,134.8699951171875,135.52999877929688,136.52999877929688,1894100.0,128.9578094482422
2017-11-14,138.1199951171875,136.47000122070312,138.0,137.5399932861328,3041300.0,129.9117889404297
2017-11-15,136.75999450683594,133.80999755859375,136.47999572753906,134.10000610351562,3746200.0,126.6625747680664
2017-11-16,137.41000366210938,135.10000610351562,135.47000122070312,136.36000061035156,2812900.0,128.79722595214844
2017-11-17,136.36000061035156,135.02000427246094,135.8000030517578,136.1300048828125,2312700.0,128.5800018310547
2017-11-20,137.80999755859375,136.25,136.44000244140625,136.91000366210938,2124000.0,129.31671142578125
2017-11-21,138.0,137.1699981689453,137.77000427246094,137.60000610351562,2221400.0,129.968505859375
2017-11-22,138.4199981689453,137.1999969482422,138.22000122070312,138.00999450683594,4887500.0,130.355712890625
2017-11-24,138.4199981689453,137.33999633789062,138.10000610351562,137.38999938964844,944400.0,129.7700958251953
2017-11-27,138.27000427246094,136.88999938964844,137.47000122070312,137.19000244140625,2585400.0,129.5811767578125
2017-11-28,139.0,137.27000427246094,137.50999450683594,138.99000549316406,2592700.0,131.2813720703125
2017-11-29,139.2100067138672,137.1999969482422,138.1699981689453,138.05999755859375,3098200.0,130.4029541015625
2017-11-30,141.3300018310547,137.11000061035156,138.89999389648438,141.14999389648438,7507800.0,133.32156372070312
2017-12-01,142.39999389648438,138.3800048828125,141.60000610351562,141.52000427246094,5481600.0,133.67108154296875
2017-12-04,145.19000244140625,141.44000244140625,144.25,141.5,4922300.0,133.6521759033203
2017-12-05,142.19000244140625,139.72999572753906,141.75,140.13999938964844,3884100.0,132.36758422851562
2017-12-06,141.13999938964844,139.5,140.14999389648438,140.33999633789062,2881400.0,132.5564727783203
2017-12-07,143.0,139.19000244140625,139.77999877929688,142.88999938964844,2977100.0,134.96505737304688
2017-12-08,144.32000732421875,142.92999267578125,143.8699951171875,143.86000061035156,2490100.0,135.88128662109375
2017-12-11,144.7100067138672,143.47999572753906,144.6300048828125,143.77000427246094,1913500.0,135.79627990722656
2017-12-12,144.8000030517578,143.2100067138672,144.0399932861328,143.4199981689453,3397100.0,135.4656524658203
2017-12-13,149.0500030517578,144.07000732421875,144.17999267578125,148.57000732421875,6486500.0,140.33004760742188
2017-12-14,149.0,145.8800048828125,148.85000610351562,146.27999877929688,4616900.0,138.16705322265625
2017-12-15,147.83999633789062,145.49000549316406,147.35000610351562,146.69000244140625,7931700.0,138.5543212890625
2017-12-18,149.80999755859375,146.8000030517578,147.75,149.77000427246094,3534800.0,141.4635009765625
2017-12-19,151.08999633789062,148.52999877929688,149.89999389648438,150.91000366210938,3554100.0,142.54026794433594
2017-12-20,152.60000610351562,150.6999969482422,151.92999267578125,152.52000427246094,3076000.0,144.06097412109375
2017-12-21,155.10000610351562,151.80999755859375,152.69000244140625,154.63999938964844,4017400.0,146.0634002685547
2017-12-22,155.8000030517578,153.9499969482422,154.77000427246094,155.75,2486400.0,147.11181640625
2017-12-26,156.97999572753906,155.66000366210938,156.0399932861328,156.44000244140625,1870600.0,147.7635498046875
2017-12-27,157.69000244140625,156.30999755859375,156.94000244140625,157.52000427246094,2520500.0,148.78367614746094
2017-12-28,158.64999389648438,157.22999572753906,157.94000244140625,158.4199981689453,4064000.0,149.6337432861328
2017-12-29,158.5,157.50999450683594,158.0500030517578,157.5800018310547,2616100.0,148.84034729003906
2018-01-02,159.38999938964844,156.02999877929688,158.3000030517578,157.0399932861328,5108400.0,148.3302764892578
2018-01-03,157.49000549316406,155.39999389648438,157.0399932861328,157.27999877929688,4146100.0,148.5569610595703
2018-01-04,159.5800018310547,157.02000427246094,157.88999938964844,159.44000244140625,4865800.0,150.59718322753906
2018-01-05,162.0500030517578,159.63999938964844,160.25999450683594,161.9600067138672,3945400.0,152.97743225097656
2018-01-08,166.42999267578125,162.5500030517578,164.11000061035156,166.02999877929688,5929200.0,156.82167053222656
2018-01-09,167.41000366210938,165.08999633789062,166.3300018310547,166.42999267578125,4522900.0,157.1995086669922
2018-01-10,167.52999877929688,164.5,165.89999389648438,165.8699951171875,5478600.0,156.67056274414062
2018-01-11,169.52999877929688,165.63999938964844,166.89999389648438,169.1999969482422,4199000.0,159.8158721923828
2018-01-12,170.6699981689453,169.22999572753906,169.99000549316406,170.3000030517578,4127900.0,160.8548583984375
2018-01-16,173.24000549316406,167.57000732421875,172.89999389648438,169.30999755859375,8530600.0,159.91978454589844
2018-01-17,170.11000061035156,168.5,169.32000732421875,168.5,5571400.0,159.15467834472656
2018-01-18,170.75999450683594,168.08999633789062,169.3300018310547,168.8300018310547,4668800.0,159.46640014648438
2018-01-19,170.4499969482422,168.61000061035156,169.6300048828125,170.41000366210938,5796700.0,161.70584106445312
2018-01-22,170.91000366210938,168.47999572753906,170.32000732421875,170.88999938964844,3540900.0,162.1613311767578
2018-01-23,172.0500030517578,169.1999969482422,172.0,169.42999267578125,5036500.0,160.77589416503906
2018-01-24,172.4499969482422,167.6699981689453,171.39999389648438,168.33999633789062,8241000.0,159.7415771484375
2018-01-25,173.10000610351562,162.4600067138672,173.10000610351562,169.3699951171875,16937100.0,160.7189483642578
2018-01-26,169.0,164.5500030517578,168.80999755859375,167.05999755859375,9045300.0,158.52696228027344
2018-01-29,165.8800048828125,159.4199981689453,165.5800018310547,162.5800018310547,9496800.0,154.2758026123047
2018-01-30,164.7100067138672,159.80999755859375,160.3300018310547,163.75999450683594,8694800.0,155.39549255371094
2018-01-31,165.7899932861328,161.88999938964844,164.6999969482422,162.77999877929688,7014000.0,154.465576171875
2018-02-01,163.74000549316406,160.17999267578125,161.24000549316406,162.24000549316406,4323600.0,153.95314025878906
2018-02-02,160.8000030517578,156.52999877929688,160.77000427246094,157.49000549316406,7602800.0,149.44577026367188
2018-02-05,158.92999267578125,142.85000610351562,154.92999267578125,151.0800018310547,11390500.0,143.36317443847656
2018-02-06,156.55999755859375,146.80999755859375,148.07000732421875,156.41000366210938,13908700.0,148.42092895507812
2018-02-07,158.08999633789062,154.27999877929688,155.36000061035156,154.33999633789062,7156500.0,146.4566650390625
2018-02-08,154.19000244140625,145.9199981689453,153.85000610351562,145.99000549316406,9101900.0,138.53317260742188
2018-02-09,150.88999938964844,142.8800048828125,148.7100067138672,149.2100067138672,9528100.0,141.5886993408203
2018-02-12,153.4499969482422,150.25,151.8699951171875,152.2899932861328,5756800.0,144.51138305664062
2018-02-13,155.1999969482422,151.0,151.25,153.97000122070312,5512100.0,146.10556030273438
2018-02-14,158.58999633789062,152.33999633789062,152.38999938964844,158.05999755859375,5560100.0,149.9866485595703
2018-02-15,160.33999633789062,157.47999572753906,159.8000030517578,159.97999572753906,4914500.0,151.80859375
2018-02-16,161.0,156.08999633789062,160.1300048828125,156.2899932861328,5991600.0,148.30706787109375
2018-02-20,158.25,154.27000427246094,155.1699981689453,155.55999755859375,5094600.0,147.61434936523438
2018-02-21,158.39999389648438,155.0399932861328,155.6999969482422,155.22999572753906,4179400.0,147.30120849609375
2018-02-22,159.77999877929688,156.1999969482422,156.41000366210938,158.86000061035156,4723300.0,150.7458038330078
2018-02-23,162.47999572753906,159.22000122070312,159.39999389648438,162.41000366210938,4450800.0,154.1144561767578
2018-02-26,164.0500030517578,161.5500030517578,163.0500030517578,163.69000244140625,6254400.0,155.32908630371094
2018-02-27,164.60000610351562,161.24000549316406,163.25999450683594,161.25999450683594,4127700.0,153.02317810058594
2018-02-28,162.33999633789062,154.1699981689453,161.5,154.6300048828125,7298600.0,146.73187255859375
2018-03-01,156.19000244140625,148.50999450683594,153.6699981689453,150.22999572753906,9434800.0,142.55657958984375
2018-03-02,149.8800048828125,145.86000061035156,149.1300048828125,146.3800048828125,9509400.0,138.9032440185547
2018-03-05,151.86000061035156,144.00999450683594,145.14999389648438,151.1199951171875,8453000.0,143.40113830566406
2018-03-06,154.97999572753906,151.6699981689453,152.63999938964844,153.75,5795600.0,145.8968048095703
2018-03-07,152.27000427246094,148.80999755859375,150.0,151.50999450683594,5491000.0,143.77117919921875
2018-03-08,153.97000122070312,150.2899932861328,151.72999572753906,153.58999633789062,4105000.0,145.7449951171875
2018-03-09,158.4199981689453,154.3300018310547,155.1199951171875,158.25,4576700.0,150.16696166992188
2018-03-12,159.33999633789062,153.85000610351562,158.24000549316406,154.5,4880400.0,146.60848999023438
2018-03-13,157.8699951171875,153.1999969482422,156.3000030517578,153.69000244140625,4819100.0,145.83987426757812
2018-03-14,155.25,151.30999755859375,154.8000030517578,152.5399932861328,4873600.0,144.7486114501953
2018-03-15,155.58999633789062,151.64999389648438,153.17999267578125,154.57000732421875,5268800.0,146.6749267578125
2018-03-16,157.4499969482422,153.30999755859375,154.32000732421875,156.4600067138672,10897600.0,148.4683837890625
2018-03-19,154.8300018310547,150.82000732421875,154.24000549316406,152.14999389648438,5479200.0,144.37850952148438
2018-03-20,155.1999969482422,152.5399932861328,153.0,154.05999755859375,3557600.0,146.1909637451172
2018-03-21,157.27999877929688,153.2100067138672,154.16000366210938,155.8000030517578,3887400.0,147.8420867919922
2018-03-22,153.5,146.25,152.8699951171875,146.89999389648438,8225600.0,139.39666748046875
2018-03-23,148.57000732421875,143.7899932861328,147.6999969482422,144.2899932861328,6533100.0,136.91998291015625
2018-03-26,149.55999755859375,145.25999450683594,147.82000732421875,149.19000244140625,5454900.0,141.5697021484375
2018-03-27,151.1199951171875,145.7899932861328,149.89999389648438,146.99000549316406,4915300.0,139.48208618164062
2018-03-28,148.24000549316406,143.6300048828125,146.99000549316406,145.16000366210938,4933900.0,137.7455596923828
2018-03-29,148.77000427246094,145.57000732421875,146.2100067138672,147.3800048828125,4209400.0,139.85218811035156
2018-04-02,147.35000610351562,141.75999450683594,146.44000244140625,143.88999938964844,5397500.0,136.54042053222656
2018-04-03,145.64999389648438,142.3800048828125,144.8000030517578,145.05999755859375,4845700.0,137.65066528320312
2018-04-04,145.4600067138672,138.0500030517578,139.8800048828125,145.17999267578125,6188200.0,137.76454162597656
2018-04-05,148.8800048828125,146.47000122070312,146.50999450683594,148.1300048828125,4584800.0,140.56385803222656
2018-04-06,147.0,140.82000732421875,145.77000427246094,142.99000549316406,5707400.0,135.6864013671875
2018-04-09,146.7899932861328,142.8000030517578,144.8000030517578,143.0800018310547,4050800.0,135.77178955078125
2018-04-10,149.00999450683594,145.6199951171875,146.75,148.08999633789062,3991600.0,140.52589416503906
2018-04-11,148.35000610351562,146.32000732421875,146.67999267578125,146.7899932861328,3218900.0,139.2923126220703
2018-04-12,151.16000366210938,147.63999938964844,147.63999938964844,150.13999938964844,3958000.0,142.47117614746094
2018-04-13,152.91000366210938,148.99000549316406,151.75,150.22999572753906,3603200.0,142.55657958984375
2018-04-16,153.4199981689453,150.27999877929688,151.74000549316406,152.13999938964844,3055600.0,144.36903381347656
2018-04-17,155.5399932861328,153.00999450683594,153.33999633789062,153.30999755859375,3817200.0,145.4792938232422
2018-04-18,157.1199951171875,154.57000732421875,155.19000244140625,155.9499969482422,3087100.0,147.9844207763672
2018-04-19,156.32000732421875,153.9600067138672,155.38999938964844,155.6999969482422,4013200.0,147.74720764160156
2018-04-20,156.13999938964844,152.3699951171875,155.25,153.25,4057800.0,146.15452575683594
2018-04-23,155.74000549316406,152.17999267578125,154.64999389648438,153.99000549316406,5350300.0,146.8602752685547
2018-04-24,161.10000610351562,143.36000061035156,159.75,144.44000244140625,24122300.0,137.75244140625
2018-04-25,147.60000610351562,142.16000366210938,143.8300018310547,145.19000244140625,9963700.0,138.4676971435547
2018-04-26,147.39999389648438,144.00999450683594,145.32000732421875,146.30999755859375,6558900.0,139.53585815429688
2018-04-27,146.60000610351562,144.16000366210938,145.6699981689453,144.72000122070312,3860600.0,138.0194549560547
2018-04-30,146.1999969482422,143.60000610351562,145.2100067138672,144.36000061035156,4764800.0,137.6761474609375
2018-05-01,144.42999267578125,140.3000030517578,143.0800018310547,144.4199981689453,5004400.0,137.73333740234375
2018-05-02,146.64999389648438,143.47999572753906,143.99000549316406,143.86000061035156,4637600.0,137.1992950439453
2018-05-03,145.14999389648438,138.14999389648438,141.69000244140625,143.77999877929688,7703200.0,137.12298583984375
2018-05-04,147.19000244140625,141.0500030517578,142.24000549316406,146.3699951171875,4678400.0,139.5930633544922
2018-05-07,151.4600067138672,148.0,148.17999267578125,149.82000732421875,6844600.0,142.88336181640625
2018-05-08,151.07000732421875,148.57000732421875,150.64999389648438,149.92999267578125,3853600.0,142.9882354736328
2018-05-09,153.35000610351562,150.5,150.75,152.61000061035156,4668200.0,145.5441436767578
2018-05-10,155.44000244140625,152.80999755859375,153.1999969482422,153.97000122070312,3911000.0,146.8411865234375
2018-05-11,156.74000549316406,153.77000427246094,154.25,154.86000061035156,3507900.0,147.68997192382812
2018-05-14,156.39999389648438,154.38999938964844,155.61000061035156,155.27999877929688,3563900.0,148.09054565429688
2018-05-15,154.39999389648438,151.7100067138672,153.82000732421875,152.58999633789062,4127200.0,145.5250701904297
2018-05-16,153.8699951171875,152.35000610351562,152.5500030517578,153.8000030517578,2693400.0,146.67904663085938
2018-05-17,155.25,152.75999450683594,153.6999969482422,153.69000244140625,2885800.0,146.5741424560547
2018-05-18,156.83999633789062,154.00999450683594,154.14999389648438,155.7100067138672,3889300.0,148.50062561035156
2018-05-21,161.60000610351562,158.6999969482422,159.25999450683594,158.9199981689453,5849700.0,151.56198120117188
2018-05-22,159.35000610351562,156.13999938964844,159.02999877929688,156.1999969482422,3512400.0,148.96792602539062
2018-05-23,158.0,153.72000122070312,154.64999389648438,157.74000549316406,4010000.0,150.4366455078125
2018-05-24,158.39999389648438,156.02999877929688,157.2100067138672,157.6999969482422,2891000.0,150.39849853515625
2018-05-25,157.57000732421875,155.22999572753906,156.9199981689453,155.85000610351562,2359700.0,148.63414001464844
2018-05-29,155.72000122070312,152.63999938964844,154.25999450683594,153.6199951171875,3795800.0,146.5074005126953
2018-05-30,155.97999572753906,153.83999633789062,154.60000610351562,155.4600067138672,2688200.0,148.26220703125
2018-05-31,155.30999755859375,151.5,155.3000030517578,151.91000366210938,4546000.0,144.87657165527344
2018-06-01,154.19000244140625,152.25999450683594,153.3000030517578,153.52000427246094,2755500.0,146.41201782226562
2018-06-04,154.92999267578125,152.0800018310547,154.7899932861328,152.5,2470900.0,145.43923950195312
2018-06-05,153.10000610351562,152.02000427246094,152.39999389648438,153.00999450683594,2916600.0,145.92564392089844
2018-06-06,156.5399932861328,153.00999450683594,153.64999389648438,156.50999450683594,3689300.0,149.26361083984375
2018-06-07,157.92999267578125,155.52999877929688,157.11000061035156,156.2899932861328,3149100.0,149.05377197265625
2018-06-08,156.64999389648438,155.0399932861328,156.19000244140625,155.32000732421875,3254100.0,148.12867736816406
2018-06-11,157.0800018310547,154.72000122070312,155.19000244140625,156.3000030517578,2758300.0,149.06332397460938
2018-06-12,159.19000244140625,156.38999938964844,156.4499969482422,157.49000549316406,2595600.0,150.1981964111328
2018-06-13,157.35000610351562,154.50999450683594,157.17999267578125,154.7100067138672,4189300.0,147.5469207763672
2018-06-14,157.36000061035156,152.75999450683594,155.6999969482422,153.13999938964844,3967600.0,146.04962158203125
2018-06-15,151.0,148.42999267578125,150.85000610351562,150.02000427246094,8852500.0,143.07406616210938
2018-06-18,149.4600067138672,147.72000122070312,148.4199981689453,148.67999267578125,3651600.0,141.79612731933594
2018-06-19,146.3000030517578,142.32000732421875,146.0,143.3000030517578,6792000.0,136.6652069091797
2018-06-20,144.69000244140625,141.82000732421875,144.22000122070312,143.1300048828125,4128300.0,136.5030975341797
2018-06-21,142.38999938964844,139.1199951171875,142.25,139.52999877929688,5914900.0,133.0697479248047
2018-06-22,142.5,139.77000427246094,140.89999389648438,139.94000244140625,5114700.0,133.46078491210938
2018-06-25,138.97999572753906,135.17999267578125,138.86000061035156,136.5800018310547,6078200.0,130.25633239746094
2018-06-26,137.3300018310547,135.27999877929688,136.75,135.5399932861328,4285300.0,129.2644805908203
2018-06-27,139.4600067138672,134.5800018310547,136.77000427246094,134.61000061035156,5665000.0,128.37753295898438
2018-06-28,136.72000122070312,132.67999267578125,134.17999267578125,136.02999877929688,4215900.0,129.7318115234375
2018-06-29,137.85000610351562,135.5800018310547,136.61000061035156,135.6699981689453,4107900.0,129.38848876953125
2018-07-02,136.42999267578125,133.1999969482422,133.8000030517578,136.2899932861328,3172600.0,129.97976684570312
2018-07-03,137.35000610351562,133.3300018310547,137.0,133.8300018310547,1837400.0,127.6336669921875
2018-07-05,136.08999633789062,134.08999633789062,135.00999450683594,135.80999755859375,3366300.0,129.52197265625
2018-07-06,135.86000061035156,133.32000732421875,135.11000061035156,135.41000366210938,3179600.0,129.1405487060547
2018-07-09,141.0500030517578,136.10000610351562,136.22000122070312,140.97000122070312,5562300.0,134.44308471679688
2018-07-10,141.86000061035156,140.13999938964844,141.61000061035156,141.25,3761700.0,134.71011352539062
2018-07-11,139.38999938964844,135.83999633789062,138.1300048828125,136.75999450683594,5231700.0,130.4280242919922
2018-07-12,139.72999572753906,136.8300018310547,138.5,139.4199981689453,4250800.0,132.96484375
2018-07-13,141.25,139.07000732421875,139.5399932861328,140.75,2838700.0,134.2332763671875
2018-07-16,140.8800048828125,137.89999389648438,140.8800048828125,138.0800018310547,3723100.0,131.6868896484375
2018-07-17,139.3300018310547,136.52999877929688,136.97999572753906,138.9499969482422,3306000.0,132.51661682128906
2018-07-18,141.5,138.3300018310547,139.0,141.1199951171875,4394800.0,134.58612060546875
2018-07-19,140.5399932861328,139.0500030517578,139.57000732421875,139.4199981689453,3576700.0,133.78012084960938
2018-07-20,138.5800018310547,136.63999938964844,138.36000061035156,136.82000732421875,5247000.0,131.28529357910156
2018-07-23,136.8000030517578,135.60000610351562,136.6199951171875,136.27999877929688,3542300.0,130.76715087890625
2018-07-24,140.60000610351562,137.36000061035156,138.89999389648438,137.97000122070312,5064700.0,132.38877868652344
2018-07-25,141.0500030517578,136.6699981689453,138.0,140.47999572753906,5041800.0,134.7972412109375
2018-07-26,143.5500030517578,140.07000732421875,140.75,142.5800018310547,5385600.0,136.8123016357422
2018-07-27,143.9499969482422,140.77999877929688,143.9499969482422,142.55999755859375,4649400.0,136.7930908203125
2018-07-30,146.6999969482422,139.05999755859375,145.7100067138672,139.75,13837700.0,134.09677124023438
2018-07-31,144.77999877929688,140.1699981689453,141.97000122070312,143.8000030517578,7608700.0,137.98297119140625
2018-08-01,143.07000732421875,138.11000061035156,142.97000122070312,138.5399932861328,6364500.0,132.9357147216797
2018-08-02,138.7100067138672,135.69000244140625,137.07000732421875,138.00999450683594,4195000.0,132.42715454101562
2018-08-03,138.60000610351562,137.07000732421875,138.1999969482422,138.50999450683594,3594100.0,132.90692138671875
2018-08-06,140.6699981689453,137.97000122070312,138.52000427246094,139.47999572753906,3125200.0,133.8376922607422
2018-08-07,143.32000732421875,140.3000030517578,140.61000061035156,142.3800048828125,4813000.0,136.62037658691406
2018-08-08,142.39999389648438,139.25999450683594,142.32000732421875,139.7100067138672,3435100.0,134.0583953857422
2018-08-09,140.89999389648438,138.25,140.10000610351562,138.52000427246094,3338500.0,132.91651916503906
2018-08-10,137.52000427246094,134.72999572753906,137.52000427246094,135.9199981689453,6268600.0,130.4217071533203
2018-08-13,136.72999572753906,134.72000122070312,135.9199981689453,135.02000427246094,3879400.0,129.55812072753906
2018-08-14,136.4499969482422,134.6699981689453,135.60000610351562,134.9199981689453,3537900.0,129.46214294433594
2018-08-15,133.25,129.42999267578125,133.25,132.02000427246094,5682200.0,126.6794662475586
2018-08-16,136.5500030517578,133.64999389648438,133.72000122070312,136.25999450683594,5539400.0,130.74794006347656
2018-08-17,140.2100067138672,135.44000244140625,135.64999389648438,139.33999633789062,6611700.0,133.703369140625
2018-08-20,140.5500030517578,138.55999755859375,139.82000732421875,138.6699981689453,3311100.0,133.0604705810547
2018-08-21,140.9600067138672,139.07000732421875,139.07000732421875,139.99000549316406,3021400.0,134.3270721435547
2018-08-22,140.6999969482422,139.36000061035156,140.32000732421875,139.6300048828125,2209500.0,133.9816436767578
2018-08-23,139.1699981689453,136.4199981689453,139.0500030517578,136.7899932861328,3905300.0,131.25650024414062
2018-08-24,138.5500030517578,136.88999938964844,137.82000732421875,138.2100067138672,2565400.0,132.6190643310547
2018-08-27,142.3800048828125,139.3000030517578,139.39999389648438,142.0399932861328,4770900.0,136.2941131591797
2018-08-28,143.77000427246094,141.49000549316406,143.4199981689453,142.0,3234000.0,136.25576782226562
2018-08-29,142.58999633789062,141.2899932861328,142.42999267578125,141.86000061035156,3369900.0,136.1214141845703
2018-08-30,141.47000122070312,138.4499969482422,141.02999877929688,139.05999755859375,4773300.0,133.43467712402344
2018-08-31,140.22000122070312,138.3800048828125,138.52000427246094,138.85000610351562,4552200.0,133.23318481445312
2018-09-04,139.0,136.92999267578125,137.86000061035156,138.24000549316406,3955600.0,132.64785766601562
2018-09-05,141.10000610351562,137.67999267578125,138.3300018310547,140.58999633789062,4579400.0,134.9027862548828
2018-09-06,141.8699951171875,140.05999755859375,140.33999633789062,141.57000732421875,4588100.0,135.84317016601562
2018-09-07,142.13999938964844,140.0500030517578,140.72999572753906,141.32000732421875,4173400.0,135.603271484375
2018-09-10,142.50999450683594,141.69000244140625,141.77000427246094,142.0500030517578,3069100.0,136.30372619628906
2018-09-11,142.4499969482422,140.3699951171875,140.61000061035156,142.02999877929688,2583200.0,136.2845458984375
2018-09-12,144.75,140.6199951171875,141.5800018310547,144.27999877929688,5630600.0,138.44351196289062
2018-09-13,146.4600067138672,144.52000427246094,145.0500030517578,145.5399932861328,3670700.0,139.65255737304688
2018-09-14,147.1999969482422,143.22999572753906,145.6300048828125,144.89999389648438,4699600.0,139.0384521484375
2018-09-17,148.05999755859375,144.5500030517578,144.85000610351562,146.22000122070312,3827100.0,140.30503845214844
2018-09-18,149.27999877929688,146.27000427246094,147.0,149.07000732421875,4496400.0,143.03976440429688
2018-09-19,153.11000061035156,149.3699951171875,149.75999450683594,152.75999450683594,6000100.0,146.58050537109375
2018-09-20,157.72000122070312,154.4600067138672,155.41000366210938,156.0,6774100.0,149.68943786621094
2018-09-21,157.2899932861328,154.8000030517578,156.6300048828125,156.3800048828125,5932100.0,150.05404663085938
2018-09-24,156.10000610351562,153.77000427246094,156.0,154.0,3844500.0,147.77032470703125
2018-09-25,154.5,152.80999755859375,154.1199951171875,154.08999633789062,3454600.0,147.856689453125
2018-09-26,155.14999389648438,152.88999938964844,153.9499969482422,153.1699981689453,3096100.0,146.973876953125
2018-09-27,154.0500030517578,151.1999969482422,153.02000427246094,152.47000122070312,2674100.0,146.30221557617188
2018-09-28,152.91000366210938,150.55999755859375,152.0,152.49000549316406,3599900.0,146.3214111328125
2018-10-01,154.5,151.67999267578125,153.61000061035156,152.27999877929688,3736300.0,146.1199188232422
2018-10-02,155.3800048828125,151.5,152.2899932861328,154.82000732421875,4344000.0,148.55714416503906
2018-10-03,159.3699951171875,155.7899932861328,156.0,158.22000122070312,6043300.0,151.8196258544922
2018-10-04,158.5500030517578,155.1999969482422,158.02999877929688,156.75,4130800.0,150.40907287597656
2018-10-05,156.80999755859375,151.61000061035156,156.50999450683594,153.30999755859375,4955100.0,147.10824584960938
2018-10-08,153.66000366210938,150.8800048828125,151.9499969482422,153.35000610351562,3463200.0,147.14663696289062
2018-10-09,152.61000061035156,149.0800018310547,152.61000061035156,149.4600067138672,4996900.0,143.41400146484375
2018-10-10,149.1699981689453,143.72000122070312,148.6999969482422,143.72000122070312,9419300.0,137.9061737060547
2018-10-11,145.88999938964844,139.83999633789062,142.9499969482422,140.97000122070312,7608300.0,135.2674102783203
2018-10-12,144.39999389648438,139.75,144.02000427246094,142.07000732421875,5596200.0,136.3229217529297
2018-10-15,143.17999267578125,141.1199951171875,142.0,141.8000030517578,3741700.0,136.0638427734375
2018-10-16,143.88999938964844,141.27000427246094,143.35000610351562,143.7100067138672,3573400.0,137.89659118652344
2018-10-17,143.52000427246094,141.11000061035156,143.0800018310547,141.33999633789062,4807500.0,135.62246704101562
2018-10-18,140.8000030517578,134.47000122070312,140.16000366210938,135.8000030517578,10250200.0,130.30654907226562
2018-10-19,136.92999267578125,131.27000427246094,136.19000244140625,131.32000732421875,7055100.0,126.81086730957031
2018-10-22,133.1300048828125,128.66000366210938,132.67999267578125,128.7100067138672,7858900.0,124.29048156738281
2018-10-23,122.5,115.62000274658203,119.68000030517578,118.9800033569336,24113300.0,114.89457702636719
2018-10-24,121.63999938964844,112.25,120.0,112.33999633789062,15304200.0,108.4825668334961
2018-10-25,117.08999633789062,112.5,114.83000183105469,115.62999725341797,13568900.0,111.65960693359375
2018-10-26,116.43000030517578,112.36000061035156,114.0999984741211,115.05000305175781,10820400.0,111.09952545166016
2018-10-29,118.3499984741211,112.05999755859375,116.87999725341797,113.9800033569336,8069600.0,110.0662612915039
2018-10-30,117.73999786376953,113.0999984741211,114.0,117.45999908447266,8057600.0,113.42677307128906
2018-10-31,122.88999938964844,119.26000213623047,119.41000366210938,121.31999969482422,10341300.0,117.15422821044922
2018-11-01,125.2300033569336,120.94000244140625,122.58999633789062,124.69999694824219,10138900.0,120.41816711425781
2018-11-02,128.3000030517578,124.26000213623047,127.05000305175781,125.79000091552734,7683900.0,121.47074890136719
2018-11-05,126.94999694824219,124.55000305175781,126.08999633789062,126.41000366210938,4844200.0,122.0694580078125
2018-11-06,129.5,126.30999755859375,126.4000015258789,129.3300018310547,4728200.0,124.88917541503906
2018-11-07,135.22000122070312,130.8800048828125,133.52000427246094,135.10000610351562,7551900.0,130.46107482910156
2018-11-08,134.6999969482422,130.89999389648438,133.8300018310547,131.38999938964844,6269400.0,126.87845611572266
2018-11-09,129.60000610351562,125.7300033569336,129.58999633789062,126.91000366210938,7248400.0,122.55229187011719
2018-11-12,128.41000366210938,124.58999633789062,127.18000030517578,125.0,5870100.0,120.70787048339844
2018-11-13,129.7899932861328,125.27999877929688,125.5,125.95999908447266,5820200.0,121.6349105834961
2018-11-14,129.0,123.7300033569336,127.2699966430664,125.0999984741211,5516300.0,120.804443359375
2018-11-15,130.27999877929688,123.12999725341797,124.31999969482422,129.4199981689453,5815200.0,124.97608947753906
2018-11-16,131.9199981689453,128.0500030517578,128.7899932861328,129.9600067138672,5957700.0,125.49755859375
2018-11-19,129.49000549316406,125.5999984741211,129.14999389648438,125.9800033569336,5385600.0,121.65421295166016
2018-11-20,123.97000122070312,121.2300033569336,123.8499984741211,122.2699966430664,7746200.0,118.07160186767578
2018-11-21,126.22000122070312,122.51000213623047,122.81999969482422,123.87000274658203,4759500.0,119.61666870117188
2018-11-23,124.05000305175781,121.56999969482422,121.95999908447266,122.31999969482422,3130100.0,118.11988830566406
2018-11-26,125.79000091552734,123.16000366210938,123.6500015258789,124.80000305175781,4696600.0,120.51473999023438
2018-11-27,124.5999984741211,122.38999938964844,124.0,124.5999984741211,4049400.0,120.32160949707031
2018-11-28,130.77999877929688,123.83999633789062,125.30000305175781,130.77000427246094,5745200.0,126.27975463867188
2018-11-29,130.91000366210938,127.58999633789062,130.8000030517578,130.22999572753906,4999600.0,125.75828552246094
2018-11-30,135.97000122070312,129.83999633789062,130.0500030517578,135.6699981689453,8458200.0,131.01150512695312
2018-12-03,142.41000366210938,138.52999877929688,141.8800048828125,138.9499969482422,9365800.0,134.17886352539062
2018-12-04,138.0800018310547,129.0399932861328,138.0800018310547,129.32000732421875,8113400.0,124.87953186035156
2018-12-06,128.69000244140625,124.05000305175781,125.22000122070312,128.3699951171875,6595200.0,123.96215057373047
2018-12-07,129.97999572753906,122.75,129.10000610351562,123.55000305175781,6413700.0,119.30765533447266
2018-12-10,124.37000274658203,121.16000366210938,122.41000366210938,123.38999938964844,5970900.0,119.15314483642578
2018-12-11,127.9800033569336,122.25,127.18000030517578,123.23999786376953,4449900.0,119.00830078125
2018-12-12,127.97000122070312,125.0999984741211,125.73999786376953,125.37000274658203,5544100.0,121.0651626586914
2018-12-13,129.11000061035156,125.04000091552734,126.44999694824219,125.9000015258789,4544100.0,121.57695770263672
2018-12-14,127.73999786376953,123.1500015258789,123.41999816894531,126.7699966430664,4483300.0,122.4170913696289
2018-12-17,127.6500015258789,123.68000030517578,126.80000305175781,124.47000122070312,5662300.0,120.1960678100586
2018-12-18,128.75,123.5999984741211,125.87000274658203,124.2699966430664,5377900.0,120.00292205810547
2018-12-19,128.9499969482422,120.80000305175781,125.06999969482422,122.33000183105469,6416500.0,118.12954711914062
2018-12-20,124.54000091552734,120.76000213623047,121.73999786376953,121.55000305175781,7563500.0,117.37633514404297
2018-12-21,123.7300033569336,119.56999969482422,121.7300033569336,120.06999969482422,10034100.0,115.94715118408203
2018-12-24,119.58999633789062,116.66999816894531,118.16999816894531,116.94999694824219,2986600.0,112.93428802490234
2018-12-26,124.7699966430664,116.08999633789062,118.0,124.76000213623047,5093700.0,120.4760971069336
2018-12-27,126.69000244140625,120.93000030517578,121.80000305175781,126.66999816894531,4599000.0,122.32051086425781
2018-12-28,128.25,125.05000305175781,127.12999725341797,125.61000061035156,3813500.0,121.29692077636719
2018-12-31,128.11000061035156,124.5,126.5999984741211,127.06999969482422,3455200.0,122.706787109375
2019-01-02,127.87999725341797,123.0,124.02999877929688,126.37999725341797,4783200.0,122.04046630859375
2019-01-03,125.5,120.44000244140625,125.30999755859375,121.51000213623047,6165800.0,117.33770751953125
2019-01-04,128.58999633789062,123.69999694824219,124.16999816894531,128.14999389648438,5456600.0,123.74969482421875
2019-01-07,129.60000610351562,126.69999694824219,128.58999633789062,128.22999572753906,4653400.0,123.82695770263672
2019-01-08,131.5,128.22999572753906,129.89999389648438,129.77000427246094,4202600.0,125.31407928466797
2019-01-09,132.22000122070312,129.91000366210938,131.08999633789062,130.27000427246094,4865600.0,125.79691314697266
2019-01-10,133.1199951171875,127.25,128.61000061035156,132.9600067138672,3418500.0,128.39454650878906
2019-01-11,132.32000732421875,130.0500030517578,131.0800018310547,132.10000610351562,2908600.0,127.56409454345703
2019-01-14,132.38999938964844,129.1300048828125,130.30999755859375,131.8000030517578,4482300.0,127.2743911743164
2019-01-15,133.11000061035156,129.55999755859375,132.11000061035156,130.69000244140625,3224100.0,126.2024917602539
2019-01-16,132.52000427246094,130.24000549316406,130.75999450683594,131.66000366210938,3636900.0,127.13917541503906
2019-01-17,135.89999389648438,129.16000366210938,130.47000122070312,134.5399932861328,6878500.0,129.9202880859375
2019-01-18,137.72000122070312,133.66000366210938,135.10000610351562,136.60000610351562,6122400.0,132.7581787109375
2019-01-22,134.94000244140625,131.1699981689453,134.92999267578125,132.24000549316406,5188700.0,128.5207977294922
2019-01-23,133.49000549316406,130.14999389648438,133.0399932861328,131.82000732421875,3123600.0,128.1126251220703
2019-01-24,132.99000549316406,131.1999969482422,131.41000366210938,132.72999572753906,3943600.0,128.99700927734375
2019-01-25,136.88999938964844,133.88999938964844,134.77000427246094,136.86000061035156,6417400.0,133.01084899902344
2019-01-28,127.80000305175781,123.1500015258789,126.98999786376953,124.37000274658203,17421400.0,120.87213134765625
2019-01-29,128.38999938964844,125.61000061035156,125.61000061035156,126.52999877929688,8550800.0,122.97137451171875
2019-01-30,131.35000610351562,126.30999755859375,127.93000030517578,130.11000061035156,7181600.0,126.45069885253906
2019-01-31,133.33999633789062,129.0399932861328,130.32000732421875,133.16000366210938,6643300.0,129.41493225097656
2019-02-01,133.86000061035156,130.11000061035156,133.02999877929688,130.91000366210938,5646700.0,127.22819519042969
2019-02-04,131.30999755859375,130.10000610351562,130.8800048828125,130.8800048828125,4541700.0,127.19905090332031
2019-02-05,132.10000610351562,130.60000610351562,130.6300048828125,132.0,3614500.0,128.28753662109375
2019-02-06,132.10000610351562,130.36000061035156,131.27000427246094,130.5399932861328,3098200.0,126.86859893798828
2019-02-07,130.44000244140625,127.36000061035156,129.2899932861328,128.77999877929688,3682100.0,125.1581039428711
2019-02-08,128.60000610351562,126.55000305175781,127.4800033569336,128.60000610351562,3135000.0,124.98316955566406
2019-02-11,130.07000732421875,128.69000244140625,128.9499969482422,128.92999267578125,2648100.0,125.30387878417969
2019-02-12,133.55999755859375,130.0,130.25999450683594,132.6699981689453,4505600.0,128.93870544433594
2019-02-13,134.30999755859375,132.4499969482422,134.1999969482422,133.10000610351562,3189600.0,129.3566131591797
2019-02-14,133.25,131.27000427246094,131.77999877929688,132.6199951171875,2877500.0,128.8900909423828
2019-02-15,136.25,133.67999267578125,134.10000610351562,136.1999969482422,5217500.0,132.36941528320312
2019-02-19,136.97999572753906,135.0,135.35000610351562,135.8000030517578,3881300.0,131.9806671142578
2019-02-20,140.69000244140625,136.33999633789062,136.38999938964844,140.30999755859375,6199000.0,136.36383056640625
2019-02-21,140.97999572753906,138.41000366210938,139.75,138.8800048828125,4051100.0,134.97406005859375
2019-02-22,139.69000244140625,137.92999267578125,138.77999877929688,138.67999267578125,3485000.0,134.7796630859375
2019-02-25,142.5500030517578,140.17999267578125,140.99000549316406,141.41000366210938,4444100.0,137.43289184570312
2019-02-26,139.02999877929688,135.27000427246094,136.52999877929688,137.97999572753906,7275600.0,134.099365234375
2019-02-27,139.63999938964844,137.13999938964844,137.86000061035156,139.5800018310547,3441000.0,135.65435791015625
2019-02-28,139.0,137.13999938964844,138.5500030517578,137.33999633789062,4024000.0,133.47735595703125
2019-03-01,139.5,136.94000244140625,138.86000061035156,137.47000122070312,3811000.0,133.60369873046875
2019-03-04,139.77000427246094,137.10000610351562,138.8000030517578,138.35000610351562,3859800.0,134.45896911621094
2019-03-05,138.4600067138672,137.0,138.05999755859375,137.13999938964844,3122900.0,133.28297424316406
2019-03-06,137.66000366210938,134.72999572753906,137.5399932861328,134.8300018310547,3886000.0,131.0379638671875
2019-03-07,134.80999755859375,131.6199951171875,134.3800048828125,132.8000030517578,4290800.0,129.06504821777344
2019-03-08,132.1300048828125,130.22999572753906,130.5,131.35000610351562,4238000.0,127.65581512451172
2019-03-11,133.39999389648438,131.60000610351562,131.91000366210938,133.11000061035156,3914800.0,129.3663330078125
2019-03-12,133.3800048828125,131.9199981689453,133.24000549316406,132.47999572753906,4208800.0,128.7540283203125
2019-03-13,134.30999755859375,132.69000244140625,133.97999572753906,133.5,4285200.0,129.745361328125
2019-03-14,134.07000732421875,132.02000427246094,132.83999633789062,133.69000244140625,3742200.0,129.93002319335938
2019-03-15,134.52999877929688,131.97999572753906,133.8699951171875,132.6699981689453,7049900.0,128.93870544433594
2019-03-18,134.1999969482422,132.52999877929688,132.6999969482422,134.10000610351562,4095400.0,130.3284912109375
2019-03-19,135.7100067138672,133.50999450683594,135.35000610351562,134.14999389648438,3315900.0,130.37705993652344
2019-03-20,134.14999389648438,132.05999755859375,133.8300018310547,133.00999450683594,3522100.0,129.2691192626953
2019-03-21,134.60000610351562,132.00999450683594,132.16000366210938,134.05999755859375,2635700.0,130.28961181640625
2019-03-22,133.3000030517578,129.49000549316406,132.99000549316406,129.77000427246094,5745800.0,126.1202621459961
2019-03-25,132.0,129.22999572753906,129.58999633789062,131.3800048828125,3199800.0,127.68499755859375
2019-03-26,133.55999755859375,131.1300048828125,132.69000244140625,131.83999633789062,2638200.0,128.13204956054688
2019-03-27,132.47000122070312,130.25,132.27000427246094,131.1999969482422,2378300.0,127.51004791259766
2019-03-28,132.8000030517578,131.16000366210938,131.89999389648438,132.3699951171875,2487200.0,128.64715576171875
2019-03-29,136.27999877929688,133.6199951171875,134.0,135.49000549316406,4681600.0,131.67938232421875
2019-04-01,140.3699951171875,136.32000732421875,137.69000244140625,140.25,5081500.0,136.30551147460938
2019-04-02,140.69000244140625,139.22999572753906,140.14999389648438,140.19000244140625,2529000.0,136.24720764160156
2019-04-03,140.5500030517578,138.41000366210938,139.85000610351562,139.25999450683594,4821800.0,135.34335327148438
2019-04-04,140.8699951171875,139.0,139.13999938964844,140.1300048828125,2988900.0,136.1888885498047
2019-04-05,141.14999389648438,139.9199981689453,141.10000610351562,140.36000061035156,2812300.0,136.41241455078125
2019-04-08,140.1199951171875,138.61000061035156,140.0,139.82000732421875,2497300.0,135.88760375976562
2019-04-09,138.91000366210938,136.07000732421875,138.64999389648438,136.35000610351562,3316500.0,132.5152130126953
2019-04-10,138.2100067138672,136.27999877929688,137.16000366210938,137.52999877929688,3310600.0,133.66200256347656
2019-04-11,139.58999633789062,136.97999572753906,137.58999633789062,138.8699951171875,2762900.0,134.9643096923828
2019-04-12,141.9199981689453,139.80999755859375,141.0,141.1999969482422,4383000.0,137.2288055419922
2019-04-15,142.42999267578125,139.6699981689453,141.6699981689453,140.25,3030200.0,136.30551147460938
2019-04-16,142.2100067138672,139.58999633789062,140.55999755859375,142.02999877929688,2672800.0,138.0354461669922
2019-04-17,144.5,142.4600067138672,143.0,142.74000549316406,3469400.0,138.72549438476562
2019-04-18,144.77000427246094,142.4199981689453,142.8000030517578,143.36000061035156,4504500.0,140.17257690429688
2019-04-22,143.17999267578125,141.42999267578125,142.9499969482422,142.3800048828125,3637500.0,139.21437072753906
2019-04-23,143.1300048828125,141.44000244140625,142.0,142.02999877929688,5930500.0,138.8721466064453
2019-04-24,140.3000030517578,136.55999755859375,139.75,137.72999572753906,8694400.0,134.66775512695312
2019-04-25,137.4600067138672,134.08999633789062,137.0500030517578,136.1300048828125,5094700.0,133.10333251953125
2019-04-26,139.02999877929688,135.88999938964844,136.55999755859375,139.02999877929688,5119200.0,135.9388427734375
2019-04-29,140.4499969482422,138.82000732421875,139.5,139.02000427246094,3374300.0,135.9290771484375
2019-04-30,140.0,137.5800018310547,139.99000549316406,139.4199981689453,3862000.0,136.32017517089844
2019-05-01,139.92999267578125,137.63999938964844,139.5800018310547,138.14999389648438,3652000.0,135.07839965820312
2019-05-02,138.5399932861328,134.3800048828125,138.52000427246094,135.1699981689453,5405700.0,132.16465759277344
2019-05-03,139.1999969482422,135.8000030517578,136.1199951171875,139.05999755859375,4154800.0,135.9681854248047
2019-05-06,137.49000549316406,134.30999755859375,134.77999877929688,136.75999450683594,4866500.0,133.71932983398438
2019-05-07,136.0,132.05999755859375,135.1999969482422,133.6699981689453,5622900.0,130.69802856445312
2019-05-08,134.4199981689453,131.7899932861328,133.02000427246094,131.9499969482422,4140500.0,129.01625061035156
2019-05-09,131.67999267578125,128.17999267578125,130.22000122070312,131.1999969482422,5906200.0,128.28294372558594
2019-05-10,131.72999572753906,127.91999816894531,130.52999877929688,131.33999633789062,5240600.0,128.41983032226562
2019-05-13,127.5199966430664,124.08000183105469,127.51000213623047,125.30000305175781,8580700.0,122.51412200927734
2019-05-14,128.55999755859375,125.69999694824219,126.5,127.47000122070312,4019100.0,124.63587188720703
2019-05-15,127.95999908447266,124.9800033569336,125.91000366210938,127.30000305175781,2875900.0,124.46965789794922
2019-05-16,128.52999877929688,126.41999816894531,128.42999267578125,126.61000061035156,4316600.0,123.79499816894531
2019-05-17,125.52999877929688,122.31999969482422,124.37999725341797,122.76000213623047,6122600.0,120.03059387207031
2019-05-20,123.02999877929688,121.30999755859375,121.55999755859375,122.43000030517578,6312500.0,119.70792388916016
2019-05-21,125.06999969482422,122.72000122070312,123.33000183105469,124.94999694824219,5492900.0,122.17190551757812
2019-05-22,125.44000244140625,123.5199966430664,124.25,123.55999755859375,4620400.0,120.81280517578125
2019-05-23,123.76000213623047,121.41000366210938,122.0999984741211,122.26000213623047,4964900.0,119.54171752929688
2019-05-24,124.08000183105469,122.20999908447266,123.5199966430664,122.9000015258789,3802500.0,120.16748046875
2019-05-28,123.45999908447266,121.51000213623047,122.9000015258789,121.58999633789062,4889400.0,118.88660430908203
2019-05-29,122.83000183105469,120.26000213623047,120.5,121.4800033569336,5330000.0,118.779052734375
2019-05-30,122.68000030517578,121.27999877929688,121.61000061035156,121.83999633789062,2878300.0,119.13105010986328
2019-05-31,120.75,118.73999786376953,119.79000091552734,119.80999755859375,4711500.0,117.14617919921875
2019-06-03,121.69000244140625,119.76000213623047,119.91000366210938,120.6500015258789,4161800.0,117.9675064086914
2019-06-04,122.7699966430664,120.75,121.80999755859375,122.08000183105469,4060400.0,119.36571502685547
2019-06-05,123.63999938964844,121.95999908447266,123.4000015258789,123.12000274658203,3598400.0,120.38258361816406
2019-06-06,123.94999694824219,122.2300033569336,123.0999984741211,123.38999938964844,3295700.0,120.6465835571289
2019-06-07,125.62999725341797,124.08000183105469,124.37999725341797,124.45999908447266,2547500.0,121.69280242919922
2019-06-10,127.27999877929688,125.23999786376953,125.47000122070312,125.73999786376953,3705000.0,122.9443359375
2019-06-11,129.60000610351562,126.95999908447266,129.0,127.27999877929688,4516200.0,124.4500961303711
2019-06-12,127.5199966430664,126.08000183105469,126.75,127.0999984741211,3034600.0,124.27410125732422
2019-06-13,128.39999389648438,126.76000213623047,127.3499984741211,127.16999816894531,3495200.0,124.34254455566406
2019-06-14,127.6500015258789,125.5,126.61000061035156,127.2300033569336,2530100.0,124.40121459960938
2019-06-17,128.22999572753906,126.68000030517578,127.20999908447266,127.31999969482422,2607900.0,124.48921203613281
2019-06-18,131.35000610351562,128.2100067138672,128.39999389648438,130.3300018310547,4756100.0,127.43228149414062
2019-06-19,131.5399932861328,129.8699951171875,130.32000732421875,130.61000061035156,3847200.0,127.7060546875
2019-06-20,133.8000030517578,131.50999450683594,132.89999389648438,133.6300048828125,3803600.0,130.65890502929688
2019-06-21,135.25,132.5500030517578,133.35000610351562,133.88999938964844,5742500.0,130.9131317138672
2019-06-24,134.9499969482422,133.5500030517578,133.63999938964844,134.3699951171875,3197700.0,131.38246154785156
2019-06-25,134.91000366210938,132.6300048828125,134.5800018310547,133.7100067138672,3751800.0,130.73715209960938
2019-06-26,135.64999389648438,134.17999267578125,134.25999450683594,135.14999389648438,3343700.0,132.14512634277344
2019-06-27,136.00999450683594,133.97000122070312,135.6999969482422,135.5,3594400.0,132.48733520507812
2019-06-28,137.27000427246094,136.0,136.0,136.2899932861328,10469400.0,133.259765625
2019-07-01,140.1699981689453,134.97000122070312,139.3000030517578,136.60000610351562,4846200.0,133.56289672851562
2019-07-02,136.99000549316406,135.07000732421875,136.60000610351562,135.85000610351562,3204900.0,132.82955932617188
2019-07-03,136.47999572753906,134.3300018310547,136.44000244140625,135.58999633789062,2538600.0,132.57533264160156
2019-07-05,135.58999633789062,133.22000122070312,134.42999267578125,135.49000549316406,3071800.0,132.47755432128906
2019-07-08,136.1300048828125,134.42999267578125,135.14999389648438,134.83999633789062,2742100.0,131.84201049804688
2019-07-09,134.44000244140625,133.35000610351562,134.11000061035156,134.2899932861328,2618700.0,131.30422973632812
2019-07-10,135.49000549316406,132.5500030517578,134.72999572753906,132.63999938964844,3933300.0,129.69091796875
2019-07-11,134.00999450683594,132.58999633789062,133.1999969482422,133.9600067138672,3164200.0,130.98158264160156
2019-07-12,138.3800048828125,134.60000610351562,134.7100067138672,138.36000061035156,4149800.0,135.28375244140625
2019-07-15,139.99000549316406,138.25999450683594,138.3800048828125,139.63999938964844,4498700.0,136.53529357910156
2019-07-16,140.6199951171875,138.16000366210938,139.41000366210938,139.08999633789062,4051600.0,135.9975128173828
2019-07-17,138.50999450683594,135.72999572753906,138.1999969482422,135.72999572753906,3750200.0,132.71221923828125
2019-07-18,135.92999267578125,134.0399932861328,134.8699951171875,134.88999938964844,3552100.0,131.89088439941406
2019-07-19,137.0500030517578,134.22000122070312,134.22000122070312,136.22999572753906,4837100.0,134.22604370117188
2019-07-22,136.66000366210938,134.60000610351562,136.3699951171875,135.24000549316406,3267800.0,133.25059509277344
2019-07-23,138.22999572753906,135.52999877929688,135.92999267578125,138.10000610351562,4122200.0,136.0685272216797
2019-07-24,134.30999755859375,128.4499969482422,130.97999572753906,131.91000366210938,12664900.0,129.96958923339844
2019-07-25,134.89999389648438,131.00999450683594,131.0800018310547,134.7100067138672,4823200.0,132.7283935546875
2019-07-26,134.72999572753906,132.6300048828125,134.4499969482422,132.9199981689453,4238000.0,130.96473693847656
2019-07-29,134.64999389648438,132.85000610351562,133.49000549316406,134.4600067138672,2715600.0,132.48208618164062
2019-07-30,133.57000732421875,131.49000549316406,133.32000732421875,132.9499969482422,3236700.0,130.99427795410156
2019-07-31,134.3699951171875,131.00999450683594,132.89999389648438,131.6699981689453,4322000.0,129.7331085205078
2019-08-01,133.19000244140625,126.41999816894531,131.63999938964844,126.79000091552734,5530100.0,124.9249038696289
2019-08-02,126.80000305175781,123.5,126.55000305175781,124.54000091552734,5968600.0,122.70800018310547
2019-08-05,122.80999755859375,120.33000183105469,122.11000061035156,121.6500015258789,5482500.0,119.86050415039062
2019-08-06,123.6500015258789,120.63999938964844,122.77999877929688,122.08000183105469,3713900.0,120.28418731689453
2019-08-07,121.19999694824219,118.6500015258789,120.0,120.77999877929688,5048700.0,119.00330352783203
2019-08-08,122.0999984741211,120.37000274658203,121.0,122.0199966430664,3734800.0,120.22506713867188
2019-08-09,121.69999694824219,118.80999755859375,121.51000213623047,119.37999725341797,3805600.0,117.6239013671875
2019-08-12,119.02999877929688,116.06999969482422,118.94999694824219,116.72000122070312,4321500.0,115.00303649902344
2019-08-13,122.0,116.79000091552734,116.94000244140625,119.01000213623047,4331900.0,117.25934600830078
2019-08-14,116.9000015258789,115.04000091552734,116.58000183105469,115.20999908447266,5543100.0,113.51524353027344
2019-08-15,115.5999984741211,113.97000122070312,115.08000183105469,115.25,4171900.0,113.55465698242188
2019-08-16,117.87000274658203,115.91999816894531,116.25,116.43000030517578,3551900.0,114.71729278564453
2019-08-19,118.48999786376953,116.70999908447266,118.22000122070312,117.36000061035156,2630900.0,115.63361358642578
2019-08-20,117.79000091552734,116.47000122070312,117.58999633789062,116.66999816894531,2402000.0,114.9537582397461
2019-08-21,119.31999969482422,117.54000091552734,118.0,117.68000030517578,2783000.0,115.94890594482422
2019-08-22,118.94000244140625,117.22000122070312,118.33000183105469,117.88999938964844,2118200.0,116.15581512451172
2019-08-23,116.9000015258789,113.31999969482422,116.25,114.05999755859375,6102000.0,112.38215637207031
2019-08-26,115.66999816894531,113.83999633789062,115.05999755859375,114.41999816894531,5200400.0,112.73685455322266
2019-08-27,115.45999908447266,113.1500015258789,115.16000366210938,113.37999725341797,3160700.0,111.712158203125
2019-08-28,114.94999694824219,111.75,112.86000061035156,114.86000061035156,3187900.0,113.17039489746094
2019-08-29,118.12999725341797,116.48999786376953,116.62000274658203,117.7699966430664,3442900.0,116.03758239746094
2019-08-30,119.58999633789062,118.44999694824219,119.0199966430664,119.0,2912000.0,117.2494888305664
2019-09-03,117.9000015258789,115.4000015258789,117.9000015258789,117.02999877929688,3780600.0,115.3084716796875
2019-09-04,119.23999786376953,118.26000213623047,118.41999816894531,119.0999984741211,3688400.0,117.3480224609375
2019-09-05,124.23999786376953,120.5,120.5,122.98999786376953,5355100.0,121.18079376220703
2019-09-06,124.33999633789062,122.45999908447266,123.70999908447266,122.69999694824219,3315700.0,120.89505767822266
2019-09-09,127.38999938964844,123.19999694824219,123.38999938964844,127.25,4433300.0,125.37813568115234
2019-09-10,130.2899932861328,127.22000122070312,127.26000213623047,130.2899932861328,8479700.0,128.37339782714844
2019-09-11,133.19000244140625,129.47000122070312,130.85000610351562,133.08999633789062,7592600.0,131.13221740722656
2019-09-12,132.69000244140625,130.07000732421875,132.0,131.75,5594600.0,129.8119354248047
2019-09-13,133.99000549316406,131.1300048828125,132.8000030517578,133.77999877929688,3704900.0,131.81207275390625
2019-09-16,133.8000030517578,131.99000549316406,132.99000549316406,133.14999389648438,2876500.0,131.19134521484375
2019-09-17,132.75999450683594,131.19000244140625,132.58999633789062,132.1699981689453,2888900.0,130.2257537841797
2019-09-18,132.22000122070312,129.72000122070312,131.6300048828125,131.07000732421875,3005700.0,129.14195251464844
2019-09-19,132.02999877929688,129.8699951171875,131.47000122070312,130.1199951171875,2725700.0,128.20591735839844
2019-09-20,130.99000549316406,127.87000274658203,130.00999450683594,128.16000366210938,6412300.0,126.27474975585938
2019-09-23,128.8800048828125,126.33999633789062,127.33999633789062,128.4199981689453,2723500.0,126.53092193603516
2019-09-24,129.0,125.56999969482422,128.74000549316406,125.98999786376953,3370700.0,124.13666534423828
2019-09-25,126.81999969482422,125.0199966430664,125.8499984741211,126.61000061035156,2354100.0,124.74754333496094
2019-09-26,126.91999816894531,125.6500015258789,126.79000091552734,126.38999938964844,2227400.0,124.5307846069336
2019-09-27,127.37999725341797,125.66000366210938,127.0,126.58999633789062,2214300.0,124.72783660888672
2019-09-30,127.0999984741211,125.87999725341797,126.33999633789062,126.30999755859375,2795300.0,124.45195770263672
2019-10-01,128.5,122.30000305175781,127.4000015258789,122.37000274658203,3718200.0,120.56991577148438
2019-10-02,121.8499984741211,119.33999633789062,121.1500015258789,119.95999908447266,4255800.0,118.19536590576172
2019-10-03,120.05999755859375,117.25,119.33999633789062,120.04000091552734,3110200.0,118.2741928100586
2019-10-04,121.1500015258789,119.3499984741211,119.72000122070312,121.04000091552734,2442300.0,119.25947570800781
2019-10-07,121.69999694824219,119.75,120.8499984741211,120.25,2334500.0,118.4811019897461
2019-10-08,119.19999694824219,117.69000244140625,118.79000091552734,117.97000122070312,3530000.0,116.2346420288086
2019-10-09,120.05999755859375,118.0,119.48999786376953,119.44000244140625,2557300.0,117.68302154541016
2019-10-10,123.02999877929688,119.76000213623047,120.04000091552734,122.69000244140625,3242900.0,120.88521575927734
2019-10-11,130.3800048828125,125.4000015258789,125.61000061035156,128.39999389648438,6747800.0,126.5112075805664
2019-10-14,128.55999755859375,126.01000213623047,126.80999755859375,128.3800048828125,2851500.0,126.49151611328125
2019-10-15,131.67999267578125,127.6500015258789,127.98999786376953,131.02999877929688,3289000.0,129.10252380371094
2019-10-16,132.80999755859375,130.11000061035156,131.0,130.19000244140625,3038300.0,128.27488708496094
2019-10-17,132.86000061035156,130.17999267578125,130.97000122070312,132.07000732421875,3418300.0,130.1272430419922
2019-10-18,132.02999877929688,129.99000549316406,130.14999389648438,130.7100067138672,4329200.0,129.79953002929688
2019-10-21,133.4499969482422,131.5,131.9499969482422,132.22999572753906,4225200.0,131.30894470214844
2019-10-22,134.25999450683594,130.94000244140625,132.58999633789062,133.69000244140625,4681600.0,132.75877380371094
2019-10-23,135.99000549316406,130.6999969482422,134.22999572753906,135.33999633789062,11295900.0,134.39727783203125
2019-10-24,135.2899932861328,132.3800048828125,135.08999633789062,133.85000610351562,3916200.0,132.91766357421875
2019-10-25,139.97999572753906,134.85000610351562,135.0,139.72999572753906,8319500.0,138.75669860839844
2019-10-28,141.6300048828125,138.8699951171875,139.97000122070312,140.05999755859375,6173800.0,139.0843963623047
2019-10-29,141.4499969482422,138.77000427246094,139.3800048828125,141.3300018310547,4427900.0,140.34555053710938
2019-10-30,141.0,139.61000061035156,141.0,140.33999633789062,3947900.0,139.36244201660156
2019-10-31,140.33999633789062,136.38999938964844,139.3699951171875,137.8000030517578,4037500.0,136.84014892578125
2019-11-01,144.61000061035156,139.22999572753906,139.3699951171875,144.49000549316406,6220200.0,143.48355102539062
2019-11-04,147.0,145.02000427246094,145.35000610351562,146.9199981689453,5437800.0,145.89662170410156
2019-11-05,148.0,145.6699981689453,146.86000061035156,146.3699951171875,4516500.0,145.35044860839844
2019-11-06,146.47000122070312,144.66000366210938,146.47000122070312,145.49000549316406,3736600.0,144.47657775878906
2019-11-07,148.41000366210938,146.75,147.38999938964844,147.00999450683594,3816700.0,145.98599243164062
2019-11-08,148.17999267578125,145.8000030517578,146.66000366210938,148.16000366210938,2776600.0,147.12799072265625
2019-11-11,148.14999389648438,146.61000061035156,146.74000549316406,148.0,2205100.0,146.96910095214844
2019-11-12,148.47000122070312,146.02000427246094,148.11000061035156,146.33999633789062,2843100.0,145.32064819335938
2019-11-13,145.86000061035156,143.69000244140625,144.36000061035156,144.49000549316406,3194400.0,143.48355102539062
2019-11-14,145.33999633789062,143.2100067138672,144.2100067138672,143.44000244140625,2581700.0,142.44085693359375
2019-11-15,145.8800048828125,144.50999450683594,144.55999755859375,145.30999755859375,2827400.0,144.29783630371094
2019-11-18,144.77999877929688,143.02000427246094,144.24000549316406,143.58999633789062,2638600.0,142.58981323242188
2019-11-19,144.75999450683594,142.75999450683594,144.35000610351562,143.17999267578125,2085100.0,142.1826629638672
2019-11-20,142.6999969482422,140.10000610351562,142.4499969482422,141.52000427246094,3484700.0,140.53424072265625
2019-11-21,143.94000244140625,140.9499969482422,141.5500030517578,143.36000061035156,3297700.0,142.36141967773438
2019-11-22,144.4600067138672,143.02999877929688,143.9199981689453,143.8800048828125,2258300.0,142.87779235839844
2019-11-25,146.57000732421875,143.8000030517578,144.75,146.4199981689453,3085200.0,145.4001007080078
2019-11-26,146.64999389648438,145.49000549316406,146.39999389648438,146.08999633789062,2468100.0,145.0723876953125
2019-11-27,145.72000122070312,143.6999969482422,145.02000427246094,145.69000244140625,2660200.0,144.67518615722656
2019-11-29,145.4600067138672,143.7899932861328,144.19000244140625,144.72999572753906,1652500.0,143.72186279296875
2019-12-02,146.0399932861328,142.83999633789062,145.1999969482422,142.9600067138672,2896200.0,141.96420288085938
2019-12-03,140.42999267578125,138.55999755859375,140.0500030517578,140.05999755859375,3839600.0,139.0843963623047
2019-12-04,142.27999877929688,140.0,140.97999572753906,140.1199951171875,2484600.0,139.14398193359375
2019-12-05,141.1199951171875,139.52999877929688,140.5800018310547,141.0500030517578,2277700.0,140.0675048828125
2019-12-06,143.4199981689453,142.1699981689453,142.91000366210938,142.72000122070312,2271400.0,141.7258758544922
2019-12-09,143.27999877929688,142.3699951171875,142.97000122070312,142.8300018310547,1585100.0,141.83511352539062
2019-12-10,143.58999633789062,141.75,142.69000244140625,142.8699951171875,1888900.0,141.87481689453125
2019-12-11,144.6199951171875,143.2899932861328,143.77000427246094,144.0,2265700.0,142.99696350097656
2019-12-12,147.39999389648438,143.0,143.5399932861328,146.77999877929688,3714100.0,145.75759887695312
2019-12-13,148.39999389648438,145.14999389648438,146.8000030517578,145.52999877929688,3311700.0,144.51629638671875
2019-12-16,148.3000030517578,145.22999572753906,147.7100067138672,145.36000061035156,2414800.0,144.3474884033203
2019-12-17,146.99000549316406,145.4600067138672,145.5,146.3699951171875,2850800.0,145.35044860839844
2019-12-18,147.3000030517578,145.60000610351562,146.5,147.1199951171875,2629500.0,146.09521484375
2019-12-19,146.97999572753906,144.3000030517578,146.97999572753906,145.02000427246094,3576800.0,144.00985717773438
2019-12-20,147.77000427246094,145.24000549316406,147.3800048828125,147.57000732421875,6805400.0,146.54209899902344
2019-12-23,148.52999877929688,146.77999877929688,147.67999267578125,148.5,2346500.0,147.46560668945312
2019-12-24,148.8000030517578,147.2899932861328,148.6999969482422,147.47999572753906,966200.0,146.4527130126953
2019-12-26,148.22999572753906,146.99000549316406,147.89999389648438,148.22000122070312,1576900.0,147.18756103515625
2019-12-27,148.92999267578125,147.99000549316406,148.63999938964844,148.27999877929688,1544500.0,147.2471466064453
2019-12-30,148.47000122070312,147.00999450683594,148.4199981689453,147.52000427246094,1789200.0,146.49244689941406
2019-12-31,148.22999572753906,146.7899932861328,147.42999267578125,147.67999267578125,1952500.0,146.6513214111328
2020-01-02,150.5500030517578,147.97999572753906,149.0,150.52999877929688,3311900.0,149.48147583007812
2020-01-03,149.9600067138672,147.4499969482422,148.77000427246094,148.44000244140625,3100600.0,147.40603637695312
2020-01-06,148.55999755859375,146.5399932861328,147.27000427246094,148.33999633789062,2549600.0,147.3067169189453
2020-01-07,147.57000732421875,145.50999450683594,147.35000610351562,146.3800048828125,2841900.0,145.36038208007812
2020-01-08,148.57000732421875,146.4600067138672,146.8300018310547,147.67999267578125,2153200.0,146.6513214111328
2020-01-09,147.97000122070312,146.50999450683594,147.80999755859375,147.30999755859375,2272500.0,146.28390502929688
2020-01-10,147.72000122070312,145.8300018310547,147.4499969482422,146.1300048828125,2393700.0,145.11212158203125
2020-01-13,146.8300018310547,145.5500030517578,146.52999877929688,146.82000732421875,3355200.0,145.7973175048828
2020-01-14,147.97999572753906,146.30999755859375,147.4499969482422,146.67999267578125,2742200.0,145.6582794189453
2020-01-15,146.74000549316406,145.1999969482422,146.22000122070312,145.57000732421875,2640500.0,144.5560302734375
2020-01-16,147.92999267578125,146.24000549316406,146.42999267578125,147.8699951171875,3070900.0,146.83999633789062
2020-01-17,148.27000427246094,146.60000610351562,147.2100067138672,147.77999877929688,3331500.0,147.77999877929688
2020-01-21,147.8699951171875,145.69000244140625,147.1999969482422,145.85000610351562,2476700.0,145.85000610351562
2020-01-22,146.55999755859375,142.52000427246094,146.25,142.6300048828125,3602400.0,142.6300048828125
2020-01-23,143.2100067138672,139.8000030517578,141.80999755859375,142.75,3182700.0,142.75
2020-01-24,142.6999969482422,139.25999450683594,142.5500030517578,140.3800048828125,2526200.0,140.3800048828125
2020-01-27,137.80999755859375,135.57000732421875,136.89999389648438,135.72999572753906,2920500.0,135.72999572753906
2020-01-28,137.60000610351562,135.6199951171875,137.02000427246094,136.74000549316406,2763800.0,136.74000549316406
2020-01-29,137.75999450683594,135.6699981689453,137.58999633789062,135.77999877929688,2620000.0,135.77999877929688
