Date,High,Low,Open,Close,Volume,Adj Close
2017-01-30,31.0,30.6299991607666,30.940000534057617,30.829999923706055,15481800.0,28.12856101989746
2017-01-31,30.889999389648438,30.579999923706055,30.68000030517578,30.719999313354492,16603100.0,28.0282039642334
2017-02-01,30.850000381469727,30.420000076293945,30.850000381469727,30.5,19504600.0,27.82748031616211
2017-02-02,31.260000228881836,30.530000686645508,30.690000534057617,31.18000030517578,27456700.0,28.447893142700195
2017-02-03,31.350000381469727,31.1200008392334,31.270000457763672,31.31999969482422,21288800.0,28.575626373291016
2017-02-06,31.309999465942383,31.1200008392334,31.290000915527344,31.299999237060547,16774200.0,28.557376861572266
2017-02-07,31.639999389648438,31.329999923706055,31.3799991607666,31.450000762939453,18420200.0,28.694236755371094
2017-02-08,31.549999237060547,31.25,31.459999084472656,31.270000457763672,20434300.0,28.530010223388672
2017-02-09,31.690000534057617,31.299999237060547,31.350000381469727,31.5,18706900.0,28.739856719970703
2017-02-10,31.6299991607666,31.239999771118164,31.479999542236328,31.510000228881836,21557700.0,28.748979568481445
2017-02-13,32.0,31.549999237060547,31.670000076293945,31.969999313354492,26518800.0,29.168672561645508
2017-02-14,32.310001373291016,31.770000457763672,31.899999618530273,32.310001373291016,31463500.0,29.4788818359375
2017-02-15,32.84000015258789,32.290000915527344,32.349998474121094,32.81999969482422,41169400.0,29.94419288635254
2017-02-16,33.970001220703125,33.25,33.2599983215332,33.599998474121094,50143700.0,30.655847549438477
2017-02-17,33.77000045776367,33.43000030517578,33.52000045776367,33.7400016784668,31841200.0,30.783573150634766
2017-02-21,34.209999084472656,33.65999984741211,33.689998626708984,34.130001068115234,26992700.0,31.139404296875
2017-02-22,34.150001525878906,33.65999984741211,34.040000915527344,34.09000015258789,26632700.0,31.102909088134766
2017-02-23,34.279998779296875,33.95000076293945,34.279998779296875,34.040000915527344,17450100.0,31.057283401489258
2017-02-24,34.31999969482422,33.79999923706055,33.97999954223633,34.31999969482422,21137300.0,31.3127498626709
2017-02-27,34.31999969482422,34.119998931884766,34.209999084472656,34.2599983215332,15625400.0,31.258014678955078
2017-02-28,34.290000915527344,34.040000915527344,34.15999984741211,34.18000030517578,23093100.0,31.18502426147461
2017-03-01,34.5099983215332,34.18000030517578,34.279998779296875,34.439998626708984,22754200.0,31.422239303588867
2017-03-02,34.529998779296875,34.209999084472656,34.40999984741211,34.38999938964844,16137700.0,31.376619338989258
2017-03-03,34.439998626708984,34.22999954223633,34.41999816894531,34.290000915527344,14175000.0,31.285383224487305
2017-03-06,34.279998779296875,33.959999084472656,34.040000915527344,34.189998626708984,17605100.0,31.194150924682617
2017-03-07,34.25,33.9900016784668,34.0,34.20000076293945,21033700.0,31.203269958496094
2017-03-08,34.22999954223633,33.93000030517578,34.18000030517578,34.02000045776367,18686700.0,31.039047241210938
2017-03-09,34.11000061035156,33.869998931884766,34.040000915527344,34.06999969482422,17490200.0,31.084665298461914
2017-03-10,34.29999923706055,34.08000183105469,34.2400016784668,34.2599983215332,19038400.0,31.258014678955078
2017-03-13,34.33000183105469,34.0,34.220001220703125,34.099998474121094,16164800.0,31.11203384399414
2017-03-14,34.13999938964844,33.84000015258789,33.939998626708984,34.119998931884766,14578400.0,31.130277633666992
2017-03-15,34.349998474121094,34.04999923706055,34.06999969482422,34.2400016784668,14961700.0,31.239765167236328
2017-03-16,34.47999954223633,34.099998474121094,34.25,34.22999954223633,14521600.0,31.230642318725586
2017-03-17,34.380001068115234,34.189998626708984,34.349998474121094,34.22999954223633,26787200.0,31.230642318725586
2017-03-20,34.38999938964844,34.20000076293945,34.20000076293945,34.279998779296875,14974100.0,31.276256561279297
2017-03-21,34.470001220703125,33.779998779296875,34.45000076293945,33.880001068115234,21406000.0,30.911312103271484
2017-03-22,34.20000076293945,33.779998779296875,33.779998779296875,34.099998474121094,16646100.0,31.11203384399414
2017-03-23,34.2599983215332,33.90999984741211,34.08000183105469,33.959999084472656,16709300.0,30.98430061340332
2017-03-24,34.29999923706055,33.95000076293945,34.06999969482422,34.08000183105469,18125100.0,31.09378433227539
2017-03-27,34.029998779296875,33.75,33.81999969482422,33.9900016784668,17740600.0,31.011672973632812
2017-03-28,34.209999084472656,33.81999969482422,33.900001525878906,34.02000045776367,21179300.0,31.039047241210938
2017-03-29,34.04999923706055,33.650001525878906,34.0,33.7400016784668,16504100.0,30.783573150634766
2017-03-30,33.93000030517578,33.720001220703125,33.79999923706055,33.7400016784668,12801600.0,30.783573150634766
2017-03-31,33.880001068115234,33.65999984741211,33.720001220703125,33.79999923706055,14038500.0,30.83832359313965
2017-04-03,33.939998626708984,33.459999084472656,33.70000076293945,33.58000183105469,19367800.0,30.63759994506836
2017-04-04,33.41999816894531,32.93000030517578,33.25,33.40999984741211,18602600.0,30.74803924560547
2017-04-05,33.529998779296875,32.970001220703125,33.4900016784668,33.0,17572500.0,30.37070083618164
2017-04-06,33.279998779296875,32.88999938964844,33.0,33.08000183105469,15316800.0,30.444334030151367
2017-04-07,33.150001525878906,32.91999816894531,33.099998474121094,32.959999084472656,13942800.0,30.333890914916992
2017-04-10,33.220001220703125,32.869998931884766,32.959999084472656,33.0099983215332,14824100.0,30.379907608032227
2017-04-11,33.08000183105469,32.63999938964844,33.040000915527344,32.91999816894531,18945800.0,30.297077178955078
2017-04-12,32.959999084472656,32.5,32.86000061035156,32.619998931884766,25455100.0,30.020980834960938
2017-04-13,32.849998474121094,32.41999816894531,32.709999084472656,32.41999816894531,16234900.0,29.836910247802734
2017-04-17,32.66999816894531,32.45000076293945,32.47999954223633,32.61000061035156,11961200.0,30.01177978515625
2017-04-18,32.72999954223633,32.45000076293945,32.560001373291016,32.66999816894531,13349600.0,30.066993713378906
2017-04-19,32.88999938964844,32.61000061035156,32.79999923706055,32.650001525878906,16373800.0,30.04859161376953
2017-04-20,32.95000076293945,32.720001220703125,32.790000915527344,32.83000183105469,11927500.0,30.21425437927246
2017-04-21,32.939998626708984,32.66999816894531,32.939998626708984,32.81999969482422,13877700.0,30.205045700073242
2017-04-24,33.36000061035156,33.130001068115234,33.2400016784668,33.279998779296875,15400500.0,30.628395080566406
2017-04-25,33.52000045776367,33.349998474121094,33.38999938964844,33.41999816894531,15058800.0,30.757238388061523
2017-04-26,33.630001068115234,33.369998931884766,33.58000183105469,33.400001525878906,17949700.0,30.738834381103516
2017-04-27,34.11000061035156,33.619998931884766,34.0099983215332,33.75,26639000.0,31.060943603515625
2017-04-28,34.08000183105469,33.66999816894531,33.880001068115234,34.06999969482422,20461700.0,31.355451583862305
2017-05-01,34.13999938964844,33.810001373291016,34.11000061035156,33.970001220703125,13577300.0,31.263416290283203
2017-05-02,34.2400016784668,33.93000030517578,34.060001373291016,34.2400016784668,15983600.0,31.51190185546875
2017-05-03,34.34000015258789,34.119998931884766,34.15999984741211,34.25,14432200.0,31.5211124420166
2017-05-04,34.4900016784668,34.06999969482422,34.33000183105469,34.18000030517578,13638500.0,31.45668601989746
2017-05-05,34.400001525878906,34.06999969482422,34.25,34.38999938964844,15091800.0,31.649951934814453
2017-05-08,34.599998474121094,34.150001525878906,34.459999084472656,34.290000915527344,13232700.0,31.55792236328125
2017-05-09,34.2599983215332,33.84000015258789,34.13999938964844,33.900001525878906,18855900.0,31.198997497558594
2017-05-10,33.900001525878906,33.58000183105469,33.900001525878906,33.7400016784668,17481400.0,31.051740646362305
2017-05-11,33.81999969482422,33.47999954223633,33.720001220703125,33.630001068115234,17515600.0,30.95050811767578
2017-05-12,33.619998931884766,33.13999938964844,33.599998474121094,33.45000076293945,20194300.0,30.78485107421875
2017-05-15,34.459999084472656,33.970001220703125,34.0,34.22999954223633,31531000.0,31.50269889831543
2017-05-16,34.33000183105469,34.029998779296875,34.2400016784668,34.29999923706055,18950000.0,31.567127227783203
2017-05-17,34.310001373291016,33.79999923706055,34.20000076293945,33.81999969482422,38787800.0,31.125362396240234
2017-05-18,31.510000228881836,30.3700008392334,31.100000381469727,31.3799991607666,85500500.0,28.879776000976562
2017-05-19,31.780000686645508,31.020000457763672,31.739999771118164,31.209999084472656,39859200.0,28.723323822021484
2017-05-22,31.979999542236328,31.149999618530273,31.149999618530273,31.59000015258789,35085200.0,29.073047637939453
2017-05-23,31.8700008392334,31.520000457763672,31.829999923706055,31.760000228881836,29827500.0,29.229503631591797
2017-05-24,31.940000534057617,31.219999313354492,31.93000030517578,31.489999771118164,23446300.0,28.981016159057617
2017-05-25,31.690000534057617,31.3700008392334,31.549999237060547,31.440000534057617,21586500.0,28.93499755859375
2017-05-26,31.59000015258789,31.360000610351562,31.510000228881836,31.5,16403100.0,28.990217208862305
2017-05-30,31.809999465942383,31.389999389648438,31.399999618530273,31.68000030517578,17108300.0,29.1558780670166
2017-05-31,31.889999389648438,31.469999313354492,31.780000686645508,31.530000686645508,30196700.0,29.0178279876709
2017-06-01,31.81999969482422,31.469999313354492,31.520000457763672,31.81999969482422,15525500.0,29.28472328186035
2017-06-02,32.060001373291016,31.68000030517578,31.93000030517578,31.979999542236328,20085200.0,29.431974411010742
2017-06-05,32.04999923706055,31.56999969482422,32.04999923706055,31.760000228881836,15976000.0,29.229503631591797
2017-06-06,31.760000228881836,31.5,31.75,31.559999465942383,16186600.0,29.045434951782227
2017-06-07,31.719999313354492,31.440000534057617,31.610000610351562,31.610000610351562,14948400.0,29.091455459594727
2017-06-08,31.809999465942383,31.520000457763672,31.530000686645508,31.610000610351562,21828600.0,29.091455459594727
2017-06-09,31.829999923706055,31.09000015258789,31.639999389648438,31.3700008392334,25376600.0,28.870576858520508
2017-06-12,31.639999389648438,31.149999618530273,31.34000015258789,31.25,25784400.0,28.760133743286133
2017-06-13,31.799999237060547,31.280000686645508,31.299999237060547,31.700000762939453,27781000.0,29.174280166625977
2017-06-14,31.969999313354492,31.329999923706055,31.8700008392334,31.600000381469727,24940400.0,29.082250595092773
2017-06-15,31.639999389648438,31.219999313354492,31.25,31.579999923706055,19328000.0,29.063844680786133
2017-06-16,31.639999389648438,31.200000762939453,31.610000610351562,31.6299991607666,36367400.0,29.109861373901367
2017-06-19,32.02000045776367,31.579999923706055,31.770000457763672,31.989999771118164,18459200.0,29.441179275512695
2017-06-20,32.15999984741211,31.84000015258789,31.940000534057617,31.850000381469727,18190100.0,29.312334060668945
2017-06-21,31.8700008392334,31.510000228881836,31.729999542236328,31.84000015258789,20386100.0,29.303129196166992
2017-06-22,32.0,31.700000762939453,31.90999984741211,31.850000381469727,19436600.0,29.312334060668945
2017-06-23,32.29999923706055,31.75,31.850000381469727,32.09000015258789,25792200.0,29.5332088470459
2017-06-26,32.5,32.18000030517578,32.220001220703125,32.2400016784668,22175000.0,29.67125701904297
2017-06-27,32.2599983215332,31.760000228881836,32.09000015258789,31.760000228881836,23224200.0,29.229503631591797
2017-06-28,32.279998779296875,31.760000228881836,31.780000686645508,32.08000183105469,17732300.0,29.52400779724121
2017-06-29,32.029998779296875,31.25,31.790000915527344,31.40999984741211,27664500.0,28.907386779785156
2017-06-30,31.790000915527344,31.299999237060547,31.790000915527344,31.299999237060547,23604600.0,28.806150436401367
2017-07-03,31.639999389648438,31.030000686645508,31.09000015258789,31.329999923706055,14112100.0,28.83376121520996
2017-07-05,31.270000457763672,30.729999542236328,30.850000381469727,31.110000610351562,24270300.0,28.898788452148438
2017-07-06,31.020000457763672,30.670000076293945,30.989999771118164,30.719999313354492,20789100.0,28.53650665283203
2017-07-07,31.06999969482422,30.75,30.760000228881836,30.899999618530273,15860600.0,28.70371437072754
2017-07-10,31.09000015258789,30.81999969482422,30.8799991607666,30.979999542236328,15528800.0,28.77802848815918
2017-07-11,31.1200008392334,30.860000610351562,31.049999237060547,31.09000015258789,12806000.0,28.880212783813477
2017-07-12,31.440000534057617,31.149999618530273,31.25,31.15999984741211,18586200.0,28.945232391357422
2017-07-13,31.280000686645508,31.079999923706055,31.260000228881836,31.270000457763672,15934200.0,29.047414779663086
2017-07-14,31.450000762939453,31.270000457763672,31.3700008392334,31.420000076293945,13573100.0,29.186752319335938
2017-07-17,31.639999389648438,31.450000762939453,31.5,31.5,16427500.0,29.261066436767578
2017-07-18,31.510000228881836,31.170000076293945,31.40999984741211,31.510000228881836,15530700.0,29.270357131958008
2017-07-19,32.04999923706055,31.459999084472656,31.510000228881836,31.899999618530273,21567900.0,29.632633209228516
2017-07-20,32.04999923706055,31.760000228881836,31.90999984741211,31.860000610351562,16389500.0,29.595481872558594
2017-07-21,32.029998779296875,31.709999084472656,31.860000610351562,31.84000015258789,13973800.0,29.576902389526367
2017-07-24,31.93000030517578,31.65999984741211,31.860000610351562,31.860000610351562,15504100.0,29.595481872558594
2017-07-25,32.25,31.8799991607666,31.899999618530273,32.119998931884766,14990000.0,29.836997985839844
2017-07-26,32.22999954223633,31.510000228881836,32.119998931884766,31.65999984741211,21941500.0,29.409692764282227
2017-07-27,31.75,31.209999084472656,31.729999542236328,31.56999969482422,21437400.0,29.326093673706055
2017-07-28,31.600000381469727,31.260000228881836,31.450000762939453,31.520000457763672,15771000.0,29.279647827148438
2017-07-31,31.59000015258789,31.3700008392334,31.540000915527344,31.450000762939453,19256400.0,29.21462059020996
2017-08-01,31.65999984741211,31.43000030517578,31.59000015258789,31.649999618530273,12962800.0,29.400405883789062
2017-08-02,31.56999969482422,31.25,31.56999969482422,31.520000457763672,15845600.0,29.279647827148438
2017-08-03,31.719999313354492,31.43000030517578,31.59000015258789,31.559999465942383,14420800.0,29.316801071166992
2017-08-04,31.90999984741211,31.579999923706055,31.670000076293945,31.799999237060547,16929500.0,29.53974151611328
2017-08-07,31.8799991607666,31.690000534057617,31.790000915527344,31.84000015258789,11877400.0,29.576902389526367
2017-08-08,32.0,31.600000381469727,31.75,31.670000076293945,15375700.0,29.41898536682129
2017-08-09,31.68000030517578,31.360000610351562,31.549999237060547,31.6200008392334,16131300.0,29.372535705566406
2017-08-10,31.559999465942383,31.0,31.559999465942383,31.0,23517400.0,28.796606063842773
2017-08-11,31.549999237060547,31.040000915527344,31.229999542236328,31.469999313354492,20756600.0,29.233200073242188
2017-08-14,31.889999389648438,31.559999465942383,31.690000534057617,31.84000015258789,21761600.0,29.576902389526367
2017-08-15,32.209999084472656,31.84000015258789,31.850000381469727,32.09000015258789,25251500.0,29.809131622314453
2017-08-16,32.470001220703125,32.060001373291016,32.099998474121094,32.34000015258789,29052000.0,30.04136085510254
2017-08-17,31.770000457763672,30.850000381469727,31.489999771118164,31.040000915527344,53288800.0,28.833763122558594
2017-08-18,31.059999465942383,30.360000610351562,31.0,30.3700008392334,34802200.0,28.21138572692871
2017-08-21,30.799999237060547,30.360000610351562,30.3700008392334,30.68000030517578,24198400.0,28.49934959411621
2017-08-22,31.329999923706055,30.75,30.850000381469727,31.270000457763672,24747200.0,29.047414779663086
2017-08-23,31.399999618530273,30.90999984741211,31.209999084472656,30.920000076293945,22436600.0,28.722291946411133
2017-08-24,31.399999618530273,30.899999618530273,30.950000762939453,31.239999771118164,22576100.0,29.019546508789062
2017-08-25,31.799999237060547,31.360000610351562,31.389999389648438,31.440000534057617,19558300.0,29.205331802368164
2017-08-28,31.65999984741211,31.40999984741211,31.600000381469727,31.540000915527344,12958900.0,29.29822540283203
2017-08-29,31.6299991607666,31.190000534057617,31.260000228881836,31.479999542236328,16362700.0,29.242488861083984
2017-08-30,32.20000076293945,31.420000076293945,31.469999313354492,31.989999771118164,22988700.0,29.716238021850586
2017-08-31,32.34000015258789,31.989999771118164,32.099998474121094,32.209999084472656,27800200.0,29.920602798461914
2017-09-01,32.349998474121094,32.029998779296875,32.220001220703125,32.29999923706055,14686600.0,30.00420379638672
2017-09-05,32.2400016784668,31.459999084472656,32.150001525878906,31.6200008392334,32475500.0,29.372535705566406
2017-09-06,31.90999984741211,31.6299991607666,31.75,31.8700008392334,16962300.0,29.604766845703125
2017-09-07,31.969999313354492,31.739999771118164,31.959999084472656,31.760000228881836,14751700.0,29.502586364746094
2017-09-08,31.780000686645508,31.459999084472656,31.68000030517578,31.479999542236328,15339500.0,29.242488861083984
2017-09-11,32.29999923706055,31.670000076293945,31.709999084472656,32.189998626708984,22440800.0,29.90202522277832
2017-09-12,32.470001220703125,32.189998626708984,32.29999923706055,32.40999984741211,18923100.0,30.106386184692383
2017-09-13,32.38999938964844,31.959999084472656,32.34000015258789,32.18000030517578,22705100.0,29.892732620239258
2017-09-14,32.220001220703125,31.90999984741211,31.90999984741211,32.189998626708984,18194800.0,29.90202522277832
2017-09-15,32.5,32.119998931884766,32.20000076293945,32.439998626708984,29336100.0,30.13425064086914
2017-09-18,32.65999984741211,32.2599983215332,32.43000030517578,32.52000045776367,17290900.0,30.208566665649414
2017-09-19,32.650001525878906,32.400001525878906,32.459999084472656,32.4900016784668,12927700.0,30.180700302124023
2017-09-20,32.75,32.38999938964844,32.54999923706055,32.599998474121094,19865400.0,30.282880783081055
2017-09-21,32.900001525878906,32.5,32.720001220703125,32.70000076293945,19870000.0,30.37577247619629
2017-09-22,33.529998779296875,32.63999938964844,32.65999984741211,33.369998931884766,28234900.0,30.998153686523438
2017-09-25,33.84000015258789,33.20000076293945,33.310001373291016,33.720001220703125,32396900.0,31.323274612426758
2017-09-26,34.099998474121094,33.66999816894531,33.7599983215332,33.7599983215332,26138300.0,31.360427856445312
2017-09-27,33.91999816894531,33.29999923706055,33.779998779296875,33.47999954223633,22594600.0,31.10033416748047
2017-09-28,33.459999084472656,33.220001220703125,33.220001220703125,33.349998474121094,15496900.0,30.979576110839844
2017-09-29,33.66999816894531,33.2400016784668,33.310001373291016,33.630001068115234,14802700.0,31.239675521850586
2017-10-02,33.77000045776367,33.52000045776367,33.61000061035156,33.75,16555200.0,31.351144790649414
2017-10-03,33.900001525878906,33.61000061035156,33.720001220703125,33.849998474121094,13346900.0,31.44403839111328
2017-10-04,33.560001373291016,33.290000915527344,33.529998779296875,33.439998626708984,14652200.0,31.33159637451172
2017-10-05,33.66999816894531,33.40999984741211,33.58000183105469,33.59000015258789,14524800.0,31.472148895263672
2017-10-06,33.779998779296875,33.52000045776367,33.650001525878906,33.75,15464700.0,31.62205696105957
2017-10-09,33.88999938964844,33.61000061035156,33.77000045776367,33.7599983215332,8728400.0,31.631423950195312
2017-10-10,33.90999984741211,33.470001220703125,33.880001068115234,33.54999923706055,18011000.0,31.434661865234375
2017-10-11,33.630001068115234,33.25,33.380001068115234,33.59000015258789,12561400.0,31.472148895263672
2017-10-12,33.459999084472656,33.16999816894531,33.2599983215332,33.2599983215332,17905600.0,31.16295051574707
2017-10-13,33.56999969482422,33.31999969482422,33.400001525878906,33.470001220703125,13578800.0,31.359710693359375
2017-10-16,33.63999938964844,33.470001220703125,33.599998474121094,33.540000915527344,10509100.0,31.425294876098633
2017-10-17,33.66999816894531,33.459999084472656,33.59000015258789,33.599998474121094,9303100.0,31.481510162353516
2017-10-18,33.75,33.439998626708984,33.720001220703125,33.54999923706055,9971200.0,31.434661865234375
2017-10-19,33.88999938964844,33.45000076293945,33.5099983215332,33.75,13203100.0,31.62205696105957
2017-10-20,34.38999938964844,34.0099983215332,34.02000045776367,34.25,24361400.0,32.09053421020508
2017-10-23,34.68000030517578,34.27000045776367,34.45000076293945,34.349998474121094,22632000.0,32.18422317504883
2017-10-24,34.66999816894531,34.25,34.400001525878906,34.58000183105469,16280200.0,32.399723052978516
2017-10-25,34.72999954223633,34.15999984741211,34.72999954223633,34.29999923706055,17400900.0,32.13737487792969
2017-10-26,34.5099983215332,34.06999969482422,34.40999984741211,34.27000045776367,14616100.0,32.10926818847656
2017-10-27,34.619998931884766,34.09000015258789,34.150001525878906,34.43000030517578,20356600.0,32.25918197631836
2017-10-30,34.380001068115234,33.81999969482422,34.130001068115234,34.040000915527344,18345100.0,31.89377784729004
2017-10-31,34.2400016784668,33.959999084472656,33.97999954223633,34.150001525878906,13935100.0,31.996837615966797
2017-11-01,34.75,34.279998779296875,34.290000915527344,34.619998931884766,22051300.0,32.43720245361328
2017-11-02,34.63999938964844,34.15999984741211,34.54999923706055,34.209999084472656,19827600.0,32.05304718017578
2017-11-03,34.4900016784668,34.029998779296875,34.279998779296875,34.470001220703125,13414400.0,32.296661376953125
2017-11-06,34.560001373291016,34.2599983215332,34.369998931884766,34.40999984741211,12786900.0,32.24044418334961
2017-11-07,34.47999954223633,34.209999084472656,34.31999969482422,34.400001525878906,11332900.0,32.23107147216797
2017-11-08,34.5,34.119998931884766,34.310001373291016,34.5,13061300.0,32.32476806640625
2017-11-09,34.31999969482422,33.869998931884766,34.290000915527344,34.04999923706055,16785000.0,31.90313720703125
2017-11-10,34.09000015258789,33.66999816894531,34.060001373291016,33.9900016784668,19319400.0,31.846923828125
2017-11-13,34.209999084472656,33.83000183105469,33.86000061035156,33.95000076293945,16441500.0,31.809450149536133
2017-11-14,34.15999984741211,33.79999923706055,33.86000061035156,34.040000915527344,17468500.0,31.89377784729004
2017-11-15,34.310001373291016,33.75,33.970001220703125,34.11000061035156,30829600.0,31.95935821533203
2017-11-16,36.66999816894531,35.83000183105469,36.040000915527344,35.880001068115234,61177100.0,33.617759704589844
2017-11-17,36.31999969482422,35.810001373291016,35.900001525878906,35.900001525878906,27988000.0,33.636505126953125
2017-11-20,36.540000915527344,35.93000030517578,35.93000030517578,36.5,26897800.0,34.198665618896484
2017-11-21,36.970001220703125,36.58000183105469,36.75,36.650001525878906,24146400.0,34.33921432495117
2017-11-22,36.720001220703125,36.36000061035156,36.70000076293945,36.45000076293945,17226400.0,34.15182113647461
2017-11-24,36.56999969482422,36.31999969482422,36.40999984741211,36.4900016784668,6155800.0,34.18929672241211
2017-11-27,37.09000015258789,36.5,36.5099983215332,36.869998931884766,20942200.0,34.54533767700195
2017-11-28,37.79999923706055,36.97999954223633,37.0,37.72999954223633,30966600.0,35.35111618041992
2017-11-29,38.029998779296875,37.22999954223633,37.75,37.47999954223633,36788600.0,35.116878509521484
2017-11-30,37.79999923706055,37.29999923706055,37.619998931884766,37.29999923706055,30749500.0,34.94822311401367
2017-12-01,37.65999984741211,36.72999954223633,37.09000015258789,37.599998474121094,26920900.0,35.22930908203125
2017-12-04,37.9900016784668,37.540000915527344,37.810001373291016,37.720001220703125,29414400.0,35.34174728393555
2017-12-05,37.81999969482422,37.16999816894531,37.7400016784668,37.310001373291016,23288200.0,34.95759963989258
2017-12-06,37.720001220703125,37.25,37.369998931884766,37.40999984741211,16581800.0,35.05128860473633
2017-12-07,37.779998779296875,37.2599983215332,37.2599983215332,37.400001525878906,17092000.0,35.041927337646484
2017-12-08,37.689998626708984,37.41999816894531,37.59000015258789,37.61000061035156,14044400.0,35.23868179321289
2017-12-11,38.040000915527344,37.56999969482422,37.59000015258789,37.959999084472656,16749500.0,35.56661605834961
2017-12-12,38.099998474121094,37.560001373291016,37.790000915527344,37.90999984741211,16658600.0,35.519771575927734
2017-12-13,38.369998931884766,38.0,38.09000015258789,38.150001525878906,20199500.0,35.7446403503418
2017-12-14,38.27000045776367,37.849998474121094,38.20000076293945,37.900001525878906,16738300.0,35.510398864746094
2017-12-15,38.279998779296875,37.70000076293945,38.0099983215332,38.189998626708984,47167700.0,35.78211212158203
2017-12-18,38.88999938964844,38.29999923706055,38.47999954223633,38.47999954223633,21591400.0,36.0538215637207
2017-12-19,38.86000061035156,38.279998779296875,38.65999984741211,38.29999923706055,19695200.0,35.885169982910156
2017-12-20,38.79999923706055,38.209999084472656,38.4900016784668,38.7400016784668,18939500.0,36.29743576049805
2017-12-21,38.9900016784668,38.4900016784668,38.880001068115234,38.529998779296875,16387500.0,36.100677490234375
2017-12-22,38.7400016784668,38.470001220703125,38.52000045776367,38.54999923706055,11441600.0,36.11941146850586
2017-12-26,38.68000030517578,38.36000061035156,38.54999923706055,38.47999954223633,8186100.0,36.0538215637207
2017-12-27,38.650001525878906,38.45000076293945,38.540000915527344,38.560001373291016,10543000.0,36.128780364990234
2017-12-28,38.72999954223633,38.45000076293945,38.72999954223633,38.59000015258789,8807700.0,36.15689468383789
2017-12-29,38.619998931884766,38.29999923706055,38.40999984741211,38.29999923706055,12583600.0,35.885169982910156
2018-01-02,38.95000076293945,38.43000030517578,38.66999816894531,38.86000061035156,20135700.0,36.40987014770508
2018-01-03,39.279998779296875,38.529998779296875,38.720001220703125,39.16999816894531,29536000.0,36.7003173828125
2018-01-04,39.540000915527344,38.93000030517578,39.04999923706055,38.9900016784668,20731400.0,36.80415725708008
2018-01-05,39.880001068115234,39.369998931884766,39.54999923706055,39.529998779296875,24588200.0,37.313880920410156
2018-01-08,39.959999084472656,39.349998474121094,39.52000045776367,39.939998626708984,16582000.0,37.700897216796875
2018-01-09,39.959999084472656,39.540000915527344,39.790000915527344,39.689998626708984,21449800.0,37.46491241455078
2018-01-10,40.2400016784668,39.630001068115234,39.650001525878906,39.90999984741211,19473000.0,37.67258071899414
2018-01-11,40.209999084472656,39.75,40.13999938964844,40.099998474121094,21685600.0,37.8519287109375
2018-01-12,40.93000030517578,40.04999923706055,40.220001220703125,40.869998931884766,23770500.0,38.57875442504883
2018-01-16,41.15999984741211,40.31999969482422,40.900001525878906,40.540000915527344,32845000.0,38.26726531982422
2018-01-17,41.31999969482422,40.709999084472656,40.84000015258789,41.20000076293945,24427100.0,38.890262603759766
2018-01-18,41.47999954223633,41.029998779296875,41.2400016784668,41.29999923706055,19610200.0,38.98465347290039
2018-01-19,41.52000045776367,41.099998474121094,41.279998779296875,41.290000915527344,24582000.0,38.975215911865234
2018-01-22,41.65999984741211,41.02000045776367,41.20000076293945,41.65999984741211,22995100.0,39.32447052001953
2018-01-23,42.130001068115234,41.540000915527344,41.540000915527344,42.099998474121094,23984500.0,39.73980712890625
2018-01-24,42.689998626708984,42.0099983215332,42.20000076293945,42.16999816894531,26696200.0,39.80588150024414
2018-01-25,42.470001220703125,41.81999969482422,42.27000045776367,41.900001525878906,19207500.0,39.55101776123047
2018-01-26,42.560001373291016,41.95000076293945,42.150001525878906,42.560001373291016,23380400.0,40.17401885986328
2018-01-29,42.97999954223633,42.29999923706055,42.29999923706055,42.849998474121094,23625900.0,40.44776153564453
2018-01-30,42.86000061035156,41.970001220703125,42.689998626708984,42.25,28993900.0,39.88139343261719
2018-01-31,42.0099983215332,41.349998474121094,41.97999954223633,41.540000915527344,36512100.0,39.21120071411133
2018-02-01,42.11000061035156,40.66999816894531,41.09000015258789,41.70000076293945,26148500.0,39.36223220825195
2018-02-02,41.95000076293945,40.869998931884766,41.5,40.93000030517578,27224200.0,38.635398864746094
2018-02-05,41.40999984741211,38.720001220703125,40.869998931884766,38.779998779296875,52399600.0,36.60593032836914
2018-02-06,40.310001373291016,37.349998474121094,38.33000183105469,40.16999816894531,55171600.0,37.91800308227539
2018-02-07,41.209999084472656,40.029998779296875,40.310001373291016,40.34000015258789,32690800.0,38.07847213745117
2018-02-08,40.7599983215332,38.720001220703125,40.439998626708984,38.77000045776367,42982100.0,36.59648895263672
2018-02-09,39.91999816894531,38.22999954223633,39.0,39.529998779296875,51304200.0,37.313880920410156
2018-02-12,40.90999984741211,40.22999954223633,40.52000045776367,40.599998474121094,38210700.0,38.32389450073242
2018-02-13,41.310001373291016,40.220001220703125,40.5,41.22999954223633,30999100.0,38.9185791015625
2018-02-14,42.2599983215332,40.9900016784668,41.040000915527344,42.09000015258789,43835900.0,39.73036575317383
2018-02-15,45.130001068115234,43.2599983215332,45.06999969482422,44.08000183105469,72267500.0,41.608802795410156
2018-02-16,45.09000015258789,43.790000915527344,43.88999938964844,44.33000183105469,39267500.0,41.844791412353516
2018-02-20,44.689998626708984,43.810001373291016,44.0,44.060001373291016,29006900.0,41.58992385864258
2018-02-21,44.41999816894531,43.279998779296875,44.11000061035156,43.310001373291016,28499200.0,40.8819694519043
2018-02-22,43.560001373291016,42.75,43.4900016784668,42.939998626708984,25887600.0,40.532711029052734
2018-02-23,44.040000915527344,42.91999816894531,43.369998931884766,44.0,25781400.0,41.533287048339844
2018-02-26,45.45000076293945,44.130001068115234,44.29999923706055,45.36000061035156,27771100.0,42.81704330444336
2018-02-27,45.61000061035156,44.619998931884766,45.40999984741211,45.040000915527344,27419300.0,42.51498794555664
2018-02-28,45.88999938964844,44.779998779296875,45.27000045776367,44.779998779296875,26885200.0,42.26955795288086
2018-03-01,45.0,43.349998474121094,44.68000030517578,43.79999923706055,32154300.0,41.34449768066406
2018-03-02,44.220001220703125,43.099998474121094,43.290000915527344,44.060001373291016,28848100.0,41.58992385864258
2018-03-05,44.77000045776367,43.70000076293945,43.91999816894531,44.52000045776367,22101700.0,42.02413558959961
2018-03-06,44.790000915527344,44.13999938964844,44.650001525878906,44.290000915527344,21930000.0,41.807029724121094
2018-03-07,44.38999938964844,43.79999923706055,44.029998779296875,44.20000076293945,22034400.0,41.722076416015625
2018-03-08,44.40999984741211,43.939998626708984,44.25,44.34000015258789,20285600.0,41.854225158691406
2018-03-09,45.540000915527344,44.61000061035156,44.619998931884766,45.369998931884766,22230900.0,42.82648468017578
2018-03-12,45.869998931884766,45.400001525878906,45.529998779296875,45.54999923706055,18299800.0,42.996395111083984
2018-03-13,46.15999984741211,44.91999816894531,45.779998779296875,45.15999984741211,23411200.0,42.62825393676758
2018-03-14,45.7599983215332,45.09000015258789,45.34000015258789,45.279998779296875,21141100.0,42.74153137207031
2018-03-15,45.7400016784668,45.119998931884766,45.29999923706055,45.33000183105469,23520400.0,42.78873062133789
2018-03-16,45.599998474121094,44.970001220703125,45.33000183105469,45.0099983215332,56129000.0,42.48666763305664
2018-03-19,44.81999969482422,43.900001525878906,44.59000015258789,44.27000045776367,26734100.0,41.788150787353516
2018-03-20,44.63999938964844,44.18000030517578,44.4900016784668,44.369998931884766,22809700.0,41.882545471191406
2018-03-21,44.900001525878906,44.130001068115234,44.2400016784668,44.310001373291016,22528200.0,41.825904846191406
2018-03-22,44.02000045776367,43.02000045776367,43.7599983215332,43.06999969482422,29520800.0,40.655426025390625
2018-03-23,43.84000015258789,42.41999816894531,43.709999084472656,42.41999816894531,31759200.0,40.041866302490234
2018-03-26,44.15999984741211,42.83000183105469,43.25,44.060001373291016,29731900.0,41.58992385864258
2018-03-27,44.52000045776367,42.2400016784668,44.4900016784668,42.68000030517578,30942000.0,40.28728103637695
2018-03-28,42.84000015258789,41.619998931884766,42.5099983215332,41.65999984741211,36696800.0,39.32447052001953
2018-03-29,42.93000030517578,41.58000183105469,41.939998626708984,42.88999938964844,55021200.0,40.485511779785156
2018-04-02,42.630001068115234,40.529998779296875,42.52000045776367,41.0099983215332,36791800.0,38.71091079711914
2018-04-03,41.5,40.720001220703125,41.34000015258789,41.380001068115234,28003900.0,39.06017303466797
2018-04-04,41.54999923706055,40.189998626708984,40.38999938964844,41.20000076293945,30117600.0,39.20289611816406
2018-04-05,42.02000045776367,41.380001068115234,41.5,41.81999969482422,29331600.0,39.792842864990234
2018-04-06,41.68000030517578,40.45000076293945,41.400001525878906,40.72999954223633,32208700.0,38.755680084228516
2018-04-09,42.060001373291016,40.900001525878906,40.95000076293945,41.16999816894531,25725800.0,39.17435073852539
2018-04-10,42.709999084472656,41.75,42.099998474121094,42.5099983215332,22724400.0,40.449398040771484
2018-04-11,42.900001525878906,42.2599983215332,42.41999816894531,42.43000030517578,21693000.0,40.37327575683594
2018-04-12,43.63999938964844,42.72999954223633,42.779998779296875,43.34000015258789,22297000.0,41.23916244506836
2018-04-13,43.7400016784668,42.63999938964844,43.54999923706055,43.0,18272300.0,40.915645599365234
2018-04-16,43.63999938964844,43.029998779296875,43.119998931884766,43.29999923706055,15807900.0,41.20110321044922
2018-04-17,44.75,43.709999084472656,43.849998474121094,44.59000015258789,21474600.0,42.42857360839844
2018-04-18,44.91999816894531,44.29999923706055,44.61000061035156,44.630001068115234,17605300.0,42.46663284301758
2018-04-19,44.95000076293945,44.380001068115234,44.41999816894531,44.560001373291016,21472300.0,42.4000358581543
2018-04-20,44.75,43.619998931884766,44.5,44.09000015258789,23539200.0,41.95281219482422
2018-04-23,44.47999954223633,43.869998931884766,44.2599983215332,44.25,20716800.0,42.10505294799805
2018-04-24,44.90999984741211,43.33000183105469,44.43000030517578,43.7400016784668,21421500.0,41.61977767944336
2018-04-25,43.9900016784668,42.75,43.79999923706055,43.709999084472656,21706000.0,41.59122848510742
2018-04-26,44.4900016784668,43.439998626708984,43.97999954223633,44.209999084472656,20549300.0,42.066993713378906
2018-04-27,45.34000015258789,44.36000061035156,44.689998626708984,44.709999084472656,20077400.0,42.542755126953125
2018-04-30,45.18000030517578,44.279998779296875,44.91999816894531,44.290000915527344,19958500.0,42.14311599731445
2018-05-01,44.95000076293945,43.83000183105469,43.90999984741211,44.83000183105469,16865500.0,42.65694046020508
2018-05-02,45.04999923706055,43.79999923706055,44.90999984741211,43.86000061035156,23601600.0,41.73395919799805
2018-05-03,44.810001373291016,43.439998626708984,44.0099983215332,44.439998626708984,23750200.0,42.28584289550781
2018-05-04,45.5,43.900001525878906,44.0099983215332,45.29999923706055,19504100.0,43.104156494140625
2018-05-07,46.0,45.29999923706055,45.36000061035156,45.72999954223633,17822400.0,43.513309478759766
2018-05-08,45.869998931884766,45.380001068115234,45.81999969482422,45.709999084472656,20285300.0,43.49428176879883
2018-05-09,46.099998474121094,45.189998626708984,45.900001525878906,46.040000915527344,20438300.0,43.80828857421875
2018-05-10,46.369998931884766,45.66999816894531,46.0,46.29999923706055,18469400.0,44.055686950683594
2018-05-11,46.27000045776367,45.779998779296875,46.09000015258789,45.93000030517578,17551500.0,43.7036247253418
2018-05-14,46.22999954223633,45.66999816894531,45.75,45.70000076293945,22037700.0,43.484764099121094
2018-05-15,45.54999923706055,44.93000030517578,45.209999084472656,45.47999954223633,24753600.0,43.27543258666992
2018-05-16,45.54999923706055,45.0099983215332,45.36000061035156,45.15999984741211,31253700.0,42.97093963623047
2018-05-17,44.15999984741211,43.02000045776367,43.130001068115234,43.459999084472656,48210400.0,41.35334777832031
2018-05-18,43.56999969482422,43.11000061035156,43.459999084472656,43.209999084472656,24456000.0,41.1154670715332
2018-05-21,43.939998626708984,43.41999816894531,43.4900016784668,43.75,21785900.0,41.62928771972656
2018-05-22,43.90999984741211,43.47999954223633,43.790000915527344,43.650001525878906,16381800.0,41.534141540527344
2018-05-23,43.70000076293945,42.88999938964844,43.400001525878906,43.68000030517578,20638800.0,41.56268310546875
2018-05-24,43.970001220703125,43.0099983215332,43.599998474121094,43.56999969482422,18377500.0,41.45801544189453
2018-05-25,43.619998931884766,43.209999084472656,43.459999084472656,43.2599983215332,15362000.0,41.16304016113281
2018-05-29,43.15999984741211,42.52000045776367,42.7599983215332,42.970001220703125,25197400.0,40.8870964050293
2018-05-30,43.34000015258789,42.83000183105469,43.08000183105469,42.849998474121094,22498800.0,40.772918701171875
2018-05-31,43.130001068115234,42.61000061035156,42.86000061035156,42.709999084472656,31439600.0,40.63969802856445
2018-06-01,43.689998626708984,42.880001068115234,42.90999984741211,43.65999984741211,18352700.0,41.54365158081055
2018-06-04,43.83000183105469,43.209999084472656,43.5,43.58000183105469,18087700.0,41.467533111572266
2018-06-05,43.75,43.38999938964844,43.7400016784668,43.66999816894531,16728800.0,41.553165435791016
2018-06-06,44.310001373291016,43.65999984741211,43.7599983215332,44.2599983215332,17730200.0,42.114566802978516
2018-06-07,44.38999938964844,43.349998474121094,44.2400016784668,43.650001525878906,19722000.0,41.534141540527344
2018-06-08,43.72999954223633,43.310001373291016,43.52000045776367,43.47999954223633,18812400.0,41.37237548828125
2018-06-11,43.91999816894531,43.439998626708984,43.619998931884766,43.689998626708984,15069000.0,41.57219696044922
2018-06-12,43.95000076293945,43.470001220703125,43.68000030517578,43.939998626708984,17564900.0,41.810081481933594
2018-06-13,44.529998779296875,43.84000015258789,44.02000045776367,44.0099983215332,24383200.0,41.876686096191406
2018-06-14,44.810001373291016,44.04999923706055,44.22999954223633,44.689998626708984,24020500.0,42.52372360229492
2018-06-15,44.529998779296875,43.59000015258789,44.36000061035156,44.25,49379800.0,42.10505294799805
2018-06-18,44.41999816894531,43.38999938964844,43.869998931884766,44.209999084472656,17625400.0,42.066993713378906
2018-06-19,44.02000045776367,43.439998626708984,43.619998931884766,43.81999969482422,22199200.0,41.69589614868164
2018-06-20,43.9900016784668,43.70000076293945,43.95000076293945,43.7400016784668,21276500.0,41.61977767944336
2018-06-21,43.779998779296875,43.060001373291016,43.689998626708984,43.15999984741211,20924400.0,41.06789016723633
2018-06-22,43.45000076293945,42.88999938964844,43.34000015258789,43.20000076293945,27460000.0,41.105953216552734
2018-06-25,42.81999969482422,41.810001373291016,42.689998626708984,42.290000915527344,28626700.0,40.24006271362305
2018-06-26,43.13999938964844,42.38999938964844,42.47999954223633,42.54999923706055,22171200.0,40.487457275390625
2018-06-27,43.150001525878906,42.279998779296875,42.72999954223633,42.33000183105469,20794800.0,40.27812957763672
2018-06-28,43.189998626708984,42.279998779296875,42.33000183105469,42.939998626708984,22197700.0,40.85854721069336
2018-06-29,43.5,42.970001220703125,43.04999923706055,43.029998779296875,20522900.0,40.94418716430664
2018-07-02,42.83000183105469,42.20000076293945,42.560001373291016,42.810001373291016,21810900.0,40.734859466552734
2018-07-03,43.22999954223633,42.619998931884766,42.939998626708984,42.66999816894531,13474700.0,40.60164260864258
2018-07-05,42.63999938964844,41.959999084472656,42.560001373291016,42.560001373291016,18118700.0,40.8126106262207
2018-07-06,42.880001068115234,42.310001373291016,42.38999938964844,42.709999084472656,20258300.0,40.956443786621094
2018-07-09,42.779998779296875,42.36000061035156,42.75,42.66999816894531,23210000.0,40.9180908203125
2018-07-10,43.040000915527344,42.709999084472656,42.869998931884766,42.86000061035156,20224600.0,41.10029220581055
2018-07-11,42.7599983215332,42.439998626708984,42.560001373291016,42.56999969482422,17721600.0,40.82220458984375
2018-07-12,43.630001068115234,42.75,42.7599983215332,43.58000183105469,17999500.0,41.790733337402344
2018-07-13,43.779998779296875,40.939998626708984,43.52000045776367,41.779998779296875,50831300.0,40.064632415771484
2018-07-16,42.939998626708984,42.0,42.04999923706055,42.5,24468000.0,40.75507736206055
2018-07-17,42.5099983215332,42.13999938964844,42.209999084472656,42.34000015258789,21188400.0,40.60164260864258
2018-07-18,42.470001220703125,42.150001525878906,42.2400016784668,42.209999084472656,20364000.0,40.47697830200195
2018-07-19,43.0099983215332,42.220001220703125,42.79999923706055,42.400001525878906,24498800.0,40.6591796875
2018-07-20,42.369998931884766,41.86000061035156,42.2599983215332,42.0099983215332,20732100.0,40.28519058227539
2018-07-23,42.119998931884766,41.439998626708984,41.91999816894531,42.060001373291016,15656500.0,40.333133697509766
2018-07-24,42.880001068115234,42.06999969482422,42.220001220703125,42.38999938964844,17493900.0,40.64958953857422
2018-07-25,43.220001220703125,42.290000915527344,42.36000061035156,43.15999984741211,20658300.0,41.38797378540039
2018-07-26,43.83000183105469,43.220001220703125,43.58000183105469,43.529998779296875,23518700.0,41.74278259277344
2018-07-27,43.619998931884766,42.41999816894531,43.2599983215332,42.56999969482422,22050900.0,40.82220458984375
2018-07-30,42.61000061035156,42.08000183105469,42.459999084472656,42.16999816894531,15300400.0,40.43861770629883
2018-07-31,42.619998931884766,41.91999816894531,42.2400016784668,42.290000915527344,20900300.0,40.5536994934082
2018-08-01,42.34000015258789,41.33000183105469,41.9900016784668,41.86000061035156,21650000.0,40.141353607177734
2018-08-02,42.599998474121094,41.20000076293945,41.38999938964844,42.529998779296875,18033200.0,40.78384017944336
2018-08-03,42.880001068115234,42.459999084472656,42.709999084472656,42.83000183105469,13394300.0,41.07152557373047
2018-08-06,43.40999984741211,42.65999984741211,42.72999954223633,43.29999923706055,14345800.0,41.5222282409668
2018-08-07,43.63999938964844,43.2400016784668,43.29999923706055,43.58000183105469,18040500.0,41.790733337402344
2018-08-08,43.959999084472656,43.439998626708984,43.63999938964844,43.84000015258789,13917100.0,42.040061950683594
2018-08-09,44.11000061035156,43.70000076293945,43.88999938964844,43.779998779296875,14098900.0,41.982521057128906
2018-08-10,43.95000076293945,43.58000183105469,43.689998626708984,43.779998779296875,14322100.0,41.982521057128906
2018-08-13,44.38999938964844,43.70000076293945,44.08000183105469,43.75,18113200.0,41.95375442504883
2018-08-14,44.279998779296875,43.58000183105469,43.84000015258789,44.0,15981300.0,42.193485260009766
2018-08-15,44.5,43.0099983215332,43.65999984741211,43.86000061035156,27902200.0,42.05923843383789
2018-08-16,46.09000015258789,45.08000183105469,45.77000045776367,45.15999984741211,48648500.0,43.30586242675781
2018-08-17,46.08000183105469,44.91999816894531,45.099998474121094,45.869998931884766,23153900.0,43.98670959472656
2018-08-20,46.33000183105469,45.779998779296875,45.9900016784668,46.220001220703125,19288500.0,44.32234191894531
2018-08-21,46.43000030517578,45.720001220703125,46.25,45.779998779296875,18617300.0,43.9004020690918
2018-08-22,46.15999984741211,45.720001220703125,45.95000076293945,45.9900016784668,13202900.0,44.10177993774414
2018-08-23,46.25,45.849998474121094,45.880001068115234,46.02000045776367,15379000.0,44.130558013916016
2018-08-24,46.439998626708984,46.06999969482422,46.20000076293945,46.31999969482422,15575200.0,44.418235778808594
2018-08-27,46.86000061035156,46.34000015258789,46.5,46.59000015258789,17209900.0,44.67715072631836
2018-08-28,47.27000045776367,46.619998931884766,46.779998779296875,46.95000076293945,19147300.0,45.022369384765625
2018-08-29,47.619998931884766,46.900001525878906,47.06999969482422,47.47999954223633,20220600.0,45.530609130859375
2018-08-30,47.540000915527344,46.970001220703125,47.310001373291016,47.150001525878906,16238500.0,45.21416091918945
2018-08-31,47.83000183105469,46.79999923706055,46.90999984741211,47.77000045776367,24904200.0,45.8087043762207
2018-09-04,48.060001373291016,47.5099983215332,47.84000015258789,47.72999954223633,19122200.0,45.77033996582031
2018-09-05,47.650001525878906,46.7599983215332,47.560001373291016,47.27000045776367,20818100.0,45.32923126220703
2018-09-06,47.900001525878906,47.06999969482422,47.439998626708984,47.279998779296875,16537600.0,45.33881378173828
2018-09-07,47.4900016784668,46.880001068115234,47.0099983215332,47.04999923706055,17229700.0,45.118263244628906
2018-09-10,47.459999084472656,46.779998779296875,47.29999923706055,47.06999969482422,16597200.0,45.137447357177734
2018-09-11,47.16999816894531,46.439998626708984,46.90999984741211,47.029998779296875,17291500.0,45.099082946777344
2018-09-12,47.0099983215332,46.439998626708984,46.86000061035156,46.88999938964844,16649400.0,44.9648323059082
2018-09-13,47.400001525878906,46.79999923706055,46.84000015258789,47.2400016784668,17972100.0,45.30046844482422
2018-09-14,47.4900016784668,47.099998474121094,47.27000045776367,47.400001525878906,13937000.0,45.453895568847656
2018-09-17,47.58000183105469,47.06999969482422,47.22999954223633,47.11000061035156,14430200.0,45.17580032348633
2018-09-18,47.650001525878906,47.06999969482422,47.06999969482422,47.459999084472656,16469600.0,45.51143264770508
2018-09-19,47.619998931884766,47.119998931884766,47.41999816894531,47.279998779296875,12721900.0,45.33881378173828
2018-09-20,47.810001373291016,47.15999984741211,47.40999984741211,47.72999954223633,17007800.0,45.77033996582031
2018-09-21,48.63999938964844,47.81999969482422,47.93000030517578,48.560001373291016,59664600.0,46.56626892089844
2018-09-24,48.619998931884766,48.189998626708984,48.209999084472656,48.439998626708984,21819300.0,46.45119094848633
2018-09-25,48.880001068115234,48.43000030517578,48.56999969482422,48.470001220703125,15810800.0,46.47996139526367
2018-09-26,49.060001373291016,48.27000045776367,48.7400016784668,48.40999984741211,20080100.0,46.422428131103516
2018-09-27,48.7599983215332,48.209999084472656,48.33000183105469,48.33000183105469,15910100.0,46.34571075439453
2018-09-28,48.79999923706055,48.060001373291016,48.27000045776367,48.650001525878906,15474300.0,46.6525764465332
2018-10-01,49.13999938964844,48.66999816894531,49.0,48.869998931884766,13669500.0,46.8635368347168
2018-10-02,49.13999938964844,48.66999816894531,48.75,49.0099983215332,15671600.0,46.99778747558594
2018-10-03,49.470001220703125,49.06999969482422,49.2599983215332,49.13999938964844,16737500.0,47.12245559692383
2018-10-04,48.77000045776367,48.040000915527344,48.630001068115234,48.380001068115234,22110900.0,46.70732116699219
2018-10-05,48.849998474121094,47.61000061035156,48.400001525878906,48.130001068115234,19103300.0,46.465965270996094
2018-10-08,48.5,47.150001525878906,47.91999816894531,47.52000045776367,23791400.0,45.877052307128906
2018-10-09,48.029998779296875,47.279998779296875,47.529998779296875,47.4900016784668,17008400.0,45.84809112548828
2018-10-10,47.5099983215332,45.540000915527344,47.439998626708984,45.630001068115234,33055800.0,44.05239486694336
2018-10-11,45.599998474121094,43.91999816894531,45.459999084472656,44.119998931884766,36496300.0,42.5946044921875
2018-10-12,45.849998474121094,44.459999084472656,44.93000030517578,45.709999084472656,35424000.0,44.129634857177734
2018-10-15,45.720001220703125,44.66999816894531,45.52000045776367,44.66999816894531,26160500.0,43.125587463378906
2018-10-16,45.939998626708984,44.849998474121094,45.290000915527344,45.81999969482422,22669400.0,44.23583221435547
2018-10-17,46.22999954223633,45.220001220703125,45.88999938964844,45.939998626708984,17803400.0,44.351680755615234
2018-10-18,46.4900016784668,45.150001525878906,46.29999923706055,45.459999084472656,19044600.0,43.88827133178711
2018-10-19,46.20000076293945,45.130001068115234,45.400001525878906,45.34000015258789,21356300.0,43.772430419921875
2018-10-22,46.279998779296875,45.40999984741211,45.77000045776367,45.7599983215332,19195400.0,44.17790222167969
2018-10-23,45.77000045776367,44.439998626708984,45.150001525878906,45.41999816894531,21836200.0,43.84965896606445
2018-10-24,45.68000030517578,43.959999084472656,45.4900016784668,44.06999969482422,29588800.0,42.54633331298828
2018-10-25,45.810001373291016,44.209999084472656,44.619998931884766,45.470001220703125,27054500.0,43.89793395996094
2018-10-26,45.11000061035156,43.779998779296875,44.56999969482422,44.25,31806600.0,42.72011184692383
2018-10-29,45.04999923706055,42.939998626708984,44.88999938964844,43.84000015258789,28214200.0,42.32429122924805
2018-10-30,44.70000076293945,43.75,43.91999816894531,44.58000183105469,25924600.0,43.0387077331543
2018-10-31,46.29999923706055,44.88999938964844,45.04999923706055,45.75,26023700.0,44.168251037597656
2018-11-01,45.880001068115234,45.099998474121094,45.66999816894531,45.650001525878906,24662100.0,44.07170867919922
2018-11-02,46.09000015258789,44.97999954223633,45.720001220703125,45.47999954223633,25581300.0,43.90758514404297
2018-11-05,46.439998626708984,45.349998474121094,45.7400016784668,46.13999938964844,17525200.0,44.544769287109375
2018-11-06,46.619998931884766,46.0,46.040000915527344,46.5,15446700.0,44.8923225402832
2018-11-07,47.93000030517578,46.75,46.97999954223633,47.900001525878906,19990400.0,46.243919372558594
2018-11-08,48.439998626708984,47.869998931884766,47.869998931884766,48.439998626708984,21002000.0,46.7652473449707
2018-11-09,48.25,46.70000076293945,48.08000183105469,47.11000061035156,22015400.0,45.481231689453125
2018-11-12,47.25,45.540000915527344,47.13999938964844,45.619998931884766,25913500.0,44.04274368286133
2018-11-13,46.060001373291016,45.029998779296875,45.70000076293945,45.119998931884766,26196700.0,43.56003189086914
2018-11-14,45.63999938964844,44.08000183105469,45.459999084472656,44.33000183105469,36613500.0,42.79734802246094
2018-11-15,47.099998474121094,45.150001525878906,46.79999923706055,46.77000045776367,45983300.0,45.15298843383789
2018-11-16,47.040000915527344,46.130001068115234,46.459999084472656,46.349998474121094,31327400.0,44.74750518798828
2018-11-19,46.58000183105469,45.25,46.349998474121094,45.75,28370400.0,44.168251037597656
2018-11-20,45.290000915527344,44.13999938964844,44.91999816894531,44.4900016784668,28430600.0,42.951812744140625
2018-11-21,45.18000030517578,44.400001525878906,44.95000076293945,44.88999938964844,20117400.0,43.33798599243164
2018-11-23,45.119998931884766,44.38999938964844,44.45000076293945,44.540000915527344,9372900.0,43.000083923339844
2018-11-26,45.63999938964844,45.09000015258789,45.13999938964844,45.56999969482422,18275900.0,43.994476318359375
2018-11-27,46.38999938964844,45.209999084472656,45.45000076293945,46.119998931884766,21472700.0,44.525455474853516
2018-11-28,47.47999954223633,46.119998931884766,46.29999923706055,47.290000915527344,24293800.0,45.655006408691406
2018-11-29,47.7599983215332,46.900001525878906,46.900001525878906,47.34000015258789,22650800.0,45.703277587890625
2018-11-30,47.90999984741211,46.91999816894531,47.27000045776367,47.869998931884766,41619100.0,46.21495056152344
2018-12-03,48.790000915527344,48.08000183105469,48.31999969482422,48.7400016784668,24690100.0,47.054874420166016
2018-12-04,49.13999938964844,47.25,48.70000076293945,47.349998474121094,30802700.0,45.712928771972656
2018-12-06,48.459999084472656,46.470001220703125,46.9900016784668,48.38999938964844,40133000.0,46.71697998046875
2018-12-07,48.4900016784668,46.36000061035156,48.15999984741211,46.439998626708984,38298000.0,44.834388732910156
2018-12-10,47.130001068115234,45.81999969482422,46.29999923706055,46.86000061035156,28682000.0,45.23987579345703
2018-12-11,47.900001525878906,46.709999084472656,47.86000061035156,47.09000015258789,26048500.0,45.46192169189453
2018-12-12,48.20000076293945,47.36000061035156,47.91999816894531,47.41999816894531,23157200.0,45.78050994873047
2018-12-13,47.970001220703125,47.130001068115234,47.68000030517578,47.470001220703125,20051700.0,45.82878494262695
2018-12-14,46.619998931884766,45.63999938964844,46.369998931884766,45.81999969482422,27364500.0,44.23583221435547
2018-12-17,45.9900016784668,43.90999984741211,45.81999969482422,44.20000076293945,36610300.0,42.67184066772461
2018-12-18,44.61000061035156,43.72999954223633,44.54999923706055,44.060001373291016,30513800.0,42.536685943603516
2018-12-19,44.91999816894531,42.56999969482422,43.88999938964844,43.13999938964844,34820100.0,41.64849090576172
2018-12-20,43.22999954223633,41.869998931884766,42.9900016784668,42.4900016784668,38810900.0,41.02096176147461
2018-12-21,43.459999084472656,41.7400016784668,42.90999984741211,41.849998474121094,77915100.0,40.403079986572266
2018-12-24,41.810001373291016,40.25,41.70000076293945,40.279998779296875,24069400.0,38.887367248535156
2018-12-26,42.5,40.400001525878906,40.68000030517578,42.470001220703125,33335900.0,41.001651763916016
2018-12-27,42.93000030517578,41.150001525878906,41.88999938964844,42.90999984741211,28404100.0,41.42644500732422
2018-12-28,43.529998779296875,42.459999084472656,43.16999816894531,42.77000045776367,22447300.0,41.29128646850586
2018-12-31,43.54999923706055,42.88999938964844,43.189998626708984,43.33000183105469,20581200.0,41.83191680908203
2019-01-02,43.20000076293945,42.209999084472656,42.279998779296875,42.95000076293945,23833500.0,41.465057373046875
2019-01-03,42.40999984741211,40.959999084472656,42.29999923706055,41.06999969482422,29606700.0,39.957061767578125
2019-01-04,43.0,41.529998779296875,41.849998474121094,42.91999816894531,27515000.0,41.75692367553711
2019-01-07,43.650001525878906,42.7599983215332,42.86000061035156,43.209999084472656,19488100.0,42.0390625
2019-01-08,43.939998626708984,43.099998474121094,43.56999969482422,43.560001373291016,22071400.0,42.37958526611328
2019-01-09,43.869998931884766,43.16999816894531,43.869998931884766,43.31999969482422,22640000.0,42.146087646484375
2019-01-10,43.290000915527344,42.58000183105469,43.11000061035156,43.2400016784668,23277600.0,42.068260192871094
2019-01-11,43.540000915527344,42.88999938964844,43.11000061035156,43.4900016784668,17378400.0,42.31148147583008
2019-01-14,43.38999938964844,43.0,43.08000183105469,43.209999084472656,16243600.0,42.0390625
2019-01-15,44.040000915527344,43.150001525878906,43.33000183105469,44.02000045776367,17744100.0,42.827117919921875
2019-01-16,44.2400016784668,43.7599983215332,44.119998931884766,43.959999084472656,17262500.0,42.768741607666016
2019-01-17,44.529998779296875,43.79999923706055,43.869998931884766,44.209999084472656,18826200.0,43.011966705322266
2019-01-18,45.349998474121094,44.310001373291016,44.47999954223633,45.029998779296875,24416500.0,43.80974578857422
2019-01-22,45.2400016784668,44.380001068115234,44.880001068115234,44.779998779296875,21338400.0,43.56652069091797
2019-01-23,45.880001068115234,45.02000045776367,45.13999938964844,45.459999084472656,24770400.0,44.228092193603516
2019-01-24,45.75,45.22999954223633,45.630001068115234,45.61000061035156,17360600.0,44.3740348815918
2019-01-25,46.65999984741211,45.95000076293945,46.119998931884766,46.130001068115234,24196600.0,44.879940032958984
2019-01-28,45.77000045776367,45.22999954223633,45.72999954223633,45.75,18296700.0,44.51023864746094
2019-01-29,46.04999923706055,45.650001525878906,45.810001373291016,45.959999084472656,14470100.0,44.71454620361328
2019-01-30,46.93000030517578,45.91999816894531,45.939998626708984,46.709999084472656,18329300.0,45.44422149658203
2019-01-31,47.380001068115234,46.52000045776367,46.720001220703125,47.290000915527344,23693600.0,46.008506774902344
2019-02-01,47.560001373291016,47.04999923706055,47.369998931884766,47.34000015258789,16266500.0,46.057151794433594
2019-02-04,47.470001220703125,47.119998931884766,47.220001220703125,47.349998474121094,15743100.0,46.06687545776367
2019-02-05,47.459999084472656,47.08000183105469,47.41999816894531,47.2599983215332,16946300.0,45.97931671142578
2019-02-06,47.59000015258789,46.95000076293945,47.119998931884766,47.47999954223633,18160500.0,46.193359375
2019-02-07,47.31999969482422,46.4900016784668,47.189998626708984,46.70000076293945,20331200.0,45.43449783325195
2019-02-08,47.20000076293945,46.29999923706055,46.400001525878906,47.189998626708984,18407100.0,45.91121292114258
2019-02-11,47.709999084472656,47.130001068115234,47.34000015258789,47.58000183105469,19363600.0,46.2906494140625
2019-02-12,48.150001525878906,47.15999984741211,47.27000045776367,47.88999938964844,23909200.0,46.592247009277344
2019-02-13,47.95000076293945,47.119998931884766,47.86000061035156,47.5,28325600.0,46.21281814575195
2019-02-14,49.68000030517578,48.34000015258789,48.849998474121094,48.400001525878906,47598600.0,47.08842468261719
2019-02-15,49.59000015258789,48.439998626708984,48.83000183105469,49.43000030517578,30189600.0,48.09051513671875
2019-02-19,49.93000030517578,49.20000076293945,49.20000076293945,49.650001525878906,20204500.0,48.3045539855957
2019-02-20,49.79999923706055,49.349998474121094,49.70000076293945,49.630001068115234,17550900.0,48.28509521484375
2019-02-21,49.720001220703125,49.20000076293945,49.540000915527344,49.40999984741211,17120600.0,48.0710563659668
2019-02-22,50.220001220703125,49.58000183105469,49.70000076293945,50.11000061035156,22008100.0,48.75209045410156
2019-02-25,51.0,50.34000015258789,50.34000015258789,50.790000915527344,24264300.0,49.41366195678711
2019-02-26,51.40999984741211,50.47999954223633,50.5099983215332,51.18000030517578,19382500.0,49.7930908203125
2019-02-27,51.650001525878906,50.88999938964844,51.209999084472656,51.59000015258789,19940900.0,50.191978454589844
2019-02-28,51.959999084472656,51.349998474121094,51.54999923706055,51.77000045776367,30708500.0,50.36710739135742
2019-03-01,52.09000015258789,51.27000045776367,52.0,51.40999984741211,23683700.0,50.01686096191406
2019-03-04,51.91999816894531,50.630001068115234,51.650001525878906,51.15999984741211,18725900.0,49.77363586425781
2019-03-05,51.5099983215332,50.970001220703125,51.119998931884766,51.29999923706055,14994200.0,49.90983963012695
2019-03-06,51.790000915527344,50.91999816894531,51.369998931884766,51.66999816894531,19686900.0,50.26980972290039
2019-03-07,51.970001220703125,51.209999084472656,51.54999923706055,51.290000915527344,22209200.0,49.90011215209961
2019-03-08,51.130001068115234,50.5099983215332,50.720001220703125,51.06999969482422,18182200.0,49.686073303222656
2019-03-11,52.09000015258789,51.099998474121094,51.13999938964844,51.91999816894531,17859300.0,50.513038635253906
2019-03-12,52.279998779296875,51.68000030517578,52.0099983215332,52.150001525878906,19485300.0,50.73680877685547
2019-03-13,52.86000061035156,52.13999938964844,52.40999984741211,52.59000015258789,20568000.0,51.164886474609375
2019-03-14,52.959999084472656,52.5099983215332,52.630001068115234,52.7400016784668,19215900.0,51.31081771850586
2019-03-15,53.619998931884766,52.93000030517578,52.939998626708984,53.20000076293945,43670700.0,51.758358001708984
2019-03-18,53.939998626708984,53.09000015258789,53.27000045776367,53.5099983215332,19073800.0,52.05995178222656
2019-03-19,54.0,53.13999938964844,53.790000915527344,53.310001373291016,20596400.0,51.86537170410156
2019-03-20,53.869998931884766,52.86000061035156,53.15999984741211,53.2599983215332,21140800.0,51.81672286987305
2019-03-21,54.22999954223633,53.040000915527344,53.08000183105469,53.939998626708984,20082700.0,52.47829818725586
2019-03-22,54.13999938964844,52.70000076293945,53.90999984741211,52.7400016784668,23938500.0,51.31081771850586
2019-03-25,52.93000030517578,52.25,52.70000076293945,52.72999954223633,18774900.0,51.301090240478516
2019-03-26,53.4900016784668,53.0,53.189998626708984,53.22999954223633,17742700.0,51.787540435791016
2019-03-27,53.65999984741211,52.7400016784668,53.29999923706055,53.13999938964844,20447500.0,51.699981689453125
2019-03-28,53.689998626708984,53.02000045776367,53.189998626708984,53.36000061035156,13095000.0,51.91401672363281
2019-03-29,54.0,53.36000061035156,53.70000076293945,53.9900016784668,19582300.0,52.526947021484375
2019-04-01,55.02000045776367,54.38999938964844,54.47999954223633,54.97999954223633,19741700.0,53.490116119384766
2019-04-02,55.40999984741211,54.970001220703125,55.0,55.290000915527344,17264000.0,53.791717529296875
2019-04-03,55.79999923706055,55.06999969482422,55.459999084472656,55.630001068115234,21110400.0,54.12250518798828
2019-04-04,55.68000030517578,54.86000061035156,55.369998931884766,55.13999938964844,16412100.0,53.985435485839844
2019-04-05,55.61000061035156,55.130001068115234,55.25,55.209999084472656,13817500.0,54.05397033691406
2019-04-08,55.560001373291016,54.790000915527344,55.20000076293945,55.4900016784668,13862800.0,54.32810592651367
2019-04-09,55.41999816894531,54.86000061035156,55.08000183105469,55.18000030517578,15508400.0,54.02459716796875
2019-04-10,55.84000015258789,55.11000061035156,55.11000061035156,55.81999969482422,13460200.0,54.65119552612305
2019-04-11,55.95000076293945,55.310001373291016,55.93000030517578,55.599998474121094,13186000.0,54.43579864501953
2019-04-12,56.36000061035156,55.790000915527344,55.93000030517578,56.290000915527344,14331700.0,55.11135482788086
2019-04-15,56.61000061035156,56.2400016784668,56.400001525878906,56.560001373291016,12198400.0,55.375701904296875
2019-04-16,57.529998779296875,56.61000061035156,56.619998931884766,56.95000076293945,19718300.0,55.75753402709961
2019-04-17,57.31999969482422,56.290000915527344,57.18000030517578,56.310001373291016,26093600.0,55.13093948364258
2019-04-18,56.70000076293945,56.11000061035156,56.630001068115234,56.400001525878906,18332000.0,55.219051361083984
2019-04-22,56.599998474121094,56.099998474121094,56.15999984741211,56.34000015258789,11951500.0,55.160308837890625
2019-04-23,56.70000076293945,56.20000076293945,56.43000030517578,56.689998626708984,18796600.0,55.50298309326172
2019-04-24,57.150001525878906,56.58000183105469,56.63999938964844,56.880001068115234,13212000.0,55.68899917602539
2019-04-25,56.779998779296875,56.0099983215332,56.459999084472656,56.33000183105469,15526900.0,55.150516510009766
2019-04-26,56.369998931884766,55.68000030517578,56.02000045776367,55.880001068115234,18010900.0,54.70994186401367
2019-04-29,56.220001220703125,55.54999923706055,55.66999816894531,56.130001068115234,16259500.0,54.95470428466797
2019-04-30,56.119998931884766,55.529998779296875,56.0,55.95000076293945,20846000.0,54.77847671508789
2019-05-01,56.349998474121094,55.5099983215332,56.0,55.58000183105469,17648500.0,54.416221618652344
2019-05-02,55.88999938964844,54.81999969482422,55.47999954223633,54.939998626708984,24220600.0,53.78962326049805
2019-05-03,54.9900016784668,54.18000030517578,54.63999938964844,54.939998626708984,26887100.0,53.78962326049805
2019-05-06,54.7599983215332,53.560001373291016,53.86000061035156,54.59000015258789,17025900.0,53.44695281982422
2019-05-07,54.2400016784668,52.939998626708984,53.86000061035156,53.45000076293945,25289700.0,52.3308219909668
2019-05-08,53.939998626708984,53.130001068115234,53.16999816894531,53.470001220703125,21525100.0,52.35040283203125
2019-05-09,53.209999084472656,52.22999954223633,52.81999969482422,52.91999816894531,24322800.0,51.81191635131836
2019-05-10,53.54999923706055,51.95000076293945,52.61000061035156,53.36000061035156,21795900.0,52.242706298828125
2019-05-13,52.2599983215332,51.060001373291016,51.83000183105469,51.29999923706055,28869900.0,50.22583770751953
2019-05-14,52.439998626708984,51.380001068115234,51.45000076293945,52.02000045776367,25478300.0,50.930763244628906
2019-05-15,52.709999084472656,51.689998626708984,51.7599983215332,52.439998626708984,30577200.0,51.34196853637695
2019-05-16,56.400001525878906,54.119998931884766,54.27000045776367,55.93000030517578,46057800.0,54.75889587402344
2019-05-17,56.83000183105469,55.52000045776367,55.779998779296875,56.349998474121094,27299300.0,55.17009353637695
2019-05-20,56.38999938964844,55.54999923706055,55.79999923706055,56.0099983215332,21004100.0,54.837215423583984
2019-05-21,56.75,56.130001068115234,56.68000030517578,56.52000045776367,18562300.0,55.33654022216797
2019-05-22,56.29999923706055,55.66999816894531,56.220001220703125,55.689998626708984,19479200.0,54.523921966552734
2019-05-23,55.0099983215332,53.939998626708984,54.90999984741211,54.189998626708984,22734200.0,53.05532455444336
2019-05-24,54.66999816894531,54.060001373291016,54.56999969482422,54.369998931884766,13057600.0,53.23155975341797
2019-05-28,55.029998779296875,53.81999969482422,54.7400016784668,53.93000030517578,29769200.0,52.8007698059082
2019-05-29,53.54999923706055,52.86000061035156,53.54999923706055,53.18000030517578,19762100.0,52.06647491455078
2019-05-30,53.779998779296875,53.34000015258789,53.439998626708984,53.56999969482422,12954300.0,52.448307037353516
2019-05-31,52.880001068115234,52.0099983215332,52.790000915527344,52.029998779296875,20480400.0,50.9405517578125
2019-06-03,52.56999969482422,51.4900016784668,52.04999923706055,51.779998779296875,22380500.0,50.69578552246094
2019-06-04,53.63999938964844,52.40999984741211,52.47999954223633,53.22999954223633,21689300.0,52.11542892456055
2019-06-05,54.790000915527344,53.75,53.849998474121094,54.75,22521900.0,53.603599548339844
2019-06-06,55.29999923706055,54.209999084472656,54.88999938964844,55.099998474121094,15927300.0,53.94626998901367
2019-06-07,56.29999923706055,55.029998779296875,55.40999984741211,55.93000030517578,17394900.0,54.75889587402344
2019-06-10,56.650001525878906,55.959999084472656,56.13999938964844,56.41999816894531,16871000.0,55.23862838745117
2019-06-11,57.560001373291016,56.72999954223633,56.7400016784668,57.11000061035156,26723700.0,55.9141845703125
2019-06-12,56.59000015258789,55.650001525878906,56.04999923706055,55.86000061035156,23168000.0,54.69036102294922
2019-06-13,56.27000045776367,55.779998779296875,55.91999816894531,56.16999816894531,15785300.0,54.993865966796875
2019-06-14,56.02000045776367,54.65999984741211,55.9900016784668,54.75,22530500.0,53.603599548339844
2019-06-17,55.470001220703125,54.86000061035156,54.9900016784668,55.400001525878906,20392600.0,54.239994049072266
2019-06-18,56.650001525878906,55.75,56.06999969482422,56.04999923706055,21173200.0,54.876380920410156
2019-06-19,56.369998931884766,55.77000045776367,56.040000915527344,56.130001068115234,21096300.0,54.95470428466797
2019-06-20,57.540000915527344,56.68000030517578,57.0,57.40999984741211,20969800.0,56.20790481567383
2019-06-21,58.150001525878906,56.97999954223633,57.40999984741211,57.029998779296875,57588800.0,55.83586120605469
2019-06-24,57.290000915527344,56.689998626708984,57.25,57.18000030517578,17794100.0,55.98271942138672
2019-06-25,57.20000076293945,56.0099983215332,57.060001373291016,56.08000183105469,25520600.0,54.90575408935547
2019-06-26,57.04999923706055,56.36000061035156,56.540000915527344,56.599998474121094,19286100.0,55.41486358642578
2019-06-27,57.25,55.470001220703125,56.939998626708984,55.72999954223633,23959900.0,54.563079833984375
2019-06-28,55.97999954223633,54.029998779296875,55.90999984741211,54.72999954223633,103123400.0,53.584022521972656
2019-07-01,55.349998474121094,54.22999954223633,55.2599983215332,54.7400016784668,28484000.0,53.59381103515625
2019-07-02,55.91999816894531,54.779998779296875,54.83000183105469,55.810001373291016,20307100.0,54.64140701293945
2019-07-03,56.540000915527344,55.540000915527344,55.77000045776367,56.47999954223633,13866800.0,55.6463508605957
2019-07-05,56.72999954223633,55.709999084472656,56.0,56.599998474121094,14273900.0,55.76457977294922
2019-07-08,56.47999954223633,55.959999084472656,56.25,56.189998626708984,15835100.0,55.36063003540039
2019-07-09,56.689998626708984,56.040000915527344,56.369998931884766,56.34000015258789,19564000.0,55.508419036865234
2019-07-10,57.650001525878906,56.599998474121094,56.689998626708984,57.130001068115234,19362600.0,56.28675842285156
2019-07-11,57.619998931884766,56.91999816894531,57.369998931884766,57.29999923706055,15994600.0,56.45425033569336
2019-07-12,57.9900016784668,57.56999969482422,57.58000183105469,57.95000076293945,13660400.0,57.09465408325195
2019-07-15,58.22999954223633,57.869998931884766,58.0,58.04999923706055,8809700.0,57.193180084228516
2019-07-16,58.2599983215332,57.459999084472656,58.130001068115234,57.619998931884766,11501100.0,56.76952362060547
2019-07-17,57.790000915527344,57.189998626708984,57.56999969482422,57.209999084472656,9266900.0,56.36557388305664
2019-07-18,57.790000915527344,56.900001525878906,57.04999923706055,57.7400016784668,10292900.0,56.88775634765625
2019-07-19,58.06999969482422,57.31999969482422,57.810001373291016,57.36000061035156,13882400.0,56.51336669921875
2019-07-22,58.0099983215332,57.369998931884766,57.459999084472656,57.72999954223633,10485600.0,56.87790298461914
2019-07-23,58.099998474121094,57.47999954223633,58.060001373291016,57.709999084472656,12692200.0,56.85819625854492
2019-07-24,57.68000030517578,57.11000061035156,57.58000183105469,57.22999954223633,18177000.0,56.38528060913086
2019-07-25,57.5,56.369998931884766,57.36000061035156,56.619998931884766,15127200.0,55.78428649902344
2019-07-26,56.84000015258789,56.369998931884766,56.68000030517578,56.529998779296875,15243000.0,55.695613861083984
2019-07-29,57.150001525878906,56.540000915527344,56.689998626708984,56.93000030517578,12051100.0,56.0897102355957
2019-07-30,56.900001525878906,56.349998474121094,56.849998474121094,56.470001220703125,9566200.0,55.636497497558594
2019-07-31,56.83000183105469,54.900001525878906,56.33000183105469,55.400001525878906,17441200.0,54.58229446411133
2019-08-01,56.88999938964844,55.15999984741211,55.84000015258789,55.38999938964844,19020600.0,54.57244110107422
2019-08-02,54.31999969482422,52.58000183105469,54.220001220703125,53.25,29021900.0,52.464027404785156
2019-08-05,52.540000915527344,50.939998626708984,52.38999938964844,51.369998931884766,29931800.0,50.61177444458008
2019-08-06,52.72999954223633,51.599998474121094,51.95000076293945,52.599998474121094,20708400.0,51.8236198425293
2019-08-07,52.4900016784668,51.209999084472656,51.83000183105469,52.34000015258789,24128600.0,51.56745910644531
2019-08-08,53.36000061035156,52.59000015258789,52.790000915527344,53.15999984741211,26093500.0,52.3753547668457
2019-08-09,52.869998931884766,52.040000915527344,52.779998779296875,52.43000030517578,17425000.0,51.656131744384766
2019-08-12,52.36000061035156,51.34000015258789,52.27000045776367,51.540000915527344,16388300.0,50.779266357421875
2019-08-13,53.06999969482422,51.20000076293945,51.470001220703125,52.720001220703125,21499500.0,51.94184875488281
2019-08-14,52.119998931884766,50.130001068115234,52.119998931884766,50.61000061035156,28688100.0,49.86299514770508
2019-08-15,47.939998626708984,46.0,47.36000061035156,46.25,61129100.0,45.56734848022461
2019-08-16,47.36000061035156,46.400001525878906,46.41999816894531,46.959999084472656,24471800.0,46.266868591308594
2019-08-19,48.599998474121094,47.4900016784668,47.900001525878906,48.5,26384800.0,47.78413772583008
2019-08-20,48.59000015258789,47.91999816894531,48.540000915527344,47.93000030517578,18201600.0,47.22254943847656
2019-08-21,48.93000030517578,48.36000061035156,48.5,48.77000045776367,18365400.0,48.05015182495117
2019-08-22,49.33000183105469,47.939998626708984,49.2400016784668,48.18000030517578,21515100.0,47.46886444091797
2019-08-23,48.52000045776367,46.43000030517578,47.900001525878906,46.61000061035156,25871100.0,45.92203140258789
2019-08-26,47.27000045776367,46.66999816894531,47.04999923706055,47.099998474121094,14820100.0,46.40480041503906
2019-08-27,47.650001525878906,46.689998626708984,47.540000915527344,46.790000915527344,20859000.0,46.09938049316406
2019-08-28,46.959999084472656,46.2400016784668,46.529998779296875,46.869998931884766,11187600.0,46.17819595336914
2019-08-29,47.90999984741211,47.11000061035156,47.59000015258789,47.27000045776367,14733400.0,46.57229232788086
2019-08-30,47.56999969482422,46.54999923706055,47.52000045776367,46.810001373291016,19248400.0,46.119083404541016
2019-09-03,46.970001220703125,46.20000076293945,46.630001068115234,46.5,17009400.0,45.813655853271484
2019-09-04,47.40999984741211,46.88999938964844,47.02000045776367,47.31999969482422,13691300.0,46.621551513671875
2019-09-05,48.709999084472656,47.779998779296875,48.02000045776367,48.41999816894531,18434200.0,47.705318450927734
2019-09-06,48.9900016784668,48.27000045776367,48.650001525878906,48.84000015258789,17939100.0,48.119117736816406
2019-09-09,49.0099983215332,48.459999084472656,48.970001220703125,48.58000183105469,21175100.0,47.86295700073242
2019-09-10,49.349998474121094,47.95000076293945,48.56999969482422,49.209999084472656,16119200.0,48.48365783691406
2019-09-11,50.06999969482422,49.33000183105469,49.95000076293945,50.029998779296875,18656000.0,49.29155349731445
2019-09-12,50.29999923706055,49.40999984741211,50.279998779296875,49.93000030517578,16546700.0,49.193031311035156
2019-09-13,50.220001220703125,49.7599983215332,50.0099983215332,50.029998779296875,15867800.0,49.29155349731445
2019-09-16,50.18000030517578,49.790000915527344,49.79999923706055,49.959999084472656,13025600.0,49.22258758544922
2019-09-17,50.02000045776367,49.18000030517578,49.97999954223633,49.40999984741211,16070600.0,48.68070602416992
2019-09-18,49.7400016784668,48.779998779296875,49.470001220703125,49.34000015258789,12563800.0,48.61174011230469
2019-09-19,49.91999816894531,49.040000915527344,49.349998474121094,49.189998626708984,15349400.0,48.463951110839844
2019-09-20,49.869998931884766,48.869998931884766,49.290000915527344,49.599998474121094,48301300.0,48.867897033691406
2019-09-23,49.75,49.279998779296875,49.65999984741211,49.41999816894531,16450000.0,48.690555572509766
2019-09-24,50.20000076293945,48.93000030517578,49.75,49.119998931884766,26717200.0,48.39498519897461
2019-09-25,49.77000045776367,48.58000183105469,49.04999923706055,49.61000061035156,14013500.0,48.87775421142578
2019-09-26,49.4900016784668,48.2599983215332,49.43000030517578,48.83000183105469,20172900.0,48.10926818847656
2019-09-27,49.470001220703125,48.599998474121094,49.0,48.84000015258789,16065300.0,48.119117736816406
2019-09-30,49.65999984741211,48.95000076293945,48.95000076293945,49.40999984741211,14903600.0,48.68070602416992
2019-10-01,49.869998931884766,47.36000061035156,49.650001525878906,47.7400016784668,24185600.0,47.03535842895508
2019-10-02,47.380001068115234,46.0099983215332,47.349998474121094,46.560001373291016,30722400.0,45.872772216796875
2019-10-03,47.08000183105469,45.70000076293945,46.31999969482422,47.060001373291016,15915500.0,46.71656799316406
2019-10-04,47.630001068115234,46.95000076293945,47.25,47.52000045776367,16718800.0,47.17321014404297
2019-10-07,48.130001068115234,47.31999969482422,47.470001220703125,47.77000045776367,14625200.0,47.42138671875
2019-10-08,47.540000915527344,46.349998474121094,47.5,46.38999938964844,23022400.0,46.051456451416016
2019-10-09,47.16999816894531,46.65999984741211,46.91999816894531,46.84000015258789,16768600.0,46.498172760009766
2019-10-10,46.22999954223633,45.54999923706055,46.04999923706055,46.150001525878906,24698500.0,45.813209533691406
2019-10-11,47.29999923706055,46.459999084472656,46.66999816894531,46.560001373291016,25153600.0,46.220218658447266
2019-10-14,46.54999923706055,46.0,46.54999923706055,46.04999923706055,15076900.0,45.71393585205078
2019-10-15,46.58000183105469,46.040000915527344,46.25,46.36000061035156,18794400.0,46.02167510986328
2019-10-16,46.880001068115234,46.31999969482422,46.36000061035156,46.790000915527344,16454200.0,46.44853973388672
2019-10-17,47.29999923706055,46.599998474121094,47.150001525878906,47.029998779296875,14352400.0,46.68678665161133
2019-10-18,47.27000045776367,46.65999984741211,47.099998474121094,46.709999084472656,17226200.0,46.36912155151367
2019-10-21,47.47999954223633,46.970001220703125,47.13999938964844,47.38999938964844,13277700.0,47.044158935546875
2019-10-22,47.88999938964844,47.400001525878906,47.5,47.54999923706055,15067100.0,47.2029914855957
2019-10-23,47.70000076293945,46.84000015258789,47.470001220703125,47.04999923706055,15647100.0,46.70663833618164
2019-10-24,47.22999954223633,46.099998474121094,47.22999954223633,46.40999984741211,18338800.0,46.071311950683594
2019-10-25,46.9900016784668,46.459999084472656,46.540000915527344,46.900001525878906,15701200.0,46.557735443115234
2019-10-28,47.599998474121094,47.060001373291016,47.150001525878906,47.16999816894531,13859700.0,46.82576370239258
2019-10-29,47.43000030517578,46.90999984741211,47.0,47.2400016784668,13713900.0,46.89525604248047
2019-10-30,47.58000183105469,47.15999984741211,47.29999923706055,47.560001373291016,12062000.0,47.212921142578125
2019-10-31,47.650001525878906,47.099998474121094,47.599998474121094,47.5099983215332,12488300.0,47.16328048706055
2019-11-01,47.4900016784668,46.63999938964844,46.849998474121094,47.029998779296875,24404100.0,46.68678665161133
2019-11-04,47.880001068115234,47.31999969482422,47.5,47.47999954223633,15018900.0,47.13350296020508
2019-11-05,47.91999816894531,47.2599983215332,47.59000015258789,47.7599983215332,18988900.0,47.41145706176758
2019-11-06,48.5,47.790000915527344,47.810001373291016,48.27000045776367,15904500.0,47.9177360534668
2019-11-07,48.97999954223633,48.20000076293945,48.61000061035156,48.41999816894531,16717800.0,48.06664276123047
2019-11-08,48.849998474121094,48.04999923706055,48.41999816894531,48.83000183105469,14407000.0,48.47365188598633
2019-11-11,48.470001220703125,47.560001373291016,48.0099983215332,48.099998474121094,19590400.0,47.74897766113281
2019-11-12,48.7400016784668,48.119998931884766,48.290000915527344,48.369998931884766,15632900.0,48.017005920410156
2019-11-13,48.849998474121094,48.150001525878906,48.2400016784668,48.459999084472656,25187000.0,48.10634994506836
2019-11-14,46.0,44.599998474121094,45.560001373291016,44.90999984741211,65568900.0,44.58225631713867
2019-11-15,45.650001525878906,44.810001373291016,45.06999969482422,45.09000015258789,32385000.0,44.76094436645508
2019-11-18,45.189998626708984,44.439998626708984,44.97999954223633,45.150001525878906,22742800.0,44.82050704956055
2019-11-19,45.599998474121094,45.08000183105469,45.38999938964844,45.470001220703125,19612600.0,45.1381721496582
2019-11-20,45.7400016784668,44.93000030517578,45.689998626708984,45.08000183105469,18660800.0,44.75101852416992
2019-11-21,45.150001525878906,44.689998626708984,45.130001068115234,44.84000015258789,19868800.0,44.51276779174805
2019-11-22,45.16999816894531,44.689998626708984,45.150001525878906,44.849998474121094,18725700.0,44.5226936340332
2019-11-25,45.54999923706055,44.93000030517578,45.0,45.45000076293945,19653300.0,45.118316650390625
2019-11-26,45.77000045776367,45.25,45.529998779296875,45.310001373291016,29422000.0,44.979339599609375
2019-11-27,45.41999816894531,44.93000030517578,45.36000061035156,45.2400016784668,14889900.0,44.90985107421875
2019-11-29,45.540000915527344,45.150001525878906,45.2400016784668,45.310001373291016,9808900.0,44.979339599609375
2019-12-02,45.33000183105469,44.66999816894531,45.25,44.70000076293945,17630100.0,44.3737907409668
2019-12-03,44.4900016784668,43.7400016784668,44.400001525878906,44.279998779296875,19625500.0,43.95685577392578
2019-12-04,44.54999923706055,43.86000061035156,44.52000045776367,43.88999938964844,17202200.0,43.5697021484375
2019-12-05,44.099998474121094,43.400001525878906,44.04999923706055,43.52000045776367,22632800.0,43.2024040222168
2019-12-06,44.060001373291016,43.650001525878906,43.88999938964844,43.84000015258789,16541000.0,43.52006530761719
2019-12-09,44.369998931884766,43.75,43.88999938964844,43.900001525878906,17508500.0,43.57963180541992
2019-12-10,44.18000030517578,43.79999923706055,43.849998474121094,44.099998474121094,21862400.0,43.778167724609375
2019-12-11,44.45000076293945,44.150001525878906,44.36000061035156,44.279998779296875,16440500.0,43.95685577392578
2019-12-12,45.77000045776367,44.40999984741211,44.54999923706055,45.66999816894531,27061600.0,45.336708068847656
2019-12-13,46.04999923706055,45.20000076293945,45.90999984741211,45.29999923706055,21796900.0,44.96940994262695
2019-12-16,46.59000015258789,45.79999923706055,45.79999923706055,45.97999954223633,21871300.0,45.644447326660156
2019-12-17,46.52000045776367,45.93000030517578,46.220001220703125,46.439998626708984,22510000.0,46.10108947753906
2019-12-18,46.7599983215332,46.25,46.52000045776367,46.63999938964844,21921200.0,46.29963302612305
2019-12-19,47.9900016784668,47.11000061035156,47.150001525878906,47.880001068115234,30764700.0,47.53058624267578
2019-12-20,48.369998931884766,47.41999816894531,48.25,47.45000076293945,52575300.0,47.103721618652344
2019-12-23,48.29999923706055,47.41999816894531,47.54999923706055,48.099998474121094,20253500.0,47.74897766113281
2019-12-24,48.25,47.650001525878906,48.15999984741211,47.779998779296875,7044700.0,47.431312561035156
2019-12-26,48.0,47.650001525878906,47.779998779296875,47.849998474121094,11091700.0,47.50080108642578
2019-12-27,48.02000045776367,47.68000030517578,47.9900016784668,47.77000045776367,11056800.0,47.42138671875
2019-12-30,47.880001068115234,47.290000915527344,47.75,47.59000015258789,12128600.0,47.242698669433594
2019-12-31,47.97999954223633,47.40999984741211,47.540000915527344,47.959999084472656,14892600.0,47.61000061035156
2020-01-02,48.41999816894531,47.880001068115234,48.060001373291016,48.41999816894531,16708100.0,48.41999816894531
2020-01-03,48.13999938964844,47.47999954223633,47.90999984741211,47.630001068115234,15577400.0,47.630001068115234
2020-01-06,47.81999969482422,47.0099983215332,47.13999938964844,47.79999923706055,22183600.0,47.79999923706055
2020-01-07,47.720001220703125,47.099998474121094,47.720001220703125,47.4900016784668,16501900.0,47.4900016784668
2020-01-08,47.790000915527344,46.810001373291016,46.970001220703125,47.52000045776367,25175900.0,47.52000045776367
2020-01-09,47.880001068115234,47.06999969482422,47.790000915527344,47.31999969482422,18203600.0,47.31999969482422
2020-01-10,47.560001373291016,47.060001373291016,47.47999954223633,47.130001068115234,13502600.0,47.130001068115234
2020-01-13,47.97999954223633,47.29999923706055,47.310001373291016,47.970001220703125,18237400.0,47.970001220703125
2020-01-14,47.9900016784668,47.619998931884766,47.959999084472656,47.790000915527344,17948700.0,47.790000915527344
2020-01-15,48.400001525878906,47.7599983215332,47.91999816894531,48.0099983215332,16289400.0,48.0099983215332
2020-01-16,49.08000183105469,48.22999954223633,48.380001068115234,49.04999923706055,20094900.0,49.04999923706055
2020-01-17,49.540000915527344,48.869998931884766,49.310001373291016,49.02000045776367,27176200.0,49.02000045776367
2020-01-21,49.20000076293945,48.66999816894531,48.959999084472656,48.79999923706055,21771800.0,48.79999923706055
2020-01-22,49.529998779296875,49.040000915527344,49.279998779296875,49.06999969482422,15186000.0,49.06999969482422
2020-01-23,49.18000030517578,48.40999984741211,49.0,49.0,16767700.0,49.0
2020-01-24,49.47999954223633,48.540000915527344,49.220001220703125,48.849998474121094,14066700.0,48.849998474121094
2020-01-27,48.06999969482422,47.27000045776367,47.88999938964844,47.470001220703125,20666000.0,47.470001220703125
2020-01-28,47.970001220703125,47.5,47.52000045776367,47.77000045776367,14035100.0,47.77000045776367
2020-01-29,47.97999954223633,46.93000030517578,47.970001220703125,47.04999923706055,14273600.0,47.04999923706055
