Date,High,Low,Open,Close,Volume,Adj Close
2017-02-03,114.27999877929688,112.13999938964844,112.41000366210938,113.56999969482422,6623500.0,101.06626892089844
2017-02-06,113.5,112.44999694824219,113.27999877929688,112.9800033569336,5637300.0,100.54124450683594
2017-02-07,113.0999984741211,111.11000061035156,112.9800033569336,111.38999938964844,6038400.0,99.12628936767578
2017-02-08,111.79000091552734,110.31999969482422,111.12999725341797,111.58000183105469,5188800.0,99.29537200927734
2017-02-09,112.62999725341797,111.58000183105469,111.58000183105469,112.26000213623047,4607800.0,99.9005126953125
2017-02-10,113.44999694824219,112.37000274658203,112.75,113.05000305175781,6194300.0,100.60353088378906
2017-02-13,113.98999786376953,113.05000305175781,113.36000061035156,113.91000366210938,4858500.0,101.36884307861328
2017-02-14,113.06999969482422,111.77999877929688,112.68000030517578,112.5199966430664,5811200.0,101.09033966064453
2017-02-15,113.23999786376953,112.20999908447266,112.20999908447266,112.56999969482422,7048100.0,101.13524627685547
2017-02-16,112.98999786376953,110.43000030517578,112.98999786376953,110.68000030517578,9478200.0,99.43724060058594
2017-02-17,110.56999969482422,109.2699966430664,110.41999816894531,110.33000183105469,8111000.0,99.12281036376953
2017-02-21,112.30999755859375,110.5999984741211,110.7300033569336,111.72000122070312,6619100.0,100.3716049194336
2017-02-22,111.77999877929688,110.30999755859375,111.19000244140625,110.37999725341797,5732000.0,99.167724609375
2017-02-23,111.83000183105469,110.75,111.33999633789062,111.0199966430664,8659700.0,99.74270629882812
2017-02-24,111.0199966430664,109.47000122070312,110.9000015258789,110.12000274658203,6189400.0,98.93413543701172
2017-02-27,112.2699966430664,110.37000274658203,110.6500015258789,111.75,7275800.0,100.39854431152344
2017-02-28,112.76000213623047,111.48999786376953,111.66000366210938,112.5,7030200.0,101.0723648071289
2017-03-01,114.38999938964844,112.87999725341797,112.91999816894531,113.87999725341797,7353800.0,102.31218719482422
2017-03-02,114.2699966430664,113.30999755859375,113.66999816894531,113.36000061035156,5892500.0,101.84500885009766
2017-03-03,113.88999938964844,113.20999908447266,113.36000061035156,113.55000305175781,4905600.0,102.01571655273438
2017-03-06,113.5,112.66999816894531,113.25,113.16999816894531,4731900.0,101.67430877685547
2017-03-07,113.87999725341797,111.69000244140625,113.54000091552734,111.80999755859375,6660300.0,100.45245361328125
2017-03-08,111.91999816894531,109.4000015258789,111.68000030517578,109.61000061035156,9071600.0,98.47593688964844
2017-03-09,110.16999816894531,108.51000213623047,109.30999755859375,110.04000091552734,7247400.0,98.86224365234375
2017-03-10,111.41000366210938,109.44000244140625,111.4000015258789,110.61000061035156,6560300.0,99.37434387207031
2017-03-13,110.80999755859375,109.30999755859375,110.51000213623047,109.3499984741211,6369300.0,98.24234008789062
2017-03-14,108.56999969482422,107.12000274658203,108.47000122070312,107.36000061035156,9935700.0,96.45447540283203
2017-03-15,108.9800033569336,107.54000091552734,108.08000183105469,108.87999725341797,9472100.0,97.82008361816406
2017-03-16,108.87999725341797,107.44000244140625,108.80999755859375,107.86000061035156,8894700.0,96.90367889404297
2017-03-17,108.41999816894531,107.68000030517578,108.0,107.68000030517578,14353400.0,96.74197387695312
2017-03-20,107.8499984741211,107.0199966430664,107.2699966430664,107.66000366210938,5301900.0,96.72400665283203
2017-03-21,108.2300033569336,107.4000015258789,108.05999755859375,108.04000091552734,7406300.0,97.0654067993164
2017-03-22,108.8499984741211,107.5199966430664,107.6500015258789,108.38999938964844,8106800.0,97.37986755371094
2017-03-23,108.86000061035156,107.75,108.29000091552734,107.87000274658203,5451200.0,96.91268157958984
2017-03-24,108.41999816894531,107.69999694824219,107.93000030517578,107.98999786376953,6339900.0,97.0204849243164
2017-03-27,107.3499984741211,105.81999969482422,107.0,106.27999877929688,6479400.0,95.48417663574219
2017-03-28,107.73999786376953,106.12000274658203,106.27999877929688,107.16999816894531,6331500.0,96.28378295898438
2017-03-29,108.08000183105469,106.87999725341797,106.94999694824219,108.06999969482422,4919900.0,97.09236907958984
2017-03-30,108.68000030517578,107.19999694824219,108.1500015258789,107.77999877929688,6797700.0,96.83181762695312
2017-03-31,108.13999938964844,107.05000305175781,107.69999694824219,107.37000274658203,6159000.0,96.46347045898438
2017-04-03,107.97000122070312,106.37999725341797,107.22000122070312,107.80000305175781,5800900.0,96.84979248046875
2017-04-04,108.72000122070312,107.01000213623047,107.87999725341797,108.66000366210938,4687400.0,97.62245178222656
2017-04-05,110.66999816894531,108.55999755859375,109.6500015258789,108.63999938964844,6398800.0,97.60446166992188
2017-04-06,109.6500015258789,108.75,109.12000274658203,109.29000091552734,3934500.0,98.18843841552734
2017-04-07,109.58000183105469,108.66999816894531,109.37999725341797,108.86000061035156,4889400.0,97.80211639404297
2017-04-10,110.19999694824219,108.97000122070312,109.12000274658203,109.43000030517578,4812100.0,98.31421661376953
2017-04-11,109.54000091552734,108.05999755859375,109.52999877929688,108.97000122070312,3956500.0,97.90094757080078
2017-04-12,109.36000061035156,108.44999694824219,109.36000061035156,108.97000122070312,5053300.0,97.90094757080078
2017-04-13,108.73999786376953,105.93000030517578,108.63999938964844,106.0999984741211,6894800.0,95.32247161865234
2017-04-17,106.4800033569336,105.6500015258789,106.16999816894531,106.16999816894531,5278800.0,95.38536834716797
2017-04-18,106.68000030517578,105.31999969482422,105.80999755859375,105.68000030517578,4252700.0,94.94514465332031
2017-04-19,106.13999938964844,103.83000183105469,105.88999938964844,104.2300033569336,6667900.0,93.64244079589844
2017-04-20,105.69000244140625,104.36000061035156,104.4000015258789,104.87999725341797,4988100.0,94.22639465332031
2017-04-21,105.43000030517578,104.29000091552734,104.80000305175781,104.88999938964844,5432600.0,94.23538208007812
2017-04-24,106.41000366210938,105.37000274658203,105.79000091552734,105.93000030517578,4538200.0,95.16973114013672
2017-04-25,106.97000122070312,106.18000030517578,106.30000305175781,106.7300033569336,4619000.0,95.88848114013672
2017-04-26,107.4800033569336,105.97000122070312,106.4000015258789,106.08000183105469,6687400.0,95.30450439453125
2017-04-27,105.9800033569336,104.66999816894531,105.95999908447266,105.47000122070312,5781800.0,94.75646209716797
2017-04-28,107.5999984741211,105.98999786376953,107.05000305175781,106.69999694824219,6848400.0,95.86151885986328
2017-05-01,106.7300033569336,105.76000213623047,106.26000213623047,105.91999816894531,4955500.0,95.16075897216797
2017-05-02,106.52999877929688,105.08999633789062,106.11000061035156,105.36000061035156,5112200.0,94.65762329101562
2017-05-03,107.26000213623047,105.12999725341797,105.36000061035156,106.72000122070312,5663000.0,95.8794937133789
2017-05-04,106.33000183105469,104.13999938964844,106.23999786376953,104.80999755859375,8039900.0,94.16350555419922
2017-05-05,105.88999938964844,104.69999694824219,104.91999816894531,105.79000091552734,5060000.0,95.0439682006836
2017-05-08,106.72000122070312,105.81999969482422,105.93000030517578,106.68000030517578,5175100.0,95.84355926513672
2017-05-09,106.75,104.81999969482422,106.51000213623047,105.08000183105469,5024000.0,94.40608978271484
2017-05-10,106.83000183105469,105.54000091552734,105.81999969482422,106.5,5582800.0,95.68184661865234
2017-05-11,107.08000183105469,105.62999725341797,107.08000183105469,106.20999908447266,4632100.0,95.4212875366211
2017-05-12,106.29000091552734,105.4800033569336,106.05999755859375,105.95999908447266,4488200.0,95.19669342041016
2017-05-15,107.70999908447266,106.68000030517578,107.1500015258789,106.8499984741211,6647500.0,95.99628448486328
2017-05-16,107.66000366210938,106.94000244140625,107.56999969482422,107.25,5001400.0,96.35566711425781
2017-05-17,106.2699966430664,104.62000274658203,106.16999816894531,104.69999694824219,6384300.0,95.02153015136719
2017-05-18,105.68000030517578,103.83999633789062,104.55000305175781,105.16999816894531,5618100.0,95.4480972290039
2017-05-19,106.5199966430664,105.16999816894531,105.5199966430664,106.5199966430664,8383500.0,96.67329406738281
2017-05-22,107.08999633789062,105.75,107.08999633789062,106.12000274658203,4491100.0,96.31028747558594
2017-05-23,106.55999755859375,105.9800033569336,106.06999969482422,106.2699966430664,3457100.0,96.44641876220703
2017-05-24,106.36000061035156,105.7300033569336,106.0999984741211,106.22000122070312,3457200.0,96.40104675292969
2017-05-25,106.70999908447266,104.72000122070312,106.0999984741211,105.11000061035156,5293800.0,95.39363861083984
2017-05-26,105.29000091552734,104.5999984741211,105.05000305175781,104.72000122070312,3752500.0,95.0396957397461
2017-05-30,104.70999908447266,103.75,104.3499984741211,104.05999755859375,4288000.0,94.4406967163086
2017-05-31,103.88999938964844,103.06999969482422,103.55000305175781,103.4800033569336,8037900.0,93.9143295288086
2017-06-01,104.27999877929688,103.43000030517578,103.69000244140625,104.2699966430664,4769400.0,94.63128662109375
2017-06-02,103.94000244140625,102.7699966430664,103.81999969482422,103.11000061035156,5864000.0,93.57852935791016
2017-06-05,103.58000183105469,102.62999725341797,102.80000305175781,103.19000244140625,4523300.0,93.65113067626953
2017-06-06,104.44999694824219,102.76000213623047,103.11000061035156,104.16999816894531,4683900.0,94.54053497314453
2017-06-07,104.43000030517578,102.55000305175781,103.97000122070312,103.7699966430664,7197100.0,94.17750549316406
2017-06-08,104.73999786376953,103.44000244140625,103.7699966430664,104.0,6493600.0,94.38626098632812
2017-06-09,106.48999786376953,104.01000213623047,104.01000213623047,106.4000015258789,6595600.0,96.56440734863281
2017-06-12,108.43000030517578,106.4000015258789,106.4000015258789,108.04000091552734,8690600.0,98.05278778076172
2017-06-13,108.48999786376953,107.16000366210938,108.33999633789062,108.12999725341797,6099700.0,98.13446807861328
2017-06-14,107.98999786376953,105.73999786376953,107.91000366210938,106.5999984741211,6202300.0,96.74591064453125
2017-06-15,106.80000305175781,105.87000274658203,106.5,106.33000183105469,5441400.0,96.50086212158203
2017-06-16,108.36000061035156,106.20999908447266,106.94000244140625,108.3499984741211,11633900.0,98.33413696289062
2017-06-19,108.37999725341797,107.13999938964844,108.30999755859375,107.45999908447266,4577800.0,97.52641296386719
2017-06-20,106.5999984741211,105.37999725341797,106.25,106.4800033569336,5171200.0,96.63700103759766
2017-06-21,106.9000015258789,103.91999816894531,105.88999938964844,104.48999786376953,6989400.0,94.83096313476562
2017-06-22,105.13999938964844,104.04000091552734,104.4800033569336,104.44999694824219,4197400.0,94.7946548461914
2017-06-23,105.41999816894531,104.23999786376953,104.25,105.0,5773300.0,95.29380798339844
2017-06-26,105.19000244140625,104.02999877929688,105.02999877929688,104.13999938964844,3602500.0,94.5133056640625
2017-06-27,104.88999938964844,104.02999877929688,104.7300033569336,104.06999969482422,4170300.0,94.44979858398438
2017-06-28,104.9000015258789,104.04000091552734,104.43000030517578,104.27999877929688,4162300.0,94.6403579711914
2017-06-29,105.1500015258789,104.05000305175781,104.37999725341797,104.12000274658203,4288600.0,94.49516296386719
2017-06-30,104.72000122070312,103.88999938964844,104.52999877929688,104.33000183105469,5497000.0,94.68575286865234
2017-07-03,106.95999908447266,104.23999786376953,104.23999786376953,106.30000305175781,4419100.0,96.47364044189453
2017-07-05,106.30000305175781,104.2699966430664,105.98999786376953,104.62000274658203,4482700.0,94.94894409179688
2017-07-06,105.12999725341797,103.70999908447266,104.66999816894531,103.81999969482422,5084800.0,94.22289276123047
2017-07-07,103.76000213623047,102.80999755859375,103.58999633789062,103.48999786376953,6457000.0,93.92339324951172
2017-07-10,103.58000183105469,102.5999984741211,103.44000244140625,103.04000091552734,4629000.0,93.5149917602539
2017-07-11,103.5,102.55000305175781,103.1500015258789,103.12000274658203,4322400.0,93.58760070800781
2017-07-12,104.75,103.47000122070312,104.0,103.88999938964844,3978100.0,94.28641510009766
2017-07-13,104.20999908447266,103.45999908447266,103.80000305175781,104.12999725341797,4439100.0,94.50423431396484
2017-07-14,104.63999938964844,103.7300033569336,104.37999725341797,104.44000244140625,3644300.0,94.78556823730469
2017-07-17,104.97000122070312,104.08000183105469,104.31999969482422,104.20999908447266,5572400.0,94.57682800292969
2017-07-18,104.5999984741211,103.51000213623047,104.5999984741211,103.72000122070312,4339400.0,94.13213348388672
2017-07-19,104.4800033569336,103.51000213623047,103.55999755859375,104.45999908447266,4932000.0,94.80371856689453
2017-07-20,105.37000274658203,103.81999969482422,105.0,104.62999725341797,5367800.0,94.95801544189453
2017-07-21,104.37999725341797,103.1500015258789,104.18000030517578,103.25,5304100.0,93.70558166503906
2017-07-24,103.56999969482422,102.91999816894531,103.18000030517578,103.19999694824219,4080400.0,93.66020202636719
2017-07-25,105.1500015258789,104.31999969482422,104.44999694824219,104.38999938964844,7093800.0,94.74019622802734
2017-07-26,106.08000183105469,104.19999694824219,104.62999725341797,105.12000274658203,5881400.0,95.40271759033203
2017-07-27,106.31999969482422,104.61000061035156,104.87999725341797,106.11000061035156,5888400.0,96.30120849609375
2017-07-28,109.12999725341797,106.36000061035156,106.70999908447266,108.12000274658203,7812600.0,98.12540435791016
2017-07-31,110.0,108.1500015258789,108.38999938964844,109.19000244140625,7561200.0,99.09648895263672
2017-08-01,110.97000122070312,109.41999816894531,109.54000091552734,110.77999877929688,8162900.0,100.53951263427734
2017-08-02,111.19999694824219,109.8499984741211,110.38999938964844,110.45999908447266,6212300.0,100.24908447265625
2017-08-03,110.44999694824219,109.05000305175781,110.2300033569336,109.43000030517578,5605400.0,99.31430053710938
2017-08-04,110.19999694824219,109.43000030517578,109.43000030517578,110.11000061035156,4643500.0,99.93144226074219
2017-08-07,110.29000091552734,109.58000183105469,109.80999755859375,109.77999877929688,4762800.0,99.63194274902344
2017-08-08,110.70999908447266,109.7699966430664,110.0,110.3499984741211,4107300.0,100.14925384521484
2017-08-09,111.41000366210938,110.26000213623047,110.73999786376953,110.88999938964844,3966800.0,100.63933563232422
2017-08-10,111.44000244140625,110.02999877929688,111.2300033569336,110.11000061035156,4950700.0,99.93144226074219
2017-08-11,110.48999786376953,109.12999725341797,110.19999694824219,109.2300033569336,3383000.0,99.1327896118164
2017-08-14,109.81999969482422,108.31999969482422,109.26000213623047,108.70999908447266,4286100.0,98.6608657836914
2017-08-15,108.9000015258789,107.52999877929688,108.75,108.56999969482422,5310700.0,98.5337905883789
2017-08-16,107.91999816894531,106.69000244140625,107.62999725341797,106.83999633789062,4186600.0,97.93794250488281
2017-08-17,106.87000274658203,105.91000366210938,106.61000061035156,105.91999816894531,5870300.0,97.09461212158203
2017-08-18,107.33999633789062,105.5,105.83999633789062,106.4800033569336,5467400.0,97.60795593261719
2017-08-21,106.4800033569336,105.30000305175781,106.4800033569336,105.77999877929688,3560400.0,96.96627807617188
2017-08-22,106.91999816894531,105.80999755859375,105.98999786376953,106.36000061035156,5630900.0,97.49796295166016
2017-08-23,107.05999755859375,106.11000061035156,106.20999908447266,106.61000061035156,4185800.0,97.72712707519531
2017-08-24,107.66999816894531,106.33000183105469,106.5,107.44000244140625,5059700.0,98.48796844482422
2017-08-25,108.70999908447266,107.5199966430664,107.81999969482422,108.2300033569336,4384200.0,99.21214294433594
2017-08-28,108.58999633789062,107.2699966430664,108.54000091552734,107.76000213623047,3681600.0,98.78131103515625
2017-08-29,108.05000305175781,107.04000091552734,107.43000030517578,107.86000061035156,3230600.0,98.87296295166016
2017-08-30,107.83999633789062,107.0999984741211,107.58000183105469,107.7300033569336,3126000.0,98.7538070678711
2017-08-31,108.2300033569336,107.5,108.0,107.62000274658203,5508200.0,98.65296936035156
2017-09-01,109.16000366210938,107.51000213623047,107.68000030517578,108.76000213623047,3660300.0,99.69799041748047
2017-09-05,110.26000213623047,108.69999694824219,109.36000061035156,109.44000244140625,5198500.0,100.32131958007812
2017-09-06,112.2300033569336,109.80000305175781,110.0,111.79000091552734,8577300.0,102.47551727294922
2017-09-07,112.87000274658203,111.36000061035156,112.18000030517578,111.80000305175781,5937800.0,102.48469543457031
2017-09-08,111.75,110.52999877929688,111.58999633789062,110.77999877929688,4033100.0,101.54967498779297
2017-09-11,112.56999969482422,111.5199966430664,111.83000183105469,112.5199966430664,5973400.0,103.14469909667969
2017-09-12,112.94999694824219,111.86000061035156,112.81999969482422,112.48999786376953,5110100.0,103.11719512939453
2017-09-13,114.31999969482422,112.27999877929688,112.48999786376953,114.18000030517578,5889400.0,104.66638946533203
2017-09-14,115.33999633789062,114.18000030517578,114.26000213623047,114.44999694824219,5819100.0,104.91388702392578
2017-09-15,114.91000366210938,113.62999725341797,114.83000183105469,114.62999725341797,8387600.0,105.07888793945312
2017-09-18,115.22000122070312,114.31999969482422,114.41999816894531,115.19000244140625,4954600.0,105.59222412109375
2017-09-19,116.41999816894531,115.19000244140625,115.25,116.33999633789062,6188000.0,106.64640045166016
2017-09-20,117.1500015258789,116.19999694824219,116.5,116.37000274658203,5378200.0,106.67390441894531
2017-09-21,116.5199966430664,115.83000183105469,116.22000122070312,116.47000122070312,4334500.0,106.76557922363281
2017-09-22,117.83000183105469,116.2699966430664,116.41000366210938,117.29000091552734,5307100.0,107.51725006103516
2017-09-25,118.33000183105469,117.0199966430664,117.2300033569336,117.98999786376953,5980300.0,108.15892791748047
2017-09-26,118.02999877929688,117.25,117.79000091552734,117.5199966430664,4874700.0,107.72808837890625
2017-09-27,117.5999984741211,116.7699966430664,117.45999908447266,117.44999694824219,3926800.0,107.66390991210938
2017-09-28,118.12999725341797,117.0199966430664,117.16999816894531,117.62000274658203,4949000.0,107.81976318359375
2017-09-29,117.5199966430664,116.7300033569336,117.16999816894531,117.5,4874800.0,107.70975494384766
2017-10-02,117.79000091552734,115.52999877929688,116.41999816894531,117.43000030517578,4285600.0,107.64559173583984
2017-10-03,118.25,117.01000213623047,117.08000183105469,117.81999969482422,3892200.0,108.00308990478516
2017-10-04,117.87000274658203,117.12999725341797,117.81999969482422,117.58000183105469,3443400.0,107.78309631347656
2017-10-05,118.69000244140625,117.33000183105469,117.44999694824219,118.58000183105469,5470900.0,108.69977569580078
2017-10-06,118.1500015258789,116.80000305175781,117.94999694824219,117.02999877929688,3533300.0,107.2789077758789
2017-10-09,118.08000183105469,117.01000213623047,117.33999633789062,117.70999908447266,2951900.0,107.90225982666016
2017-10-10,119.81999969482422,118.29000091552734,118.4000015258789,118.80000305175781,5683100.0,108.90145111083984
2017-10-11,119.5199966430664,118.58000183105469,119.20999908447266,119.33000183105469,3926100.0,109.38726806640625
2017-10-12,119.6500015258789,118.30999755859375,118.48999786376953,119.13999938964844,3929700.0,109.2131118774414
2017-10-13,120.0,119.06999969482422,119.79000091552734,119.16000366210938,4640100.0,109.23145294189453
2017-10-16,120.88999938964844,119.43000030517578,119.83999633789062,120.12999725341797,5500700.0,110.12062072753906
2017-10-17,120.73999786376953,119.83000183105469,120.2300033569336,120.22000122070312,4844300.0,110.20311737060547
2017-10-18,120.0199966430664,117.98999786376953,119.4000015258789,118.1500015258789,5505100.0,108.30558776855469
2017-10-19,118.73999786376953,117.94999694824219,118.05999755859375,118.19999694824219,4576600.0,108.35143280029297
2017-10-20,118.77999877929688,118.06999969482422,118.61000061035156,118.63999938964844,4924300.0,108.75476837158203
2017-10-23,119.30000305175781,118.44999694824219,118.72000122070312,118.93000030517578,3872400.0,109.0206069946289
2017-10-24,119.91999816894531,119.06999969482422,119.4800033569336,119.2300033569336,4472400.0,109.29560852050781
2017-10-25,119.44000244140625,118.1500015258789,119.0,118.44000244140625,4553100.0,108.5714340209961
2017-10-26,119.0,118.13999938964844,118.77999877929688,118.44000244140625,4092900.0,108.5714340209961
2017-10-27,116.4000015258789,112.56999969482422,116.12999725341797,113.54000091552734,14534100.0,104.0797119140625
2017-10-30,115.0999984741211,112.83999633789062,113.16999816894531,114.38999938964844,7517800.0,104.85887908935547
2017-10-31,116.37999725341797,113.81999969482422,114.44999694824219,115.88999938964844,7154800.0,106.23390197753906
2017-11-01,116.97000122070312,115.3499984741211,116.30000305175781,115.9000015258789,5030300.0,106.2430648803711
2017-11-02,116.47000122070312,114.70999908447266,116.20999908447266,115.33000183105469,4329600.0,105.7205581665039
2017-11-03,115.75,114.7300033569336,115.4800033569336,114.98999786376953,4101800.0,105.40888977050781
2017-11-06,117.16000366210938,114.98999786376953,115.37000274658203,117.04000091552734,5950300.0,107.28807830810547
2017-11-07,118.0,116.4800033569336,117.37999725341797,117.23999786376953,5219500.0,107.47140502929688
2017-11-08,117.1500015258789,115.9000015258789,116.77999877929688,116.66999816894531,5092800.0,106.94891357421875
2017-11-09,117.5,115.62000274658203,115.9000015258789,117.23999786376953,5103300.0,107.47140502929688
2017-11-10,117.30999755859375,116.0999984741211,116.70999908447266,117.18000030517578,5156900.0,107.41641998291016
2017-11-13,117.7699966430664,116.68000030517578,117.22000122070312,117.2300033569336,4279200.0,107.46226501464844
2017-11-14,117.26000213623047,116.25,116.81999969482422,116.91999816894531,6996500.0,107.17808532714844
2017-11-15,117.2300033569336,116.06999969482422,116.20999908447266,116.44999694824219,5372600.0,106.74723815917969
2017-11-16,115.81999969482422,114.37999725341797,115.25,114.56999969482422,5888700.0,106.00703430175781
2017-11-17,114.98999786376953,113.9000015258789,114.66999816894531,114.70999908447266,4337500.0,106.13656616210938
2017-11-20,115.02999877929688,114.44000244140625,114.7699966430664,114.72000122070312,4634200.0,106.14582824707031
2017-11-21,115.86000061035156,114.91999816894531,115.13999938964844,115.16999816894531,4596000.0,106.56218719482422
2017-11-22,116.77999877929688,115.31999969482422,115.48999786376953,115.91000366210938,3951000.0,107.24688720703125
2017-11-24,116.8499984741211,116.30999755859375,116.55000305175781,116.51000213623047,1744200.0,107.80204010009766
2017-11-27,116.02999877929688,115.23999786376953,115.8499984741211,115.58999633789062,4490300.0,106.95079040527344
2017-11-28,116.80999755859375,115.73999786376953,115.91999816894531,116.44999694824219,4004700.0,107.74652099609375
2017-11-29,117.25,115.83000183105469,116.19999694824219,117.18000030517578,3661000.0,108.42195892333984
2017-11-30,119.1500015258789,117.2300033569336,117.26000213623047,118.98999786376953,7896600.0,110.09668731689453
2017-12-01,120.45999908447266,118.5199966430664,119.80999755859375,119.51000213623047,6831800.0,110.57781982421875
2017-12-04,122.30000305175781,119.37000274658203,119.80999755859375,120.83999633789062,7366400.0,111.80841064453125
2017-12-05,121.4000015258789,120.1500015258789,120.54000091552734,120.38999938964844,4380700.0,111.39205169677734
2017-12-06,120.87999725341797,119.5199966430664,119.98999786376953,119.61000061035156,4852500.0,110.67034912109375
2017-12-07,120.0999984741211,118.95999908447266,119.5,119.62999725341797,4908500.0,110.6888427734375
2017-12-08,120.23999786376953,119.0999984741211,119.95999908447266,119.91999816894531,4122200.0,110.9571762084961
2017-12-11,121.11000061035156,120.12000274658203,120.29000091552734,120.41999816894531,5929700.0,111.41980743408203
2017-12-12,120.73999786376953,119.55999755859375,119.80999755859375,119.68000030517578,4300200.0,110.73511505126953
2017-12-13,120.16999816894531,118.68000030517578,119.43000030517578,119.93000030517578,4399800.0,110.9664306640625
2017-12-14,120.27999877929688,119.5,119.80999755859375,119.52999877929688,3736900.0,110.59632110595703
2017-12-15,120.47000122070312,119.51000213623047,120.44000244140625,119.7300033569336,11226900.0,110.78138732910156
2017-12-18,121.29000091552734,119.62000274658203,119.91999816894531,119.69999694824219,4654100.0,110.75361633300781
2017-12-19,120.75,119.51000213623047,120.31999969482422,119.83999633789062,4599300.0,110.88314056396484
2017-12-20,121.30000305175781,119.6500015258789,120.27999877929688,120.88999938964844,6286700.0,111.85466766357422
2017-12-21,125.3499984741211,121.06999969482422,121.38999938964844,124.81999969482422,10109000.0,115.4909439086914
2017-12-22,125.6500015258789,124.56999969482422,124.8499984741211,124.9800033569336,4735100.0,115.63899230957031
2017-12-26,126.13999938964844,125.05000305175781,125.2300033569336,125.9800033569336,3348500.0,116.56425476074219
2017-12-27,126.19999694824219,125.12999725341797,125.95999908447266,125.55000305175781,3452300.0,116.16639709472656
2017-12-28,125.88999938964844,125.29000091552734,125.69000244140625,125.58000183105469,2191800.0,116.19413757324219
2017-12-29,125.9800033569336,125.19000244140625,125.36000061035156,125.19000244140625,3829000.0,115.83329772949219
2018-01-02,127.73999786376953,125.54000091552734,125.70999908447266,127.58000183105469,5626000.0,118.04467010498047
2018-01-03,128.94000244140625,126.9000015258789,127.45999908447266,128.50999450683594,5805500.0,118.90515899658203
2018-01-04,128.35000610351562,127.22000122070312,127.94999694824219,128.11000061035156,4598300.0,118.53504943847656
2018-01-05,128.10000610351562,127.0999984741211,127.97000122070312,127.9000015258789,4189200.0,118.34073638916016
2018-01-08,128.6300048828125,127.62999725341797,127.86000061035156,128.52999877929688,4826100.0,118.92366790771484
2018-01-09,128.94000244140625,127.79000091552734,128.42999267578125,127.83999633789062,4422300.0,118.28522491455078
2018-01-10,128.75999450683594,127.80000305175781,128.30999755859375,128.66000366210938,5292200.0,119.0439453125
2018-01-11,133.32000732421875,128.75999450683594,128.9199981689453,132.57000732421875,11641300.0,122.66172790527344
2018-01-12,133.85000610351562,132.11000061035156,132.19000244140625,133.60000610351562,7232900.0,123.61473083496094
2018-01-16,133.8800048828125,131.60000610351562,133.6699981689453,132.00999450683594,6254200.0,122.1435546875
2018-01-17,132.8000030517578,130.9600067138672,132.19000244140625,132.36000061035156,5632700.0,122.46742248535156
2018-01-18,132.5,131.02999877929688,132.35000610351562,131.58999633789062,5890000.0,121.75495910644531
2018-01-19,132.0,130.2100067138672,131.8300018310547,131.3000030517578,6048900.0,121.48663330078125
2018-01-22,132.55999755859375,131.27999877929688,131.3000030517578,132.55999755859375,5248800.0,122.65245056152344
2018-01-23,132.55999755859375,130.72999572753906,132.3800048828125,131.02000427246094,5747300.0,121.22754669189453
2018-01-24,132.6699981689453,131.07000732421875,131.3800048828125,131.38999938964844,6868200.0,121.56990051269531
2018-01-25,131.8699951171875,130.33999633789062,131.75999450683594,130.64999389648438,4597200.0,120.88522338867188
2018-01-26,131.75,130.3699951171875,130.7100067138672,131.19000244140625,6310500.0,121.38485717773438
2018-01-29,131.5800018310547,128.32000732421875,130.05999755859375,128.47999572753906,6350700.0,118.87740325927734
2018-01-30,128.00999450683594,125.19000244140625,127.61000061035156,125.2300033569336,8084000.0,115.87030792236328
2018-01-31,125.81999969482422,124.05000305175781,125.41999816894531,125.3499984741211,9626800.0,115.9813232421875
2018-02-01,125.62999725341797,124.05999755859375,125.5999984741211,125.56999969482422,7844500.0,116.18489837646484
2018-02-02,123.94999694824219,117.63999938964844,123.94999694824219,118.58000183105469,13182600.0,109.71731567382812
2018-02-05,118.30000305175781,108.0199966430664,116.98999786376953,112.62000274658203,15414700.0,104.20278930664062
2018-02-06,117.62999725341797,110.76000213623047,111.19999694824219,117.18000030517578,18416300.0,108.42195892333984
2018-02-07,119.2699966430664,115.2300033569336,117.4000015258789,115.29000091552734,11535700.0,106.6732177734375
2018-02-08,115.88999938964844,112.20999908447266,115.16999816894531,112.30000305175781,9927500.0,103.90670013427734
2018-02-09,114.62000274658203,109.5,113.33999633789062,113.5,10922400.0,105.01700592041016
2018-02-12,115.8499984741211,112.91000366210938,114.80000305175781,113.9800033569336,8358200.0,105.46113586425781
2018-02-13,113.61000061035156,111.86000061035156,113.33999633789062,113.29000091552734,7065900.0,104.82270050048828
2018-02-14,114.05000305175781,111.4000015258789,112.5,113.62999725341797,7031900.0,105.13727569580078
2018-02-15,113.0199966430664,110.83999633789062,112.86000061035156,112.52999877929688,5405000.0,105.1559829711914
2018-02-16,112.94000244140625,111.20999908447266,112.3499984741211,112.13999938964844,5950400.0,104.79154205322266
2018-02-20,112.76000213623047,110.58000183105469,112.27999877929688,110.9800033569336,6810900.0,103.70755767822266
2018-02-21,112.05999755859375,109.05999755859375,111.13999938964844,109.05999755859375,6892300.0,101.91336822509766
2018-02-22,111.44000244140625,108.9000015258789,109.55000305175781,109.88999938964844,8176700.0,102.68898010253906
2018-02-23,112.73999786376953,110.25,110.45999908447266,112.58999633789062,6460200.0,105.21205139160156
2018-02-26,114.66000366210938,112.8499984741211,113.18000030517578,114.5999984741211,7405800.0,107.09033203125
2018-02-27,116.05000305175781,113.61000061035156,114.87000274658203,113.61000061035156,6059700.0,106.16519927978516
2018-02-28,115.45999908447266,111.87999725341797,115.0199966430664,111.91999816894531,7441000.0,104.58594512939453
2018-03-01,113.9000015258789,110.97000122070312,111.52999877929688,112.04000091552734,7516700.0,104.69808959960938
2018-03-02,112.18000030517578,109.83000183105469,111.5,111.63999938964844,6607300.0,104.32429504394531
2018-03-05,113.33000183105469,111.0199966430664,111.4000015258789,113.1500015258789,7814900.0,105.7353515625
2018-03-06,115.5199966430664,113.0199966430664,113.8499984741211,113.6500015258789,7957900.0,106.20259094238281
2018-03-07,115.08000183105469,112.62999725341797,112.94999694824219,113.83999633789062,6660000.0,106.38013458251953
2018-03-08,114.75,112.5999984741211,114.5999984741211,113.3499984741211,6095100.0,105.92224884033203
2018-03-09,117.38999938964844,114.23999786376953,114.30999755859375,117.22000122070312,8833300.0,109.53865051269531
2018-03-12,118.3499984741211,116.55999755859375,117.5,116.79000091552734,6877000.0,109.1368179321289
2018-03-13,118.18000030517578,116.0,117.2300033569336,116.45999908447266,6793100.0,108.82845306396484
2018-03-14,117.44999694824219,114.86000061035156,116.9800033569336,115.12999725341797,5051000.0,107.58560180664062
2018-03-15,116.20999908447266,114.75,115.36000061035156,115.58000183105469,4519700.0,108.00611877441406
2018-03-16,116.19000244140625,114.55999755859375,115.4000015258789,115.4000015258789,14909400.0,107.8379135131836
2018-03-19,115.2300033569336,113.22000122070312,115.06999969482422,113.88999938964844,4803500.0,106.42686462402344
2018-03-20,115.69999694824219,114.44000244140625,114.55000305175781,114.5,4587200.0,106.99689483642578
2018-03-21,118.11000061035156,114.80000305175781,114.9800033569336,117.04000091552734,6829600.0,109.37044525146484
2018-03-22,115.73999786376953,113.4800033569336,115.55000305175781,113.69999694824219,6297200.0,106.24930572509766
2018-03-23,115.7699966430664,112.69999694824219,114.37000274658203,112.9800033569336,6227200.0,105.57648468017578
2018-03-26,115.58999633789062,113.25,114.23999786376953,115.3499984741211,6868700.0,107.79119110107422
2018-03-27,116.86000061035156,113.9800033569336,115.75,114.66000366210938,5530800.0,107.14640045166016
2018-03-28,115.26000213623047,112.05999755859375,114.93000030517578,112.0999984741211,6985300.0,104.75415802001953
2018-03-29,114.43000030517578,112.27999877929688,112.29000091552734,114.04000091552734,6627800.0,106.56703186035156
2018-04-02,114.38999938964844,110.54000091552734,113.88999938964844,112.23999786376953,6228600.0,104.8849868774414
2018-04-03,114.9800033569336,112.08999633789062,112.5199966430664,114.83000183105469,6717300.0,107.30526733398438
2018-04-04,114.79000091552734,112.43000030517578,113.05000305175781,114.4800033569336,5727200.0,106.97820281982422
2018-04-05,117.88999938964844,114.69999694824219,114.87999725341797,117.29000091552734,7204900.0,109.60407257080078
2018-04-06,117.01000213623047,113.38999938964844,116.37999725341797,114.76000213623047,7094500.0,107.2398452758789
2018-04-09,117.16999816894531,114.87999725341797,115.30000305175781,115.9800033569336,6933800.0,108.3799057006836
2018-04-10,119.83000183105469,117.5999984741211,117.5999984741211,118.8499984741211,7612800.0,111.06183624267578
2018-04-11,119.37999725341797,117.75,118.69000244140625,119.25,6246800.0,111.43562316894531
2018-04-12,120.66999816894531,118.6500015258789,119.70999908447266,119.2300033569336,6702000.0,111.41693878173828
2018-04-13,120.79000091552734,119.22000122070312,119.5199966430664,119.91999816894531,5508100.0,112.06171417236328
2018-04-16,121.70999908447266,119.7699966430664,120.5999984741211,120.69999694824219,4598000.0,112.79060363769531
2018-04-17,122.0,120.55999755859375,120.94000244140625,121.45999908447266,6488300.0,113.50080108642578
2018-04-18,124.88999938964844,122.4000015258789,122.45999908447266,123.81999969482422,9132500.0,115.70616149902344
2018-04-19,125.0,123.20999908447266,123.97000122070312,123.70999908447266,7159400.0,115.60335540771484
2018-04-20,123.45999908447266,121.45999908447266,123.37999725341797,122.30999755859375,7561200.0,114.29509735107422
2018-04-23,123.61000061035156,121.80000305175781,122.0,123.58000183105469,6113100.0,115.48188781738281
2018-04-24,125.04000091552734,121.75,124.36000061035156,122.54000091552734,7980500.0,114.51004028320312
2018-04-25,122.9000015258789,121.12000274658203,122.33999633789062,122.72000122070312,5331100.0,114.6782455444336
2018-04-26,124.30000305175781,122.30000305175781,122.66999816894531,124.22000122070312,6268400.0,116.07994842529297
2018-04-27,127.05000305175781,124.68000030517578,125.5,126.62000274658203,8836600.0,118.32267761230469
2018-04-30,127.9000015258789,125.05000305175781,127.0199966430664,125.11000061035156,7631600.0,116.91162872314453
2018-05-01,124.91999816894531,123.08000183105469,124.02999877929688,124.86000061035156,7093700.0,116.67799377441406
2018-05-02,126.47000122070312,124.08999633789062,124.19999694824219,125.48999786376953,5909100.0,117.26671600341797
2018-05-03,126.12000274658203,123.83000183105469,124.58999633789062,126.01000213623047,6727700.0,117.75263977050781
2018-05-04,126.83999633789062,124.70999908447266,125.20999908447266,125.52999877929688,5403100.0,117.30409240722656
2018-05-07,128.39999389648438,124.44000244140625,126.58999633789062,124.94000244140625,6999700.0,116.75276947021484
2018-05-08,126.75,123.62999725341797,124.93000030517578,126.56999969482422,8937000.0,118.27594757080078
2018-05-09,130.4199981689453,128.08999633789062,128.4199981689453,128.72000122070312,11442700.0,120.2850570678711
2018-05-10,129.77999877929688,128.38999938964844,129.69000244140625,128.82000732421875,5446000.0,120.37850952148438
2018-05-11,130.75999450683594,128.52000427246094,129.38999938964844,129.83999633789062,8092300.0,121.3316650390625
2018-05-14,131.0800018310547,129.8000030517578,130.25,130.38999938964844,6212400.0,121.84563446044922
2018-05-15,130.27000427246094,129.25,130.24000549316406,129.74000549316406,5201700.0,121.23822021484375
2018-05-16,129.72000122070312,128.3000030517578,129.2899932861328,129.55999755859375,5405100.0,121.07000732421875
2018-05-17,129.57000732421875,128.3800048828125,128.75999450683594,129.4600067138672,5241600.0,122.03148651123047
2018-05-18,129.14999389648438,127.80000305175781,128.9199981689453,127.86000061035156,6385800.0,120.52328491210938
2018-05-21,129.41000366210938,128.27000427246094,128.7899932861328,129.3699951171875,5081200.0,121.9466323852539
2018-05-22,130.38999938964844,128.10000610351562,129.08999633789062,128.22999572753906,5444200.0,120.87206268310547
2018-05-23,128.7899932861328,126.55000305175781,127.08999633789062,128.6999969482422,6017200.0,121.31509399414062
2018-05-24,127.4000015258789,125.8499984741211,127.4000015258789,126.61000061035156,5906200.0,119.34501647949219
2018-05-25,124.76000213623047,121.22000122070312,124.54000091552734,122.19000244140625,8936600.0,115.17864227294922
2018-05-29,122.43000030517578,120.05999755859375,121.0999984741211,121.38999938964844,7385700.0,114.42454528808594
2018-05-30,125.66999816894531,122.33999633789062,122.6500015258789,125.16000366210938,7125300.0,117.97821807861328
2018-05-31,124.81999969482422,123.45999908447266,124.08000183105469,124.30000305175781,7460700.0,117.16757202148438
2018-06-01,125.55000305175781,123.43000030517578,125.48999786376953,123.8499984741211,5749900.0,116.74339294433594
2018-06-04,125.41000366210938,122.16999816894531,124.52999877929688,122.26000213623047,5760500.0,115.24464416503906
2018-06-05,123.70999908447266,121.55000305175781,122.01000213623047,122.7300033569336,5672600.0,115.68766784667969
2018-06-06,123.69000244140625,122.05999755859375,123.12000274658203,123.37999725341797,6213400.0,116.30036926269531
2018-06-07,127.9800033569336,124.41000366210938,124.54000091552734,126.95999908447266,8607200.0,119.67493438720703
2018-06-08,127.37999725341797,125.68000030517578,127.12000274658203,126.44000244140625,5108800.0,119.18478393554688
2018-06-11,128.19000244140625,125.86000061035156,126.7699966430664,127.55999755859375,6085100.0,120.2405014038086
2018-06-12,128.3800048828125,126.33000183105469,127.63999938964844,127.08000183105469,4543000.0,119.78805541992188
2018-06-13,127.81999969482422,126.08999633789062,126.80999755859375,127.06999969482422,6317900.0,119.77863311767578
2018-06-14,127.95999908447266,126.37999725341797,127.37999725341797,126.51000213623047,5056800.0,119.25076293945312
2018-06-15,127.12000274658203,123.83999633789062,127.0999984741211,124.04000091552734,13223800.0,116.9224853515625
2018-06-18,126.9800033569336,124.0999984741211,124.3499984741211,125.97000122070312,7696800.0,118.74175262451172
2018-06-19,125.88999938964844,123.87999725341797,124.31999969482422,125.54000091552734,5947800.0,118.33642578125
2018-06-20,126.45999908447266,124.30000305175781,126.12000274658203,125.29000091552734,7980700.0,118.10076141357422
2018-06-21,124.58999633789062,122.16000366210938,124.5,122.58999633789062,7290800.0,115.5556869506836
2018-06-22,126.56999969482422,124.81999969482422,125.41000366210938,125.0999984741211,8535200.0,117.92166137695312
2018-06-25,124.63999938964844,121.93000030517578,124.43000030517578,122.61000061035156,5801900.0,115.57453918457031
2018-06-26,124.61000061035156,122.56999969482422,123.02999877929688,124.16000366210938,4592800.0,117.03561401367188
2018-06-27,127.41999816894531,125.05999755859375,125.1500015258789,126.0,6339500.0,118.77001953125
2018-06-28,126.86000061035156,125.0,126.54000091552734,125.66000366210938,3814800.0,118.44953918457031
2018-06-29,127.7300033569336,125.73999786376953,125.73999786376953,126.43000030517578,5669700.0,119.17534637451172
2018-07-02,125.29000091552734,123.55999755859375,125.27999877929688,124.25,5073500.0,117.12043762207031
2018-07-03,126.69000244140625,124.55000305175781,125.45999908447266,124.7300033569336,3919600.0,117.57290649414062
2018-07-05,126.25,123.81999969482422,126.11000061035156,123.9800033569336,5926900.0,116.86593627929688
2018-07-06,124.5199966430664,123.19000244140625,123.5199966430664,124.13999938964844,4020000.0,117.01675415039062
2018-07-09,126.27999877929688,124.69000244140625,125.0,125.98999786376953,4602200.0,118.76060485839844
2018-07-10,128.50999450683594,126.75,127.33000183105469,127.58999633789062,5092100.0,120.26878356933594
2018-07-11,126.68000030517578,122.97000122070312,126.2300033569336,123.5199966430664,6631800.0,116.43231964111328
2018-07-12,124.94999694824219,123.58999633789062,124.44000244140625,124.26000213623047,3745200.0,117.12987518310547
2018-07-13,124.87999725341797,123.62999725341797,124.19999694824219,124.04000091552734,3352800.0,116.9224853515625
2018-07-16,123.87999725341797,121.87999725341797,123.01000213623047,122.9800033569336,4317800.0,115.9233169555664
2018-07-17,122.95999908447266,121.80000305175781,122.36000061035156,121.91000366210938,4135200.0,114.91471099853516
2018-07-18,121.66999816894531,119.66999816894531,121.23999786376953,121.52999877929688,6061300.0,114.55651092529297
2018-07-19,122.13999938964844,121.01000213623047,121.0999984741211,121.66999816894531,4471400.0,114.68848419189453
2018-07-20,122.3499984741211,121.01000213623047,121.25,122.2699966430664,5394700.0,115.2540512084961
2018-07-23,123.06999969482422,121.16000366210938,122.3499984741211,121.33000183105469,5359400.0,114.36799621582031
2018-07-24,124.16000366210938,121.86000061035156,121.87000274658203,123.8499984741211,4423500.0,116.74339294433594
2018-07-25,125.2300033569336,123.2699966430664,123.62000274658203,124.9000015258789,4278800.0,117.733154296875
2018-07-26,125.37999725341797,123.80000305175781,124.69999694824219,123.94999694824219,5544100.0,116.837646484375
2018-07-27,127.04000091552734,122.08000183105469,122.79000091552734,125.97000122070312,7580900.0,118.74175262451172
2018-07-30,128.41000366210938,126.22000122070312,126.76000213623047,127.83000183105469,5729300.0,120.4950180053711
2018-07-31,128.5500030517578,126.12999725341797,128.0,126.2699966430664,5894400.0,119.02452850341797
2018-08-01,125.91999816894531,124.75,125.30999755859375,125.38999938964844,4661000.0,118.19503021240234
2018-08-02,124.80999755859375,123.30000305175781,124.44000244140625,123.76000213623047,4639600.0,116.6585693359375
2018-08-03,124.25,123.33000183105469,124.1500015258789,124.05000305175781,5299400.0,116.93192291259766
2018-08-06,124.94000244140625,123.54000091552734,124.41999816894531,124.30000305175781,4455900.0,117.16757202148438
2018-08-07,125.69999694824219,124.75,125.54000091552734,125.18000030517578,4542000.0,117.99707794189453
2018-08-08,124.79000091552734,123.31999969482422,124.5199966430664,123.87999725341797,5957200.0,116.77167510986328
2018-08-09,124.37000274658203,122.26000213623047,123.95999908447266,122.52999877929688,5218300.0,115.49913787841797
2018-08-10,123.5199966430664,121.5,122.16999816894531,123.33999633789062,6128000.0,116.26264953613281
2018-08-13,123.68000030517578,122.26000213623047,123.30999755859375,122.44000244140625,4360000.0,115.414306640625
2018-08-14,123.6500015258789,122.0,122.91999816894531,122.58000183105469,3622200.0,115.5462646484375
2018-08-15,121.7300033569336,117.43000030517578,121.69999694824219,117.94000244140625,9476700.0,111.17252349853516
2018-08-16,118.30999755859375,117.18000030517578,117.69999694824219,117.66000366210938,5455200.0,111.9719009399414
2018-08-17,118.58000183105469,117.08999633789062,118.1500015258789,117.80000305175781,6112900.0,112.10513305664062
2018-08-20,118.31999969482422,117.33000183105469,118.0,117.75,5403600.0,112.05754852294922
2018-08-21,118.93000030517578,117.79000091552734,118.37999725341797,117.94000244140625,4875800.0,112.23835754394531
2018-08-22,119.45999908447266,118.41999816894531,118.54000091552734,118.91999816894531,3636900.0,113.17098999023438
2018-08-23,118.81999969482422,117.69999694824219,118.38999938964844,118.0999984741211,3962500.0,112.390625
2018-08-24,119.54000091552734,118.72000122070312,118.9000015258789,119.01000213623047,4415400.0,113.25663757324219
2018-08-27,120.4800033569336,119.16999816894531,119.36000061035156,120.3499984741211,3901900.0,114.5318603515625
2018-08-28,121.33999633789062,119.75,120.5999984741211,119.86000061035156,4685700.0,114.06553649902344
2018-08-29,120.83000183105469,119.87999725341797,120.0,120.22000122070312,4101700.0,114.40814208984375
2018-08-30,120.43000030517578,119.55000305175781,120.08000183105469,119.80999755859375,3353000.0,114.01795959472656
2018-08-31,119.4000015258789,118.08999633789062,119.4000015258789,118.45999908447266,5287000.0,112.73323059082031
2018-09-04,119.62999725341797,118.3499984741211,118.93000030517578,118.87000274658203,4590900.0,113.12340545654297
2018-09-05,118.94000244140625,117.26000213623047,118.05999755859375,118.91999816894531,4619400.0,113.17098999023438
2018-09-06,118.51000213623047,115.13999938964844,117.88999938964844,115.2300033569336,8191100.0,109.65937805175781
2018-09-07,115.3499984741211,113.38999938964844,114.5199966430664,114.5999984741211,6637800.0,109.05982971191406
2018-09-10,115.72000122070312,114.37999725341797,115.43000030517578,114.4800033569336,5870900.0,108.94564056396484
2018-09-11,115.73999786376953,113.76000213623047,114.33999633789062,115.0199966430664,5605300.0,109.45953369140625
2018-09-12,117.48999786376953,115.76000213623047,116.41999816894531,115.79000091552734,5067800.0,110.19229888916016
2018-09-13,116.5199966430664,115.08000183105469,116.01000213623047,116.30000305175781,6297700.0,110.67764282226562
2018-09-14,117.61000061035156,116.3499984741211,116.43000030517578,117.37999725341797,4947800.0,111.70543670654297
2018-09-17,118.68000030517578,117.27999877929688,117.61000061035156,117.51000213623047,5560200.0,111.82915496826172
2018-09-18,118.9000015258789,117.9800033569336,118.5,118.12999725341797,4966300.0,112.41917419433594
2018-09-19,120.04000091552734,118.12000274658203,118.33000183105469,119.51000213623047,4855300.0,113.73246765136719
2018-09-20,121.31999969482422,119.11000061035156,120.19000244140625,119.41999816894531,5846700.0,113.64682006835938
2018-09-21,121.26000213623047,119.41000366210938,119.91000366210938,121.12999725341797,13703600.0,115.2741470336914
2018-09-24,122.9800033569336,121.56999969482422,121.91000366210938,122.62000274658203,6534100.0,116.69212341308594
2018-09-25,124.23999786376953,122.94000244140625,123.5,123.37000274658203,5396400.0,117.40586853027344
2018-09-26,123.41999816894531,121.73999786376953,122.98999786376953,121.94999694824219,4231400.0,116.05451202392578
2018-09-27,123.0,121.70999908447266,122.16000366210938,122.47000122070312,4533400.0,116.54936981201172
2018-09-28,123.20999908447266,121.76000213623047,121.98999786376953,122.27999877929688,5202900.0,116.36854553222656
2018-10-01,124.87999725341797,123.11000061035156,123.11000061035156,124.38999938964844,5348200.0,118.37655639648438
2018-10-02,125.76000213623047,124.31999969482422,125.06999969482422,124.73999786376953,5445400.0,118.70962524414062
2018-10-03,125.83999633789062,124.77999877929688,125.12999725341797,125.30999755859375,4479500.0,119.2520751953125
2018-10-04,125.58999633789062,124.19000244140625,124.79000091552734,124.94999694824219,4824300.0,118.90948486328125
2018-10-05,125.9000015258789,124.73999786376953,124.93000030517578,125.33000183105469,4318000.0,119.27110290527344
2018-10-08,125.45999908447266,123.83000183105469,124.05000305175781,124.83999633789062,6267700.0,118.80479431152344
2018-10-09,127.44000244140625,125.06999969482422,125.51000213623047,126.81999969482422,6797900.0,120.68907928466797
2018-10-10,127.5999984741211,122.45999908447266,127.2300033569336,122.5999984741211,6504400.0,116.67308807373047
2018-10-11,122.43000030517578,117.54000091552734,122.43000030517578,118.43000030517578,8589900.0,112.70468139648438
2018-10-12,119.68000030517578,116.18000030517578,119.52999877929688,117.7699966430664,7450700.0,112.07657623291016
2018-10-15,118.86000061035156,116.91000366210938,117.69999694824219,116.94000244140625,6047300.0,111.2867202758789
2018-10-16,117.68000030517578,116.33999633789062,117.08999633789062,117.51000213623047,4846100.0,111.82915496826172
2018-10-17,117.69000244140625,116.0199966430664,117.20999908447266,117.29000091552734,6978700.0,111.61978912353516
2018-10-18,118.13999938964844,116.05000305175781,117.41999816894531,117.47000122070312,7391600.0,111.79109191894531
2018-10-19,119.26000213623047,117.37000274658203,117.37000274658203,118.13999938964844,7944400.0,112.42870330810547
2018-10-22,118.48999786376953,116.4800033569336,118.0999984741211,117.20999908447266,5644900.0,111.54365539550781
2018-10-23,115.72000122070312,112.05000305175781,115.72000122070312,113.4000015258789,8095300.0,107.91785430908203
2018-10-24,114.18000030517578,110.06999969482422,113.72000122070312,110.20999908447266,8035200.0,104.8820571899414
2018-10-25,113.4000015258789,110.43000030517578,111.36000061035156,111.58000183105469,5734000.0,106.18583679199219
2018-10-26,112.47000122070312,109.66000366210938,110.62999725341797,111.52999877929688,8035500.0,106.13825225830078
2018-10-29,112.06999969482422,107.54000091552734,112.04000091552734,108.93000030517578,8598300.0,103.66394805908203
2018-10-30,111.1500015258789,108.1500015258789,109.62000274658203,110.8499984741211,7523800.0,105.49111938476562
2018-10-31,112.5,111.05000305175781,111.70999908447266,111.6500015258789,7429800.0,106.25244903564453
2018-11-01,111.98999786376953,110.0999984741211,111.7699966430664,111.16999816894531,10572000.0,105.79564666748047
2018-11-02,117.11000061035156,113.12000274658203,114.8499984741211,114.7300033569336,9890400.0,109.18354797363281
2018-11-05,119.66999816894531,116.5999984741211,116.62000274658203,118.94000244140625,8758700.0,113.19002532958984
2018-11-06,119.43000030517578,117.8499984741211,118.76000213623047,118.9000015258789,5273200.0,113.15194702148438
2018-11-07,121.12000274658203,119.0199966430664,120.0,120.87000274658203,4848800.0,115.02671813964844
2018-11-08,121.87000274658203,118.95999908447266,120.6500015258789,119.36000061035156,9532400.0,113.58972930908203
2018-11-09,120.37000274658203,117.37000274658203,118.22000122070312,119.51000213623047,6565700.0,113.73246765136719
2018-11-12,121.37000274658203,117.16999816894531,120.9000015258789,117.38999938964844,10550800.0,111.71495819091797
2018-11-13,117.87999725341797,115.04000091552734,117.30000305175781,115.3499984741211,6846200.0,109.77356719970703
2018-11-14,117.79000091552734,114.94000244140625,116.87999725341797,115.72000122070312,6783500.0,110.12569427490234
2018-11-15,117.08000183105469,112.72000122070312,113.66000366210938,116.94999694824219,7218100.0,112.3839340209961
2018-11-16,119.2699966430664,117.2699966430664,117.5,119.05999755859375,6706900.0,114.41155242919922
2018-11-19,119.4800033569336,117.9000015258789,118.13999938964844,119.41999816894531,5328300.0,114.75749969482422
2018-11-20,119.5,115.04000091552734,119.23999786376953,116.0999984741211,7983500.0,111.56712341308594
2018-11-21,119.19000244140625,116.68000030517578,116.68000030517578,117.56999969482422,5624400.0,112.97972869873047
2018-11-23,115.22000122070312,112.11000061035156,114.69999694824219,113.5999984741211,5577800.0,109.16473388671875
2018-11-26,115.44000244140625,114.0199966430664,114.5999984741211,114.9800033569336,6953000.0,110.49085998535156
2018-11-27,115.66000366210938,114.22000122070312,114.55000305175781,115.20999908447266,6339200.0,110.71187591552734
2018-11-28,118.27999877929688,114.4000015258789,114.9800033569336,118.13999938964844,6841700.0,113.52748107910156
2018-11-29,119.7300033569336,117.73999786376953,117.94999694824219,118.8499984741211,6656900.0,114.20975494384766
2018-11-30,119.20999908447266,117.69999694824219,118.05000305175781,118.94000244140625,6712500.0,114.29624938964844
2018-12-03,122.43000030517578,120.05999755859375,120.7699966430664,120.66999816894531,8237600.0,115.95869445800781
2018-12-04,121.08999633789062,117.06999969482422,120.5999984741211,117.23999786376953,8288100.0,112.6626205444336
2018-12-06,116.13999938964844,113.02999877929688,115.33999633789062,115.91000366210938,10715700.0,111.3845443725586
2018-12-07,119.69999694824219,115.19000244140625,117.58999633789062,115.48999786376953,9114400.0,110.98094177246094
2018-12-10,115.95999908447266,111.66999816894531,115.30000305175781,114.94000244140625,7674300.0,110.45242309570312
2018-12-11,116.62000274658203,113.94999694824219,116.26000213623047,115.47000122070312,5929400.0,110.96173095703125
2018-12-12,117.72000122070312,115.56999969482422,117.11000061035156,115.62000274658203,7891400.0,111.10586547851562
2018-12-13,116.31999969482422,114.30999755859375,115.1500015258789,115.94000244140625,7030500.0,111.41338348388672
2018-12-14,115.80999755859375,113.30999755859375,115.01000213623047,113.83000183105469,6195400.0,109.38575744628906
2018-12-17,114.97000122070312,111.86000061035156,113.44000244140625,112.44999694824219,7132400.0,108.05963134765625
2018-12-18,113.23999786376953,108.94999694824219,112.62999725341797,109.73999786376953,9658600.0,105.45543670654297
2018-12-19,111.98999786376953,107.0999984741211,109.91000366210938,107.83000183105469,10472400.0,103.6200180053711
2018-12-20,108.06999969482422,104.19000244140625,106.80999755859375,104.9800033569336,11612800.0,100.88127899169922
2018-12-21,106.94000244140625,102.91000366210938,103.62000274658203,104.20999908447266,19912800.0,100.14134216308594
2018-12-24,104.1500015258789,100.91000366210938,103.30000305175781,100.98999786376953,5619500.0,97.04705810546875
2018-12-26,107.38999938964844,100.22000122070312,101.8499984741211,107.38999938964844,10779400.0,103.19719696044922
2018-12-27,109.33000183105469,104.87999725341797,105.47000122070312,109.31999969482422,10655100.0,105.05184173583984
2018-12-28,110.36000061035156,108.12000274658203,109.6500015258789,108.6500015258789,6445400.0,104.40799713134766
2018-12-31,110.23999786376953,107.86000061035156,109.1500015258789,108.79000091552734,6309600.0,104.54253387451172
2019-01-02,111.68000030517578,107.0999984741211,107.33999633789062,110.69000244140625,6384800.0,106.36834716796875
2019-01-03,111.29000091552734,108.06999969482422,111.05999755859375,108.56999969482422,6496200.0,104.33111572265625
2019-01-04,110.98999786376953,109.47000122070312,110.27999877929688,110.81999969482422,7952500.0,106.49327087402344
2019-01-07,112.93000030517578,109.91999816894531,111.05999755859375,112.26000213623047,5712700.0,107.8770523071289
2019-01-08,113.79000091552734,111.66999816894531,113.4000015258789,111.7699966430664,5674900.0,107.40618133544922
2019-01-09,114.0,112.44999694824219,112.69000244140625,113.2699966430664,7097000.0,108.84761047363281
2019-01-10,113.62999725341797,111.70999908447266,112.51000213623047,113.44999694824219,6078300.0,109.02058410644531
2019-01-11,113.05000305175781,111.66999816894531,113.0,112.54000091552734,4491700.0,108.1461181640625
2019-01-14,112.33999633789062,111.08000183105469,111.33999633789062,111.72000122070312,6121700.0,107.35813903808594
2019-01-15,113.06999969482422,111.51000213623047,111.9800033569336,112.12000274658203,4226100.0,107.74251556396484
2019-01-16,112.31999969482422,111.22000122070312,111.43000030517578,111.4000015258789,5624100.0,107.05062866210938
2019-01-17,112.29000091552734,110.16999816894531,110.75,111.95999908447266,4442700.0,107.5887680053711
2019-01-18,114.6500015258789,113.05999755859375,113.98999786376953,114.37000274658203,9382000.0,109.90467071533203
2019-01-22,113.44999694824219,111.94999694824219,113.12000274658203,112.33999633789062,7242000.0,107.95392608642578
2019-01-23,112.66999816894531,110.41999816894531,112.37999725341797,111.38999938964844,6082300.0,107.041015625
2019-01-24,113.81999969482422,110.91000366210938,111.02999877929688,113.51000213623047,8470700.0,109.07823944091797
2019-01-25,114.77999877929688,112.98999786376953,114.05999755859375,113.22000122070312,6261800.0,108.79956817626953
2019-01-28,112.56999969482422,111.06999969482422,111.91000366210938,112.16999816894531,6886600.0,107.79055786132812
2019-01-29,113.3499984741211,111.7699966430664,113.02999877929688,111.83000183105469,5359900.0,107.4638442993164
2019-01-30,113.6500015258789,111.9800033569336,112.52999877929688,113.01000213623047,7941700.0,108.5977783203125
2019-01-31,115.41000366210938,113.37999725341797,113.80000305175781,114.6500015258789,11225600.0,110.17373657226562
2019-02-01,119.25,116.5999984741211,116.6500015258789,118.37000274658203,10934300.0,113.74850463867188
2019-02-04,119.75,116.30999755859375,117.5,119.73999786376953,7987900.0,115.06501007080078
2019-02-05,119.86000061035156,118.69000244140625,119.62000274658203,119.4800033569336,6887400.0,114.8151626586914
2019-02-06,119.58999633789062,118.69000244140625,119.0,118.87999725341797,4990400.0,114.23858642578125
2019-02-07,118.51000213623047,116.51000213623047,118.01000213623047,118.2300033569336,7281900.0,113.61396789550781
2019-02-08,117.88999938964844,115.91999816894531,117.73999786376953,117.58000183105469,5671000.0,112.98934936523438
2019-02-11,117.36000061035156,116.38999938964844,116.93000030517578,116.94999694824219,4859600.0,112.3839340209961
2019-02-12,118.87000274658203,117.61000061035156,118.33000183105469,118.72000122070312,5400700.0,114.08483123779297
2019-02-13,120.38999938964844,118.69999694824219,119.16000366210938,119.56999969482422,5935900.0,114.90164184570312
2019-02-14,119.52999877929688,117.66000366210938,118.37000274658203,118.16000366210938,5406500.0,114.6881103515625
2019-02-15,119.86000061035156,118.58999633789062,119.62000274658203,119.3499984741211,6209800.0,115.8431396484375
2019-02-19,119.86000061035156,118.45999908447266,118.9000015258789,119.30999755859375,4277800.0,115.8043212890625
2019-02-20,120.72000122070312,119.0,119.30999755859375,120.27999877929688,5940600.0,116.74581146240234
2019-02-21,120.31999969482422,118.38999938964844,120.06999969482422,119.13999938964844,5139400.0,115.63931274414062
2019-02-22,120.45999908447266,118.8499984741211,120.27999877929688,119.38999938964844,4517600.0,115.88196563720703
2019-02-25,120.41999816894531,119.37000274658203,119.41000366210938,119.62000274658203,5196600.0,116.10520935058594
2019-02-26,120.97000122070312,119.68000030517578,119.80999755859375,119.94000244140625,5445600.0,116.41580963134766
2019-02-27,121.29000091552734,119.88999938964844,120.29000091552734,120.08000183105469,5289800.0,116.55169677734375
2019-02-28,120.16000366210938,118.48999786376953,120.0,119.58000183105469,6406500.0,116.06639099121094
2019-03-01,122.04000091552734,120.16999816894531,120.38999938964844,122.02999877929688,7743600.0,118.44438934326172
2019-03-04,122.83999633789062,120.55000305175781,122.66999816894531,122.12000274658203,7499500.0,118.5317611694336
2019-03-05,123.3499984741211,121.58999633789062,121.87000274658203,123.29000091552734,7345200.0,119.6673812866211
2019-03-06,124.69999694824219,122.30000305175781,123.16999816894531,123.52999877929688,7599900.0,119.90032958984375
2019-03-07,123.5,121.69999694824219,123.41999816894531,121.94000244140625,7201100.0,118.35704040527344
2019-03-08,121.93000030517578,119.19999694824219,120.0999984741211,121.62000274658203,7014100.0,118.04644775390625
2019-03-11,124.19999694824219,122.75,122.87000274658203,123.62000274658203,6088600.0,119.98768615722656
2019-03-12,124.95999908447266,123.37999725341797,123.83999633789062,123.9000015258789,6184300.0,120.25946044921875
2019-03-13,124.93000030517578,123.9000015258789,124.5999984741211,124.66999816894531,4707000.0,121.00682830810547
2019-03-14,125.45999908447266,124.4800033569336,124.76000213623047,124.5999984741211,5146400.0,120.93887329101562
2019-03-15,125.41999816894531,124.3499984741211,124.58999633789062,125.30999755859375,10449700.0,121.62802124023438
2019-03-18,126.12999725341797,125.16999816894531,125.20999908447266,125.87999725341797,5586900.0,122.18126678466797
2019-03-19,126.91999816894531,124.73999786376953,126.55999755859375,125.27999877929688,5096800.0,121.59890747070312
2019-03-20,126.33999633789062,124.68000030517578,125.04000091552734,124.69000244140625,6708500.0,121.0262451171875
2019-03-21,125.95999908447266,124.51000213623047,124.87000274658203,125.86000061035156,5050400.0,122.16185760498047
2019-03-22,124.9000015258789,122.69999694824219,124.8499984741211,123.08999633789062,5786800.0,119.4732437133789
2019-03-25,123.3499984741211,122.30999755859375,122.93000030517578,122.88999938964844,3837500.0,119.27912902832031
2019-03-26,124.91000366210938,123.37999725341797,123.7699966430664,124.12999725341797,4079800.0,120.4826889038086
2019-03-27,124.4800033569336,122.0199966430664,123.9800033569336,122.79000091552734,3727800.0,119.18206024169922
2019-03-28,123.16000366210938,122.36000061035156,122.5999984741211,123.0199966430664,4057700.0,119.40530395507812
2019-03-29,124.47000122070312,122.48999786376953,124.27999877929688,123.18000030517578,5318600.0,119.56060028076172
2019-04-01,125.2699966430664,123.44999694824219,123.87000274658203,124.94000244140625,5506300.0,121.26889038085938
2019-04-02,125.44000244140625,124.11000061035156,125.19999694824219,124.93000030517578,4362700.0,121.25918579101562
2019-04-03,125.3499984741211,123.54000091552734,125.22000122070312,123.88999938964844,3595400.0,120.24974060058594
2019-04-04,124.83000183105469,123.55000305175781,124.01000213623047,124.80000305175781,3715400.0,121.13301086425781
2019-04-05,126.63999938964844,125.19999694824219,125.25,126.41999816894531,5551400.0,122.70540618896484
2019-04-08,127.33999633789062,126.2300033569336,126.7699966430664,126.68000030517578,5483100.0,122.957763671875
2019-04-09,126.29000091552734,125.12000274658203,126.29000091552734,125.54000091552734,4143400.0,121.85126495361328
2019-04-10,126.56999969482422,125.12999725341797,126.13999938964844,125.48999786376953,3970000.0,121.80272674560547
2019-04-11,126.26000213623047,124.75,125.33999633789062,125.98999786376953,3248300.0,122.28804016113281
2019-04-12,122.0,119.0,121.58000183105469,119.76000213623047,42693700.0,116.24109649658203
2019-04-15,121.0199966430664,119.33000183105469,120.0199966430664,120.13999938964844,13369100.0,116.60992431640625
2019-04-16,121.31999969482422,120.05999755859375,120.43000030517578,121.16999816894531,11942900.0,117.60966491699219
2019-04-17,122.54000091552734,120.05000305175781,122.19999694824219,120.2699966430664,11898100.0,116.7361068725586
2019-04-18,120.81999969482422,119.0999984741211,120.5199966430664,119.86000061035156,9546500.0,116.33815002441406
2019-04-22,122.01000213623047,120.44999694824219,120.77999877929688,121.9000015258789,7946200.0,118.3182144165039
2019-04-23,122.27999877929688,121.3499984741211,121.7300033569336,122.0199966430664,9079200.0,118.43468475341797
2019-04-24,121.43000030517578,118.08999633789062,121.3499984741211,118.27999877929688,22115000.0,114.80458068847656
2019-04-25,118.69999694824219,117.4000015258789,118.05000305175781,117.9000015258789,10636400.0,114.43575286865234
2019-04-26,118.5,115.6500015258789,118.4000015258789,117.0999984741211,11626700.0,113.65925598144531
2019-04-29,118.11000061035156,116.69999694824219,117.01000213623047,117.72000122070312,9404000.0,114.26103973388672
2019-04-30,121.91999816894531,119.6500015258789,121.0999984741211,120.05999755859375,21431500.0,116.53228759765625
2019-05-01,120.13999938964844,117.76000213623047,119.80000305175781,117.80999755859375,10097000.0,114.348388671875
2019-05-02,118.4800033569336,116.27999877929688,117.27999877929688,116.37999725341797,9495600.0,112.96041107177734
2019-05-03,118.55000305175781,117.11000061035156,117.69000244140625,117.2699966430664,7364900.0,113.82426452636719
2019-05-06,119.83999633789062,117.47000122070312,117.5,118.4000015258789,11035000.0,114.92105865478516
2019-05-07,118.2699966430664,116.5,117.30000305175781,118.2699966430664,9165200.0,114.79487609863281
2019-05-08,118.4800033569336,117.4000015258789,118.37000274658203,117.5,6229000.0,114.0475082397461
2019-05-09,122.31999969482422,119.86000061035156,121.12000274658203,121.19000244140625,16496300.0,117.62908172607422
2019-05-10,122.2699966430664,119.83000183105469,121.16999816894531,121.98999786376953,8787900.0,118.40557098388672
2019-05-13,122.26000213623047,120.01000213623047,121.91000366210938,120.44000244140625,7701200.0,116.901123046875
2019-05-14,122.25,120.51000213623047,120.66999816894531,121.63999938964844,6858500.0,118.06585693359375
2019-05-15,122.48999786376953,120.87000274658203,121.19999694824219,122.13999938964844,6945000.0,118.55116271972656
2019-05-16,121.55000305175781,120.52999877929688,120.98999786376953,120.80000305175781,8543300.0,118.40414428710938
2019-05-17,121.11000061035156,119.87999725341797,120.05999755859375,120.5199966430664,6870900.0,118.12968444824219
2019-05-20,121.20999908447266,120.54000091552734,120.70999908447266,120.83999633789062,4569700.0,118.44334411621094
2019-05-21,121.94000244140625,120.9000015258789,121.02999877929688,121.33999633789062,4859400.0,118.93342590332031
2019-05-22,121.44000244140625,120.33999633789062,120.9000015258789,120.56999969482422,5763300.0,118.17869567871094
2019-05-23,118.87000274658203,116.86000061035156,118.80999755859375,117.87000274658203,11000200.0,115.5322494506836
2019-05-24,118.93000030517578,117.37999725341797,118.30000305175781,118.70999908447266,4890800.0,116.3555908203125
2019-05-28,119.31999969482422,118.16999816894531,118.87999725341797,118.30999755859375,8145100.0,115.9635238647461
2019-05-29,117.36000061035156,115.81999969482422,117.04000091552734,116.7699966430664,7451300.0,114.45406341552734
2019-05-30,116.73999786376953,114.8499984741211,116.54000091552734,115.37999725341797,5807900.0,113.09163665771484
2019-05-31,115.19999694824219,113.72000122070312,114.22000122070312,113.8499984741211,6899800.0,111.59197998046875
2019-06-03,116.0999984741211,114.47000122070312,114.69999694824219,115.98999786376953,6100800.0,113.68953704833984
2019-06-04,117.68000030517578,116.29000091552734,116.5999984741211,117.30000305175781,5235600.0,114.97355651855469
2019-06-05,118.02999877929688,116.2699966430664,117.87000274658203,117.6500015258789,5105700.0,115.31661987304688
2019-06-06,121.16000366210938,118.11000061035156,118.20999908447266,120.68000030517578,7370100.0,118.2865219116211
2019-06-07,122.12000274658203,120.52999877929688,120.73999786376953,121.4800033569336,5343100.0,119.0706558227539
2019-06-10,122.76000213623047,121.70999908447266,122.19999694824219,122.29000091552734,5708800.0,119.86459350585938
2019-06-11,123.5,121.1500015258789,123.37000274658203,121.16999816894531,5625100.0,118.76679992675781
2019-06-12,120.58000183105469,119.55999755859375,120.37999725341797,120.19000244140625,4000100.0,117.80623626708984
2019-06-13,121.88999938964844,120.45999908447266,121.23999786376953,120.91000366210938,3993300.0,118.51195526123047
2019-06-14,121.16000366210938,120.37000274658203,121.0,120.80999755859375,3366800.0,118.41393280029297
2019-06-17,121.83999633789062,120.37999725341797,120.72000122070312,121.38999938964844,4219100.0,118.98243713378906
2019-06-18,123.87000274658203,121.86000061035156,121.94999694824219,122.93000030517578,4884300.0,120.49189758300781
2019-06-19,123.4800033569336,122.22000122070312,122.51000213623047,122.88999938964844,3847100.0,120.45268249511719
2019-06-20,124.69999694824219,123.5999984741211,124.30999755859375,124.27999877929688,7771700.0,121.81512451171875
2019-06-21,126.19999694824219,124.2300033569336,124.80000305175781,124.93000030517578,14287900.0,122.45222473144531
2019-06-24,125.37999725341797,124.41999816894531,124.54000091552734,124.91000366210938,5542600.0,122.43263244628906
2019-06-25,125.11000061035156,123.48999786376953,124.83999633789062,123.63999938964844,4713300.0,121.18781280517578
2019-06-26,124.87999725341797,123.87999725341797,124.56999969482422,123.93000030517578,5054800.0,121.47206115722656
2019-06-27,124.19999694824219,122.88999938964844,123.91999816894531,123.11000061035156,3551700.0,120.66832733154297
2019-06-28,124.4800033569336,123.12000274658203,123.41000366210938,124.44000244140625,7048300.0,121.9719467163086
2019-07-01,125.83999633789062,124.36000061035156,125.36000061035156,124.83999633789062,5526900.0,122.36400604248047
2019-07-02,124.72000122070312,122.38999938964844,124.55000305175781,122.93000030517578,5747700.0,120.49189758300781
2019-07-03,123.37000274658203,122.33000183105469,122.93000030517578,123.3499984741211,2725800.0,120.903564453125
2019-07-05,123.73999786376953,122.63999938964844,123.13999938964844,123.54000091552734,3458900.0,121.08979797363281
2019-07-08,124.08999633789062,123.41999816894531,123.66000366210938,123.5999984741211,3505200.0,121.14860534667969
2019-07-09,124.13999938964844,123.06999969482422,123.9000015258789,123.3499984741211,3955600.0,120.903564453125
2019-07-10,125.62000274658203,124.11000061035156,124.11000061035156,125.44000244140625,4743500.0,122.95211791992188
2019-07-11,125.68000030517578,124.5999984741211,125.68000030517578,125.43000030517578,3548000.0,122.94231414794922
2019-07-12,126.25,125.12999725341797,125.37999725341797,125.9800033569336,3974400.0,123.48139953613281
2019-07-15,126.4000015258789,125.2699966430664,126.05999755859375,125.72000122070312,3739200.0,123.2265625
2019-07-16,125.77999877929688,124.26000213623047,125.5,124.76000213623047,4697600.0,122.28560638427734
2019-07-17,125.27999877929688,124.05999755859375,124.66000366210938,124.13999938964844,3874200.0,121.67790222167969
2019-07-18,125.05000305175781,123.36000061035156,124.12000274658203,124.68000030517578,5770700.0,122.20718383789062
2019-07-19,125.41000366210938,124.5999984741211,124.68000030517578,125.04000091552734,4880900.0,122.56005096435547
2019-07-22,125.75,124.47000122070312,125.37000274658203,125.30999755859375,3275800.0,122.8246841430664
2019-07-23,126.22000122070312,124.77999877929688,125.23999786376953,125.81999969482422,4295300.0,123.32457733154297
2019-07-24,126.94000244140625,125.66000366210938,125.87000274658203,126.54000091552734,4796900.0,124.0302963256836
2019-07-25,127.0,125.33000183105469,127.0,125.62999725341797,4586800.0,123.13834381103516
2019-07-26,125.25,123.30000305175781,125.23999786376953,123.72000122070312,6971700.0,121.26622772216797
2019-07-29,124.63999938964844,123.37999725341797,123.4800033569336,124.2300033569336,4377500.0,121.76611328125
2019-07-30,124.75,123.37999725341797,124.0999984741211,124.33999633789062,3871700.0,121.8739242553711
2019-07-31,124.69000244140625,122.4800033569336,123.70999908447266,123.11000061035156,7199500.0,120.66832733154297
2019-08-01,123.75,120.30999755859375,122.0,120.73999786376953,7928400.0,118.34532928466797
2019-08-02,122.54000091552734,117.83000183105469,121.77999877929688,120.7300033569336,8667200.0,118.33553314208984
2019-08-05,120.55000305175781,117.44999694824219,119.19000244140625,118.73999786376953,8620300.0,116.38499450683594
2019-08-06,119.52999877929688,117.6500015258789,118.72000122070312,119.37999725341797,6788000.0,117.01229858398438
2019-08-07,119.80000305175781,116.94999694824219,117.55000305175781,119.0999984741211,6853700.0,116.73785400390625
2019-08-08,123.33000183105469,119.41999816894531,119.48999786376953,123.2300033569336,8868100.0,120.78594207763672
2019-08-09,123.88999938964844,121.88999938964844,123.11000061035156,122.41999816894531,5051700.0,119.99200439453125
2019-08-12,123.13999938964844,120.91000366210938,123.01000213623047,121.55000305175781,3251600.0,119.13926696777344
2019-08-13,122.69999694824219,120.30000305175781,121.01000213623047,122.38999938964844,5806400.0,119.96260833740234
2019-08-14,120.58999633789062,117.68000030517578,120.0199966430664,117.73999786376953,7175600.0,115.40483093261719
2019-08-15,117.83999633789062,115.45999908447266,117.23999786376953,116.94999694824219,6272600.0,114.6304931640625
2019-08-16,116.6500015258789,115.36000061035156,116.4000015258789,115.80999755859375,6239100.0,114.68000793457031
2019-08-19,117.81999969482422,116.95999908447266,117.12999725341797,117.30999755859375,6443700.0,116.16537475585938
2019-08-20,117.19000244140625,115.66000366210938,117.12999725341797,116.12999725341797,5150900.0,114.99688720703125
2019-08-21,118.22000122070312,117.33000183105469,117.79000091552734,117.87999725341797,4578400.0,116.72981262207031
2019-08-22,118.73999786376953,117.44999694824219,118.66000366210938,117.7300033569336,4362100.0,116.5812759399414
2019-08-23,118.05999755859375,114.3499984741211,116.4800033569336,115.18000030517578,7653400.0,114.05615997314453
2019-08-26,116.22000122070312,115.19000244140625,115.91999816894531,115.73999786376953,3966400.0,114.61068725585938
2019-08-27,117.02999877929688,115.04000091552734,116.2699966430664,115.83000183105469,4237100.0,114.69981384277344
2019-08-28,117.19999694824219,115.87999725341797,116.41000366210938,116.83000183105469,4153500.0,115.69005584716797
2019-08-29,117.83999633789062,116.58000183105469,117.19000244140625,117.5199966430664,4467300.0,116.37332153320312
2019-08-30,118.9800033569336,117.2300033569336,117.9800033569336,117.72000122070312,4881100.0,116.57137298583984
2019-09-03,116.33000183105469,114.55000305175781,115.7699966430664,116.2699966430664,5672500.0,115.1355209350586
2019-09-04,118.54000091552734,117.16999816894531,117.4800033569336,117.25,4595600.0,116.10595703125
2019-09-05,119.06999969482422,117.26000213623047,118.01000213623047,117.63999938964844,5394300.0,116.49214935302734
2019-09-06,118.44000244140625,117.38999938964844,117.5,118.26000213623047,4578200.0,117.10610961914062
2019-09-09,119.62999725341797,118.58000183105469,118.73999786376953,119.38999938964844,5048000.0,118.2250747680664
2019-09-10,123.29000091552734,119.91000366210938,120.2300033569336,121.8499984741211,8728800.0,120.66107177734375
2019-09-11,122.9800033569336,120.37000274658203,122.20999908447266,121.27999877929688,5509500.0,120.09663391113281
2019-09-12,122.18000030517578,119.55999755859375,120.04000091552734,121.41999816894531,5818300.0,120.23526763916016
2019-09-13,122.31999969482422,121.23999786376953,122.25,121.5,4885400.0,120.31449127197266
2019-09-16,125.2699966430664,122.97000122070312,124.86000061035156,124.12000274658203,10683900.0,122.90892791748047
2019-09-17,124.62000274658203,122.55999755859375,124.12000274658203,123.88999938964844,7246500.0,122.68116760253906
2019-09-18,124.20999908447266,123.0199966430664,123.55000305175781,124.18000030517578,4801500.0,122.96833801269531
2019-09-19,124.97000122070312,123.41999816894531,124.7699966430664,123.66000366210938,4034500.0,122.45341491699219
2019-09-20,124.81999969482422,123.66999816894531,124.0,124.31999969482422,10420700.0,123.10697174072266
2019-09-23,125.0,123.55000305175781,123.55000305175781,124.9000015258789,4705500.0,123.68132019042969
2019-09-24,124.72000122070312,123.22000122070312,124.66999816894531,123.73999786376953,6232100.0,122.53263092041016
2019-09-25,124.1500015258789,122.91000366210938,123.4800033569336,123.51000213623047,3762500.0,122.30487823486328
2019-09-26,123.5,120.05000305175781,123.26000213623047,120.16000366210938,7834400.0,118.9875717163086
2019-09-27,120.25,118.44999694824219,119.51000213623047,118.5999984741211,6850700.0,117.44278717041016
2019-09-30,119.41999816894531,118.41000366210938,118.54000091552734,118.5999984741211,6108300.0,117.44278717041016
2019-10-01,119.45999908447266,115.87999725341797,119.2699966430664,116.01000213623047,7116600.0,114.87805938720703
2019-10-02,115.11000061035156,111.62000274658203,115.05999755859375,112.29000091552734,9702400.0,111.1943588256836
2019-10-03,113.19000244140625,110.41999816894531,112.05999755859375,113.1500015258789,5315300.0,112.04596710205078
2019-10-04,114.0,112.55000305175781,113.5999984741211,113.8499984741211,4757300.0,112.7391357421875
2019-10-07,114.75,113.2300033569336,113.95999908447266,113.26000213623047,4694000.0,112.15489196777344
2019-10-08,112.75,111.61000061035156,112.11000061035156,111.70999908447266,5323900.0,110.62001037597656
2019-10-09,114.51000213623047,112.30000305175781,112.58999633789062,113.13999938964844,4601700.0,112.03606414794922
2019-10-10,114.79000091552734,113.30000305175781,113.52999877929688,114.58999633789062,3555500.0,113.47190856933594
2019-10-11,117.02999877929688,115.36000061035156,115.69000244140625,116.1500015258789,5134200.0,115.01669311523438
2019-10-14,116.38999938964844,115.44999694824219,115.58000183105469,116.18000030517578,2571300.0,115.04640197753906
2019-10-15,117.62000274658203,115.80000305175781,115.8499984741211,116.30999755859375,3742700.0,115.17512512207031
2019-10-16,116.66000366210938,115.08000183105469,116.2300033569336,115.11000061035156,3608900.0,113.9868392944336
2019-10-17,116.05999755859375,114.91999816894531,115.61000061035156,115.3499984741211,3722400.0,114.22449493408203
2019-10-18,115.58000183105469,114.73999786376953,115.13999938964844,114.73999786376953,5679900.0,113.62044525146484
2019-10-21,116.75,115.55000305175781,115.55000305175781,116.61000061035156,3926300.0,115.47220611572266
2019-10-22,118.55999755859375,116.48999786376953,116.62999725341797,117.80000305175781,4095000.0,116.65059661865234
2019-10-23,118.0199966430664,116.77999877929688,117.4000015258789,117.9800033569336,4148500.0,116.82884216308594
2019-10-24,118.80999755859375,117.30999755859375,118.47000122070312,117.58000183105469,3873900.0,116.4327392578125
2019-10-25,118.8499984741211,117.69000244140625,117.7699966430664,118.66999816894531,3369100.0,117.51210021972656
2019-10-28,119.51000213623047,117.63999938964844,119.08000183105469,118.4800033569336,5076200.0,117.32395935058594
2019-10-29,119.06999969482422,117.69000244140625,117.97000122070312,118.12999725341797,4548100.0,116.97737121582031
2019-10-30,118.18000030517578,115.5199966430664,118.18000030517578,116.36000061035156,4690900.0,115.22463989257812
2019-10-31,116.36000061035156,115.31999969482422,115.86000061035156,116.13999938964844,7177700.0,115.00679016113281
2019-11-01,116.62000274658203,114.0199966430664,115.48999786376953,116.20999908447266,7684700.0,115.07610321044922
2019-11-04,121.87000274658203,117.0199966430664,117.2300033569336,121.56999969482422,10348800.0,120.38380432128906
2019-11-05,122.44999694824219,120.72000122070312,121.2300033569336,121.94000244140625,6971100.0,120.75019836425781
2019-11-06,122.13999938964844,119.80000305175781,121.94000244140625,119.9000015258789,6104700.0,118.7301025390625
2019-11-07,122.0,120.31999969482422,121.12999725341797,121.88999938964844,5440700.0,120.70068359375
2019-11-08,121.19999694824219,120.16000366210938,120.97000122070312,120.93000030517578,4249800.0,119.75005340576172
2019-11-11,121.38999938964844,120.01000213623047,120.19999694824219,120.80999755859375,3870800.0,119.63121795654297
2019-11-12,122.05000305175781,120.4800033569336,121.29000091552734,120.95999908447266,4503600.0,119.7797622680664
2019-11-13,122.41000366210938,120.37000274658203,120.45999908447266,122.27999877929688,5076400.0,121.08687591552734
2019-11-14,122.94000244140625,121.4000015258789,121.8499984741211,121.95999908447266,4882800.0,120.77000427246094
2019-11-15,121.38999938964844,120.11000061035156,121.22000122070312,120.63999938964844,5589600.0,120.63999938964844
2019-11-18,120.0,118.13999938964844,119.81999969482422,118.55000305175781,4885300.0,118.55000305175781
2019-11-19,118.80000305175781,116.08000183105469,118.5,116.44999694824219,8723000.0,116.44999694824219
2019-11-20,118.08000183105469,116.12000274658203,116.41000366210938,117.33999633789062,5903100.0,117.33999633789062
2019-11-21,118.94999694824219,117.19999694824219,117.61000061035156,118.7699966430664,5810900.0,118.7699966430664
2019-11-22,119.69999694824219,118.5999984741211,119.05999755859375,118.62999725341797,4786800.0,118.62999725341797
2019-11-25,119.22000122070312,117.9800033569336,118.43000030517578,118.37999725341797,7390000.0,118.37999725341797
2019-11-26,118.55999755859375,117.19999694824219,118.33999633789062,117.79000091552734,10053100.0,117.79000091552734
2019-11-27,118.61000061035156,117.62000274658203,117.98999786376953,118.06999969482422,4106100.0,118.06999969482422
2019-11-29,117.81999969482422,116.87999725341797,117.27999877929688,117.12999725341797,3271000.0,117.12999725341797
2019-12-02,118.06999969482422,116.72000122070312,117.9800033569336,116.80000305175781,5195200.0,116.80000305175781
2019-12-03,116.69999694824219,115.69999694824219,116.19999694824219,115.88999938964844,6135800.0,115.88999938964844
2019-12-04,117.30000305175781,116.43000030517578,116.63999938964844,116.94000244140625,5706700.0,116.94000244140625
2019-12-05,117.73999786376953,116.19000244140625,117.62000274658203,116.33000183105469,5517500.0,116.33000183105469
2019-12-06,119.29000091552734,116.9800033569336,117.08999633789062,118.01000213623047,6735300.0,118.01000213623047
2019-12-09,117.88999938964844,116.44000244140625,116.5199966430664,117.30000305175781,4736100.0,117.30000305175781
2019-12-10,118.08999633789062,117.05000305175781,118.02999877929688,117.88999938964844,4886800.0,117.88999938964844
2019-12-11,117.66000366210938,116.12999725341797,117.08999633789062,116.2300033569336,7039600.0,116.2300033569336
2019-12-12,118.88999938964844,116.58999633789062,116.58999633789062,118.80999755859375,6462000.0,118.80999755859375
2019-12-13,119.54000091552734,117.9000015258789,119.05000305175781,117.95999908447266,4863400.0,117.95999908447266
2019-12-16,119.47000122070312,118.61000061035156,118.86000061035156,119.36000061035156,5619300.0,119.36000061035156
2019-12-17,119.88999938964844,118.33000183105469,119.58999633789062,118.5999984741211,6755500.0,118.5999984741211
2019-12-18,119.63999938964844,118.5199966430664,118.68000030517578,118.55000305175781,7496700.0,118.55000305175781
2019-12-19,118.73999786376953,117.86000061035156,118.56999969482422,118.12999725341797,6220300.0,118.12999725341797
2019-12-20,119.94000244140625,118.08999633789062,119.4000015258789,119.68000030517578,12171100.0,119.68000030517578
2019-12-23,120.4000015258789,119.1500015258789,119.30999755859375,120.33000183105469,5875000.0,120.33000183105469
2019-12-24,120.77999877929688,120.08999633789062,120.43000030517578,120.33999633789062,1640100.0,120.33999633789062
2019-12-26,121.41999816894531,120.33999633789062,120.66999816894531,120.5999984741211,3648600.0,120.5999984741211
2019-12-27,121.29000091552734,120.23999786376953,120.88999938964844,120.30000305175781,4138300.0,120.30000305175781
2019-12-30,121.33999633789062,119.80999755859375,120.44000244140625,119.8499984741211,4580200.0,119.8499984741211
2019-12-31,120.62999725341797,119.25,119.5,120.51000213623047,4215700.0,120.51000213623047
2020-01-02,121.62999725341797,120.7699966430664,120.80999755859375,121.43000030517578,5205000.0,121.43000030517578
2020-01-03,122.72000122070312,120.73999786376953,121.77999877929688,121.01000213623047,6360900.0,121.01000213623047
2020-01-06,121.66999816894531,120.33000183105469,121.23999786376953,120.5999984741211,9953000.0,120.5999984741211
2020-01-07,119.7300033569336,117.7699966430664,119.0199966430664,119.05999755859375,7856900.0,119.05999755859375
2020-01-08,119.08999633789062,117.6500015258789,118.55000305175781,117.69999694824219,7295900.0,117.69999694824219
2020-01-09,117.91999816894531,116.18000030517578,117.58999633789062,117.51000213623047,7345300.0,117.51000213623047
2020-01-10,117.69000244140625,116.4000015258789,117.5199966430664,116.44000244140625,6393800.0,116.44000244140625
2020-01-13,116.91000366210938,116.08000183105469,116.47000122070312,116.66000366210938,6846700.0,116.66000366210938
2020-01-14,116.87999725341797,115.70999908447266,116.5,116.30000305175781,7189100.0,116.30000305175781
2020-01-15,116.41000366210938,115.6500015258789,116.30000305175781,116.12999725341797,5808800.0,116.12999725341797
2020-01-16,117.27999877929688,116.44999694824219,116.55999755859375,116.88999938964844,7022000.0,116.88999938964844
2020-01-17,117.29000091552734,115.5199966430664,117.01000213623047,115.58000183105469,7885900.0,115.58000183105469
2020-01-21,115.1500015258789,113.16999816894531,115.0999984741211,113.30999755859375,8470300.0,113.30999755859375
2020-01-22,113.52999877929688,112.45999908447266,113.0999984741211,112.9000015258789,5589900.0,112.9000015258789
2020-01-23,113.48999786376953,111.86000061035156,112.4000015258789,113.0999984741211,8007800.0,113.0999984741211
2020-01-24,112.9800033569336,111.33999633789062,112.79000091552734,111.8499984741211,6920000.0,111.8499984741211
2020-01-27,110.83000183105469,109.9800033569336,110.25,110.38999938964844,7609800.0,110.38999938964844
2020-01-28,111.62000274658203,110.7699966430664,110.9800033569336,111.12000274658203,5771900.0,111.12000274658203
2020-01-29,111.83999633789062,110.18000030517578,111.44999694824219,110.37000274658203,4772800.0,110.37000274658203
2020-01-30,111.58000183105469,109.05999755859375,109.80999755859375,111.4000015258789,8382700.0,111.4000015258789
2020-01-31,110.0,106.4000015258789,109.80999755859375,107.13999938964844,13698100.0,107.13999938964844
