Date,High,Low,Open,Close,Volume,Adj Close
2017-02-03,241.11000061035156,234.1999969482422,234.52000427246094,240.9499969482422,7381000.0,229.97813415527344
2017-02-06,243.64999389648438,239.1699981689453,239.60000610351562,239.97999572753906,4639200.0,229.0522918701172
2017-02-07,241.44000244140625,239.38999938964844,241.14999389648438,239.6199951171875,2660200.0,228.7086944580078
2017-02-08,238.94000244140625,236.30999755859375,238.3000030517578,237.72999572753906,2744700.0,226.90472412109375
2017-02-09,243.2899932861328,237.4199981689453,237.72999572753906,241.5500030517578,3550800.0,230.55081176757812
2017-02-10,244.16000366210938,241.22999572753906,243.3699951171875,242.72000122070312,3072800.0,231.66754150390625
2017-02-13,247.47999572753906,244.49000549316406,244.49000549316406,246.27000427246094,2998200.0,235.05587768554688
2017-02-14,250.0,245.69000244140625,246.00999450683594,249.4600067138672,4141500.0,238.1006317138672
2017-02-15,251.9499969482422,248.50999450683594,250.5800018310547,250.5399932861328,4296600.0,239.13143920898438
2017-02-16,250.77999877929688,248.44000244140625,250.3000030517578,249.44000244140625,2286300.0,238.08151245117188
2017-02-17,250.55999755859375,247.11000061035156,247.50999450683594,250.3800048828125,3262300.0,238.9787139892578
2017-02-21,252.64999389648438,250.7100067138672,251.0,251.75999450683594,2794900.0,240.29586791992188
2017-02-22,252.35000610351562,250.0,250.05999755859375,251.72999572753906,2378800.0,240.2672576904297
2017-02-23,251.89999389648438,249.32000732421875,251.30999755859375,251.19000244140625,2594700.0,239.75186157226562
2017-02-24,248.8800048828125,246.10000610351562,247.6999969482422,247.35000610351562,3565400.0,236.08670043945312
2017-02-27,249.75999450683594,246.61000061035156,247.2100067138672,249.3300018310547,2372600.0,237.97654724121094
2017-02-28,249.0,245.61000061035156,248.0,248.05999755859375,3627100.0,237.38320922851562
2017-03-01,255.14999389648438,251.25999450683594,253.7100067138672,252.7100067138672,5218300.0,241.83309936523438
2017-03-02,254.24000549316406,250.97000122070312,253.52000427246094,251.05999755859375,3020000.0,240.2540740966797
2017-03-03,254.75,251.05999755859375,251.05999755859375,252.88999938964844,3163700.0,242.0053253173828
2017-03-06,252.72999572753906,250.5,252.1699981689453,252.00999450683594,2467000.0,241.1632080078125
2017-03-07,253.0,250.30999755859375,252.49000549316406,250.89999389648438,2497300.0,240.10098266601562
2017-03-08,254.77000427246094,249.61000061035156,253.6199951171875,250.24000549316406,3574400.0,239.46939086914062
2017-03-09,252.74000549316406,249.52000427246094,251.22000122070312,250.17999267578125,3061500.0,239.41195678710938
2017-03-10,251.89999389648438,246.8699951171875,251.83999633789062,248.3800048828125,3365900.0,237.68948364257812
2017-03-13,249.32000732421875,247.2100067138672,249.32000732421875,248.16000366210938,1801100.0,237.47889709472656
2017-03-14,247.8300018310547,245.41000366210938,246.80999755859375,247.72000122070312,2144200.0,237.057861328125
2017-03-15,250.27999877929688,245.55999755859375,248.35000610351562,246.77999877929688,3427000.0,236.1583251953125
2017-03-16,250.1999969482422,247.30999755859375,247.85000610351562,248.22000122070312,2940600.0,237.53634643554688
2017-03-17,249.67999267578125,243.86000061035156,249.67999267578125,243.94000244140625,5438100.0,233.44053649902344
2017-03-20,244.92999267578125,241.52000427246094,243.32000732421875,242.13999938964844,2759100.0,231.718017578125
2017-03-21,243.30999755859375,232.7899932861328,243.30999755859375,233.0,5660900.0,222.97140502929688
2017-03-22,232.9199981689453,229.16000366210938,231.22000122070312,231.07000732421875,6291300.0,221.12452697753906
2017-03-23,234.6300048828125,229.9499969482422,230.75,231.89999389648438,4770700.0,221.9187774658203
2017-03-24,233.6999969482422,226.97000122070312,233.0,228.41000366210938,6387300.0,218.57899475097656
2017-03-27,227.07000732421875,220.85000610351562,223.3000030517578,225.47999572753906,9194800.0,215.7751007080078
2017-03-28,229.75,225.10000610351562,225.5800018310547,229.3300018310547,4471200.0,219.45938110351562
2017-03-29,229.97000122070312,227.52000427246094,229.38999938964844,228.4499969482422,2636000.0,218.61724853515625
2017-03-30,232.0,229.3800048828125,229.47999572753906,231.22000122070312,3156800.0,221.26803588867188
2017-03-31,230.8000030517578,228.72999572753906,230.52999877929688,229.72000122070312,2858400.0,219.8325958251953
2017-04-03,230.10000610351562,225.57000732421875,230.0,228.9600067138672,3735600.0,219.10528564453125
2017-04-04,230.69000244140625,227.27999877929688,227.72000122070312,229.25999450683594,3042700.0,219.39239501953125
2017-04-05,232.88999938964844,227.30999755859375,232.14999389648438,227.66000366210938,5286900.0,217.86126708984375
2017-04-06,230.1199951171875,225.7100067138672,227.08999633789062,228.63999938964844,2927200.0,218.799072265625
2017-04-07,228.8300018310547,226.22999572753906,226.60000610351562,227.8800048828125,2853300.0,218.07180786132812
2017-04-10,229.7899932861328,226.9499969482422,228.0,228.88999938964844,2653900.0,219.03834533691406
2017-04-11,229.39999389648438,225.38999938964844,227.77999877929688,227.74000549316406,3374700.0,217.9378204345703
2017-04-12,228.25,225.22999572753906,227.64999389648438,225.75,2947500.0,216.033447265625
2017-04-13,228.1699981689453,223.0800018310547,225.17999267578125,223.32000732421875,3653700.0,213.7080535888672
2017-04-17,226.8800048828125,223.02000427246094,223.89999389648438,226.25999450683594,4190900.0,216.52151489257812
2017-04-18,219.88999938964844,213.17999267578125,219.32000732421875,215.58999633789062,12464000.0,206.31076049804688
2017-04-19,217.17999267578125,213.61000061035156,215.8699951171875,214.08999633789062,6428800.0,204.87533569335938
2017-04-20,218.97999572753906,215.0,215.5,218.05999755859375,5168200.0,208.67445373535156
2017-04-21,219.17999267578125,216.3800048828125,218.5500030517578,216.86000061035156,3845700.0,207.52610778808594
2017-04-24,224.80999755859375,220.3000030517578,221.17999267578125,223.22000122070312,5353500.0,213.6123809814453
2017-04-25,227.97999572753906,225.14999389648438,226.1999969482422,226.6300048828125,3996900.0,216.8756103515625
2017-04-26,229.36000061035156,226.08999633789062,227.10000610351562,226.1999969482422,3765300.0,216.46408081054688
2017-04-27,226.6999969482422,223.52000427246094,226.6999969482422,225.80999755859375,2805800.0,216.09088134765625
2017-04-28,226.77000427246094,223.72000122070312,225.30999755859375,223.8000030517578,2936600.0,214.16741943359375
2017-05-01,226.38999938964844,220.92999267578125,224.89999389648438,224.85000610351562,3004800.0,215.1721954345703
2017-05-02,225.83999633789062,223.17999267578125,224.86000061035156,225.1199951171875,2602400.0,215.43060302734375
2017-05-03,226.69000244140625,224.32000732421875,224.4499969482422,226.30999755859375,3042200.0,216.56936645507812
2017-05-04,228.88999938964844,224.80999755859375,228.25999450683594,226.58999633789062,2935400.0,216.83731079101562
2017-05-05,227.47000122070312,225.3000030517578,226.8800048828125,226.8699951171875,2435800.0,217.1052703857422
2017-05-08,227.33999633789062,224.60000610351562,226.75,225.02999877929688,2316800.0,215.3444366455078
2017-05-09,226.57000732421875,222.92999267578125,225.47000122070312,223.75999450683594,2145400.0,214.1291046142578
2017-05-10,225.35000610351562,223.05999755859375,223.4600067138672,224.8800048828125,2630400.0,215.20089721679688
2017-05-11,225.08999633789062,222.14999389648438,224.35000610351562,224.75999450683594,2440300.0,215.08609008789062
2017-05-12,224.49000549316406,222.47999572753906,223.49000549316406,222.82000732421875,2166100.0,213.22958374023438
2017-05-15,226.57000732421875,222.85000610351562,223.1300048828125,225.1199951171875,2468100.0,215.43060302734375
2017-05-16,226.82000732421875,224.41000366210938,225.44000244140625,225.60000610351562,1710700.0,215.88992309570312
2017-05-17,225.60000610351562,213.1199951171875,225.60000610351562,213.72000122070312,7525700.0,204.52125549316406
2017-05-18,217.61000061035156,213.86000061035156,214.0,215.16000366210938,4792400.0,205.89927673339844
2017-05-19,217.8000030517578,214.0,214.8699951171875,215.38999938964844,3747100.0,206.11936950683594
2017-05-22,217.63999938964844,215.39999389648438,217.3699951171875,216.02000427246094,2506100.0,206.72225952148438
2017-05-23,220.7899932861328,214.66000366210938,215.97000122070312,219.63999938964844,3308800.0,210.1864471435547
2017-05-24,224.39999389648438,219.4499969482422,220.0,223.8300018310547,4141600.0,214.19610595703125
2017-05-25,225.4499969482422,222.3000030517578,224.41000366210938,222.47000122070312,2640000.0,212.89466857910156
2017-05-26,224.22999572753906,221.17999267578125,222.00999450683594,223.52999877929688,1787100.0,213.90899658203125
2017-05-30,222.44000244140625,218.00999450683594,221.8300018310547,218.4199981689453,3097800.0,209.72264099121094
2017-05-31,218.3000030517578,209.6199951171875,218.24000549316406,211.25999450683594,8312000.0,202.84774780273438
2017-06-01,215.92999267578125,210.7899932861328,212.61000061035156,215.00999450683594,4057900.0,206.4484100341797
2017-06-02,215.2100067138672,211.91000366210938,212.94000244140625,213.30999755859375,3692000.0,204.81613159179688
2017-06-05,215.80999755859375,212.67999267578125,213.0800018310547,213.99000549316406,2696600.0,205.46902465820312
2017-06-06,216.02000427246094,212.47999572753906,212.50999450683594,214.52999877929688,2891300.0,205.98753356933594
2017-06-07,217.22999572753906,214.30999755859375,215.3699951171875,215.77999877929688,2679400.0,207.18777465820312
2017-06-08,221.0,214.6300048828125,215.77999877929688,218.75999450683594,3765600.0,210.04910278320312
2017-06-09,223.85000610351562,219.75,220.8300018310547,222.44000244140625,4455400.0,213.58255004882812
2017-06-12,225.22999572753906,221.91000366210938,223.6300048828125,221.91000366210938,3388200.0,213.0736541748047
2017-06-13,226.8000030517578,222.77000427246094,223.35000610351562,224.1999969482422,2767800.0,215.27247619628906
2017-06-14,226.94000244140625,221.75999450683594,222.99000549316406,226.50999450683594,3652900.0,217.49049377441406
2017-06-15,226.35000610351562,222.8000030517578,224.80999755859375,223.22999572753906,3378900.0,214.3411102294922
2017-06-16,223.6699981689453,221.1300048828125,222.64999389648438,221.80999755859375,3758300.0,212.9776611328125
2017-06-19,227.0399932861328,223.11000061035156,223.42999267578125,226.1300048828125,2900900.0,217.12564086914062
2017-06-20,226.5399932861328,224.19000244140625,225.50999450683594,225.10000610351562,2264200.0,216.13665771484375
2017-06-21,224.92999267578125,221.92999267578125,224.5399932861328,222.49000549316406,3015300.0,213.63058471679688
2017-06-22,221.89999389648438,219.2899932861328,221.44000244140625,219.77000427246094,3344600.0,211.01889038085938
2017-06-23,220.69000244140625,216.4600067138672,220.5,217.19000244140625,4448700.0,208.54161071777344
2017-06-26,221.97000122070312,217.6999969482422,218.25999450683594,220.44000244140625,2589500.0,211.66220092773438
2017-06-27,222.41000366210938,219.55999755859375,221.83999633789062,220.27999877929688,2899400.0,211.50857543945312
2017-06-28,224.6300048828125,220.75,221.8699951171875,223.22000122070312,3482800.0,214.33148193359375
2017-06-29,228.7899932861328,223.02999877929688,228.3699951171875,224.41000366210938,5063400.0,215.47412109375
2017-06-30,226.0500030517578,221.5399932861328,225.30999755859375,221.89999389648438,3154300.0,213.06405639648438
2017-07-03,229.07000732421875,223.4199981689453,224.4600067138672,227.27999877929688,2846600.0,218.22984313964844
2017-07-05,228.9199981689453,225.2100067138672,228.3800048828125,228.0399932861328,2772000.0,218.9595489501953
2017-07-06,230.05999755859375,225.25,227.97000122070312,226.69000244140625,3076600.0,217.66331481933594
2017-07-07,228.49000549316406,224.4199981689453,228.22999572753906,225.27999877929688,2697600.0,216.3094940185547
2017-07-10,227.33999633789062,223.9600067138672,224.27000427246094,225.83999633789062,2357500.0,216.84718322753906
2017-07-11,227.9499969482422,224.6699981689453,226.0399932861328,226.9499969482422,2742900.0,217.91297912597656
2017-07-12,229.02000427246094,226.07000732421875,226.39999389648438,227.38999938964844,2567300.0,218.33544921875
2017-07-13,230.63999938964844,226.9499969482422,227.38999938964844,230.39999389648438,2852600.0,221.22560119628906
2017-07-14,229.61000061035156,225.10000610351562,227.22000122070312,228.60000610351562,3703600.0,219.49729919433594
2017-07-17,229.63999938964844,227.2100067138672,228.72999572753906,229.25999450683594,2551800.0,220.13101196289062
2017-07-18,230.36000061035156,222.75999450683594,227.5,223.30999755859375,6400700.0,214.4179229736328
2017-07-19,224.1999969482422,221.6699981689453,222.91000366210938,222.8699951171875,4884600.0,213.9954376220703
2017-07-20,224.75999450683594,221.61000061035156,223.0,222.3000030517578,3497800.0,213.44813537597656
2017-07-21,222.30999755859375,219.08999633789062,221.88999938964844,220.17999267578125,3446600.0,211.41253662109375
2017-07-24,219.72999572753906,218.0,218.94000244140625,218.17999267578125,3123100.0,209.49220275878906
2017-07-25,222.8699951171875,220.17999267578125,220.33999633789062,221.5800018310547,3509500.0,212.75680541992188
2017-07-26,223.74000549316406,221.8699951171875,222.4499969482422,222.25,2792500.0,213.40011596679688
2017-07-27,222.7100067138672,220.42999267578125,221.83999633789062,221.47999572753906,2812500.0,212.66078186035156
2017-07-28,223.6699981689453,220.86000061035156,221.77000427246094,223.61000061035156,2483200.0,214.7059783935547
2017-07-31,225.5,223.0500030517578,223.9499969482422,225.3300018310547,1994900.0,216.35748291015625
2017-08-01,228.6199951171875,226.72999572753906,227.08999633789062,227.0,2986800.0,217.96096801757812
2017-08-02,227.72999572753906,225.57000732421875,226.39999389648438,226.27000427246094,1863300.0,217.2600555419922
2017-08-03,226.74000549316406,223.97000122070312,226.0,223.99000549316406,2106400.0,215.0708465576172
2017-08-04,229.7899932861328,225.05999755859375,226.0500030517578,229.7899932861328,3400300.0,220.639892578125
2017-08-07,233.1300048828125,229.2899932861328,229.8000030517578,232.9199981689453,3809800.0,223.64524841308594
2017-08-08,235.8300018310547,231.6999969482422,232.39999389648438,232.0500030517578,3322500.0,222.80992126464844
2017-08-09,231.49000549316406,229.05999755859375,230.32000732421875,231.00999450683594,2571100.0,221.81130981445312
2017-08-10,229.4499969482422,225.47000122070312,229.02000427246094,225.5,3325500.0,216.5207061767578
2017-08-11,226.67999267578125,222.64999389648438,225.07000732421875,224.14999389648438,2956600.0,215.22447204589844
2017-08-14,229.8300018310547,226.3000030517578,226.3699951171875,227.36000061035156,2266100.0,218.30662536621094
2017-08-15,230.61000061035156,227.5,229.57000732421875,227.58999633789062,1867000.0,218.52748107910156
2017-08-16,229.00999450683594,225.0,228.25999450683594,225.61000061035156,2393900.0,216.62631225585938
2017-08-17,225.97999572753906,221.11000061035156,224.3800048828125,221.4199981689453,3460300.0,212.60316467285156
2017-08-18,224.08999633789062,220.5500030517578,220.7899932861328,222.14999389648438,3149300.0,213.3040771484375
2017-08-21,222.39999389648438,219.2100067138672,222.39999389648438,220.7899932861328,2203300.0,211.99826049804688
2017-08-22,223.77999877929688,221.3300018310547,221.86000061035156,223.5800018310547,2021300.0,214.67715454101562
2017-08-23,224.80999755859375,221.3300018310547,221.89999389648438,222.74000549316406,2568000.0,213.87060546875
2017-08-24,224.57000732421875,222.58999633789062,223.77000427246094,222.99000549316406,2263000.0,214.1106719970703
2017-08-25,224.9499969482422,222.1300048828125,223.63999938964844,222.47000122070312,2232500.0,213.61135864257812
2017-08-28,223.08999633789062,218.86000061035156,222.91000366210938,220.35000610351562,2641600.0,211.57579040527344
2017-08-29,220.1300048828125,215.75,217.27000427246094,219.9600067138672,2369100.0,211.92263793945312
2017-08-30,224.22000122070312,220.08999633789062,220.25,222.4199981689453,2411400.0,214.29273986816406
2017-08-31,224.49000549316406,222.5800018310547,223.25,223.74000549316406,2240600.0,215.56451416015625
2017-09-01,227.55999755859375,223.52999877929688,224.5500030517578,225.8800048828125,2346900.0,217.6262969970703
2017-09-05,224.0,217.3000030517578,223.85000610351562,217.77999877929688,5646200.0,209.82228088378906
2017-09-06,221.02000427246094,217.61000061035156,218.97999572753906,218.8300018310547,3613600.0,210.83392333984375
2017-09-07,218.80999755859375,214.63999938964844,218.72999572753906,215.83999633789062,3594600.0,207.95314025878906
2017-09-08,219.27999877929688,215.39999389648438,215.50999450683594,217.2100067138672,3120900.0,209.27310180664062
2017-09-11,221.88999938964844,218.99000549316406,220.07000732421875,221.05999755859375,2971500.0,212.98239135742188
2017-09-12,227.69000244140625,222.02000427246094,222.5399932861328,225.9499969482422,3745800.0,217.6937713623047
2017-09-13,227.13999938964844,224.72000122070312,225.25,226.55999755859375,2383500.0,218.2814483642578
2017-09-14,228.10000610351562,226.0500030517578,226.10000610351562,226.85000610351562,1986600.0,218.56089782714844
2017-09-15,227.2100067138672,223.82000732421875,227.14999389648438,225.22000122070312,4365800.0,216.9904327392578
2017-09-18,229.0,225.66000366210938,226.3000030517578,227.52999877929688,2466800.0,219.2160186767578
2017-09-19,230.13999938964844,227.3300018310547,228.00999450683594,228.91000366210938,1858000.0,220.54559326171875
2017-09-20,231.64999389648438,228.5,229.5,229.7899932861328,2682300.0,221.39341735839844
2017-09-21,232.10000610351562,229.39999389648438,229.88999938964844,231.2899932861328,1800800.0,222.83860778808594
2017-09-22,231.49000549316406,228.8800048828125,230.63999938964844,231.02999877929688,1861800.0,222.58811950683594
2017-09-25,231.86000061035156,228.36000061035156,230.77000427246094,230.25999450683594,2261800.0,221.84628295898438
2017-09-26,231.44000244140625,229.02999877929688,230.86000061035156,229.94000244140625,1770000.0,221.5379638671875
2017-09-27,235.60000610351562,232.91000366210938,234.07000732421875,234.75999450683594,3072100.0,226.18185424804688
2017-09-28,236.1999969482422,233.5,235.0,235.47000122070312,2121800.0,226.8658905029297
2017-09-29,237.60000610351562,234.57000732421875,235.00999450683594,237.19000244140625,1902300.0,228.52305603027344
2017-10-02,241.10000610351562,237.10000610351562,237.1999969482422,240.64999389648438,2501300.0,231.85658264160156
2017-10-03,242.7100067138672,239.69000244140625,241.07000732421875,241.6199951171875,2010800.0,232.79116821289062
2017-10-04,242.8800048828125,240.1199951171875,241.6199951171875,240.30999755859375,1840400.0,231.52903747558594
2017-10-05,246.32000732421875,240.1199951171875,241.0,246.05999755859375,3521300.0,237.0689239501953
2017-10-06,247.0800018310547,244.61000061035156,246.3000030517578,246.02000427246094,2396100.0,237.0303955078125
2017-10-09,246.35000610351562,242.02000427246094,245.14999389648438,242.8000030517578,2165200.0,233.92807006835938
2017-10-10,243.72999572753906,241.6999969482422,242.8000030517578,242.60000610351562,2187100.0,233.73536682128906
2017-10-11,243.1999969482422,241.35000610351562,242.0,242.39999389648438,2175700.0,233.5426788330078
2017-10-12,243.4199981689453,238.75,242.3300018310547,239.8000030517578,2148200.0,231.0376739501953
2017-10-13,239.4499969482422,236.83999633789062,239.0,238.52999877929688,2491000.0,229.81407165527344
2017-10-16,242.75999450683594,238.35000610351562,238.60000610351562,242.41000366210938,2969200.0,233.55230712890625
2017-10-17,244.88999938964844,235.19000244140625,244.44000244140625,236.08999633789062,7088400.0,227.46322631835938
2017-10-18,242.64999389648438,236.8699951171875,236.8699951171875,242.02999877929688,4235900.0,233.1862030029297
2017-10-19,240.99000549316406,238.10000610351562,240.35000610351562,239.99000549316406,2710900.0,231.2207489013672
2017-10-20,245.25,240.6699981689453,242.9499969482422,244.72999572753906,3022800.0,235.78753662109375
2017-10-23,245.3300018310547,241.3800048828125,244.38999938964844,242.1300048828125,1963300.0,233.2825469970703
2017-10-24,246.25,243.0,243.60000610351562,244.83999633789062,2285300.0,235.89352416992188
2017-10-25,246.5,240.8000030517578,246.16000366210938,241.7100067138672,2904300.0,232.8778839111328
2017-10-26,244.0,241.52999877929688,242.61000061035156,241.72000122070312,1948800.0,232.8875274658203
2017-10-27,242.44000244140625,239.6699981689453,240.85000610351562,241.7100067138672,2111500.0,232.8778839111328
2017-10-30,242.58999633789062,239.52999877929688,240.10000610351562,240.88999938964844,1764400.0,232.0878448486328
2017-10-31,244.17999267578125,240.6300048828125,240.67999267578125,242.47999572753906,2658700.0,233.61973571777344
2017-11-01,247.39999389648438,242.91000366210938,243.88999938964844,244.25999450683594,2969600.0,235.33470153808594
2017-11-02,247.74000549316406,243.3800048828125,244.69000244140625,246.8800048828125,2509100.0,237.85897827148438
2017-11-03,246.27999877929688,243.19000244140625,245.3699951171875,244.39999389648438,1954600.0,235.46954345703125
2017-11-06,244.5800018310547,241.6699981689453,243.5,243.49000549316406,1744800.0,234.5928497314453
2017-11-07,244.97999572753906,238.83999633789062,243.91000366210938,239.80999755859375,2483900.0,231.04730224609375
2017-11-08,242.32000732421875,237.5500030517578,239.1999969482422,241.25,2349800.0,232.4346923828125
2017-11-09,242.3699951171875,237.83999633789062,239.50999450683594,240.7899932861328,2122400.0,231.9915008544922
2017-11-10,243.32000732421875,240.0,241.69000244140625,240.14999389648438,1845600.0,231.37486267089844
2017-11-13,240.89999389648438,237.16000366210938,237.97000122070312,240.27000427246094,1953900.0,231.49049377441406
2017-11-14,240.8800048828125,235.6300048828125,239.64999389648438,237.24000549316406,3000200.0,228.57122802734375
2017-11-15,238.14999389648438,233.5500030517578,234.97000122070312,237.61000061035156,2564100.0,228.92770385742188
2017-11-16,240.69000244140625,238.1999969482422,238.3800048828125,239.3699951171875,2304300.0,230.6233673095703
2017-11-17,239.0800018310547,237.1199951171875,238.86000061035156,238.02000427246094,2826400.0,229.32269287109375
2017-11-20,238.77999877929688,237.11000061035156,238.77999877929688,238.1300048828125,2000700.0,229.42868041992188
2017-11-21,239.58999633789062,237.5399932861328,239.41000366210938,238.02000427246094,2223800.0,229.32269287109375
2017-11-22,238.9499969482422,236.36000061035156,237.94000244140625,236.42999267578125,2177200.0,227.79078674316406
2017-11-24,238.55999755859375,235.5500030517578,237.4199981689453,235.9499969482422,1268500.0,227.32835388183594
2017-11-27,236.8800048828125,234.8000030517578,235.75,235.11000061035156,1999600.0,226.51904296875
2017-11-28,240.0,234.3300018310547,236.08999633789062,239.41000366210938,3212900.0,230.6619110107422
2017-11-29,244.47000122070312,240.39999389648438,241.25,241.36000061035156,4500000.0,233.2714385986328
2017-11-30,250.7899932861328,244.0,244.07000732421875,247.63999938964844,6364600.0,239.34095764160156
2017-12-01,250.67999267578125,244.00999450683594,249.77999877929688,248.9499969482422,4765400.0,240.60707092285156
2017-12-04,254.89999389648438,250.00999450683594,254.88999938964844,250.64999389648438,3326100.0,242.25010681152344
2017-12-05,251.35000610351562,247.41000366210938,250.8000030517578,248.3300018310547,2526800.0,240.0078582763672
2017-12-06,248.0800018310547,245.1300048828125,246.24000549316406,245.9499969482422,2331400.0,237.70761108398438
2017-12-07,249.47999572753906,244.39999389648438,244.6199951171875,248.55999755859375,2667000.0,240.2301483154297
2017-12-08,250.67999267578125,247.1999969482422,250.5,250.35000610351562,1959100.0,241.9601593017578
2017-12-11,251.39999389648438,248.75999450683594,250.0,250.1300048828125,1494200.0,241.74754333496094
2017-12-12,258.20001220703125,250.69000244140625,250.80999755859375,257.67999267578125,3464200.0,249.0445098876953
2017-12-13,260.5,255.55999755859375,257.80999755859375,255.55999755859375,3482300.0,246.9955596923828
2017-12-14,259.54998779296875,255.47999572753906,257.1300048828125,255.47999572753906,3353200.0,246.9182586669922
2017-12-15,258.9700012207031,254.75999450683594,256.70001220703125,257.1700134277344,5283400.0,248.55162048339844
2017-12-18,262.0,259.1600036621094,260.0,260.0199890136719,2575600.0,251.30606079101562
2017-12-19,261.79998779296875,256.17999267578125,261.6000061035156,256.4800109863281,2195500.0,247.8847198486328
2017-12-20,259.0899963378906,254.5500030517578,258.8699951171875,255.17999267578125,2052400.0,246.62828063964844
2017-12-21,262.0899963378906,256.2799987792969,256.6099853515625,261.010009765625,3337800.0,252.26296997070312
2017-12-22,262.1400146484375,257.7200012207031,261.6600036621094,258.9700012207031,2100600.0,250.29127502441406
2017-12-26,259.20001220703125,256.0,258.19000244140625,257.7200012207031,1289300.0,249.08314514160156
2017-12-27,257.9800109863281,255.52000427246094,257.9800109863281,255.9499969482422,1567900.0,247.37246704101562
2017-12-28,257.0,255.10000610351562,256.9800109863281,256.5,1301000.0,247.90406799316406
2017-12-29,256.6499938964844,252.91000366210938,255.8699951171875,254.75999450683594,2519300.0,246.2223663330078
2018-01-02,257.9100036621094,253.9199981689453,257.7699890136719,255.6699981689453,2258300.0,247.10186767578125
2018-01-03,256.1400146484375,253.22000122070312,255.47999572753906,253.2899932861328,2988200.0,244.80162048339844
2018-01-04,259.7200012207031,254.32000732421875,255.22999572753906,256.8299865722656,2583200.0,248.22300720214844
2018-01-05,257.489990234375,253.69000244140625,257.17999267578125,255.52000427246094,2594700.0,246.95689392089844
2018-01-08,255.17999267578125,251.6199951171875,254.75,251.80999755859375,2940500.0,243.37123107910156
2018-01-09,255.60000610351562,252.6199951171875,252.8000030517578,253.94000244140625,2637300.0,245.4298858642578
2018-01-10,255.14999389648438,252.35000610351562,255.0,254.3300018310547,2927200.0,245.8067626953125
2018-01-11,255.88999938964844,252.97000122070312,255.75,255.1300048828125,2422400.0,246.57998657226562
2018-01-12,257.29998779296875,254.08999633789062,255.75,257.0299987792969,2849200.0,248.41632080078125
2018-01-16,261.7699890136719,256.3999938964844,259.25,258.4599914550781,4445500.0,249.79837036132812
2018-01-17,262.0,248.83999633789062,260.9800109863281,253.64999389648438,8608100.0,245.1495819091797
2018-01-18,254.5399932861328,250.60000610351562,254.49000549316406,250.97000122070312,4984500.0,242.5594024658203
2018-01-19,256.1400146484375,250.25999450683594,251.0,256.1199951171875,4643400.0,247.53677368164062
2018-01-22,262.8699951171875,255.19000244140625,255.4499969482422,261.5199890136719,5264700.0,252.75582885742188
2018-01-23,260.260009765625,256.8500061035156,258.0,260.0899963378906,4003600.0,251.37374877929688
2018-01-24,265.7799987792969,260.29998779296875,260.739990234375,265.67999267578125,4314000.0,256.77642822265625
2018-01-25,270.5,265.010009765625,266.3500061035156,269.0299987792969,5055000.0,260.0141296386719
2018-01-26,269.0,266.04998779296875,267.489990234375,268.1400146484375,3535400.0,259.15399169921875
2018-01-29,273.7900085449219,268.80999755859375,269.0400085449219,272.4800109863281,3881100.0,263.3485412597656
2018-01-30,272.0,267.1099853515625,270.3900146484375,268.94000244140625,3970400.0,259.9271240234375
2018-01-31,270.0,266.3299865722656,268.54998779296875,267.8900146484375,3710200.0,258.912353515625
2018-02-01,272.5899963378906,266.0,266.1499938964844,272.2300109863281,3388200.0,263.10687255859375
2018-02-02,271.75,259.3500061035156,270.0,260.0400085449219,5913900.0,251.325439453125
2018-02-05,263.29998779296875,241.5,257.510009765625,249.11000061035156,6528500.0,240.76171875
2018-02-06,258.75,242.11000061035156,244.2100067138672,258.70001220703125,6739900.0,250.03033447265625
2018-02-07,261.95001220703125,255.66000366210938,255.89999389648438,257.1000061035156,4125000.0,248.48394775390625
2018-02-08,258.7799987792969,246.0500030517578,257.92999267578125,246.35000610351562,4166200.0,238.0941925048828
2018-02-09,251.6699981689453,239.2899932861328,249.6199951171875,249.3000030517578,5978600.0,240.94537353515625
2018-02-12,256.1499938964844,248.82000732421875,251.14999389648438,253.16000366210938,3692500.0,244.6759796142578
2018-02-13,256.3999938964844,250.5800018310547,252.00999450683594,255.52999877929688,2700500.0,246.96658325195312
2018-02-14,262.7099914550781,254.47999572753906,255.0,262.5799865722656,3793800.0,253.7802734375
2018-02-15,268.0,262.9100036621094,265.760009765625,267.67999267578125,3523100.0,258.7093505859375
2018-02-16,269.2799987792969,265.8999938964844,265.989990234375,267.6199951171875,2602500.0,258.6513977050781
2018-02-20,268.8500061035156,263.30999755859375,266.8900146484375,264.8900146484375,2618400.0,256.0129089355469
2018-02-21,270.0,263.1300048828125,263.9200134277344,263.3999938964844,3017900.0,254.5727996826172
2018-02-22,266.32000732421875,260.7200012207031,264.3999938964844,261.42999267578125,2678900.0,252.66883850097656
2018-02-23,266.9800109863281,262.3999938964844,263.0,266.7699890136719,2507100.0,257.82989501953125
2018-02-26,271.7799987792969,266.7699890136719,267.5,271.260009765625,2751400.0,262.16937255859375
2018-02-27,273.1199951171875,267.92999267578125,271.0,267.92999267578125,3140600.0,258.95098876953125
2018-02-28,269.489990234375,262.57000732421875,269.1400146484375,262.92999267578125,3104300.0,254.83189392089844
2018-03-01,263.54998779296875,256.20001220703125,262.6099853515625,256.7799987792969,3483500.0,248.87132263183594
2018-03-02,259.239990234375,252.10000610351562,255.0,258.1199951171875,3122800.0,250.17005920410156
2018-03-05,264.54998779296875,256.239990234375,256.4599914550781,263.1199951171875,2445800.0,255.01605224609375
2018-03-06,267.8699951171875,263.2099914550781,264.7699890136719,266.92999267578125,2217300.0,258.7086486816406
2018-03-07,266.42999267578125,260.95001220703125,262.69000244140625,265.3500061035156,2509400.0,257.1773681640625
2018-03-08,268.1000061035156,262.6300048828125,266.4800109863281,266.3399963378906,2565400.0,258.13690185546875
2018-03-09,271.0899963378906,267.0400085449219,268.70001220703125,270.7699890136719,4410600.0,262.4304504394531
2018-03-12,275.30999755859375,270.7699890136719,271.0,273.3800048828125,3065600.0,264.96002197265625
2018-03-13,275.0299987792969,267.44000244140625,274.3399963378906,268.5299987792969,2288100.0,260.2594299316406
2018-03-14,270.7799987792969,263.9100036621094,270.3999938964844,264.42999267578125,2478700.0,256.2856750488281
2018-03-15,269.0,265.3500061035156,265.7200012207031,266.6099853515625,2255200.0,258.3985290527344
2018-03-16,269.8500061035156,265.3299865722656,266.010009765625,267.6000061035156,4114400.0,259.3580322265625
2018-03-19,267.5,259.4700012207031,266.989990234375,262.5299987792969,2426900.0,254.44419860839844
2018-03-20,264.6400146484375,261.8900146484375,263.2900085449219,263.19000244140625,1514800.0,255.08392333984375
2018-03-21,266.489990234375,260.30999755859375,263.010009765625,261.8500061035156,2817600.0,253.78517150878906
2018-03-22,260.82000732421875,252.17999267578125,258.4200134277344,252.60000610351562,4489300.0,244.820068359375
2018-03-23,253.99000549316406,244.92999267578125,253.6300048828125,245.25999450683594,3634200.0,237.7061309814453
2018-03-26,255.36000061035156,248.4499969482422,250.64999389648438,254.8800048828125,3787200.0,247.0298614501953
2018-03-27,257.05999755859375,245.61000061035156,255.88999938964844,247.25999450683594,2981500.0,239.64451599121094
2018-03-28,251.22999572753906,244.3699951171875,248.77999877929688,249.3699951171875,2660200.0,241.68954467773438
2018-03-29,252.97999572753906,248.3300018310547,250.7899932861328,251.86000061035156,3073900.0,244.10284423828125
2018-04-02,252.60000610351562,243.77000427246094,251.25999450683594,247.35000610351562,3429900.0,239.73175048828125
2018-04-03,250.88999938964844,245.89999389648438,248.61000061035156,250.5800018310547,2488200.0,242.86227416992188
2018-04-04,253.22000122070312,244.50999450683594,245.7100067138672,252.6199951171875,2853200.0,244.8394317626953
2018-04-05,258.0,253.39999389648438,254.5,255.80999755859375,1924800.0,247.9311981201172
2018-04-06,255.33999633789062,246.67999267578125,251.47999572753906,249.97000122070312,3621900.0,242.27105712890625
2018-04-09,257.5,249.1699981689453,251.47999572753906,252.19000244140625,3256700.0,244.42269897460938
2018-04-10,259.8900146484375,255.9499969482422,257.9599914550781,256.57000732421875,3113900.0,248.6678009033203
2018-04-11,254.8300018310547,249.7899932861328,252.58999633789062,252.94000244140625,3322000.0,245.14959716796875
2018-04-12,260.7300109863281,255.11000061035156,256.2699890136719,259.5899963378906,3059100.0,251.59475708007812
2018-04-13,262.5,254.5399932861328,261.94000244140625,255.9199981689453,3026200.0,248.0377960205078
2018-04-16,260.6600036621094,256.6600036621094,257.1300048828125,257.8800048828125,3257400.0,249.9374542236328
2018-04-17,262.25,252.33999633789062,261.6000061035156,253.6300048828125,10134400.0,245.818359375
2018-04-18,257.0199890136719,252.25,254.89999389648438,254.0,4524800.0,246.17694091796875
2018-04-19,256.1600036621094,252.8300018310547,254.0,254.1699981689453,3990000.0,246.3417205810547
2018-04-20,255.67999267578125,251.47999572753906,254.10000610351562,251.9600067138672,2930600.0,244.1997833251953
2018-04-23,252.75,246.19000244140625,251.66000366210938,246.6699981689453,3775900.0,239.07269287109375
2018-04-24,249.14999389648438,240.0399932861328,248.82000732421875,242.49000549316406,4705100.0,235.02145385742188
2018-04-25,242.4600067138672,237.50999450683594,242.19000244140625,239.22999572753906,5041400.0,231.86184692382812
2018-04-26,241.66000366210938,238.00999450683594,239.27000427246094,240.08999633789062,2891100.0,232.6953582763672
2018-04-27,241.92999267578125,239.02000427246094,240.0,239.8000030517578,2136800.0,232.414306640625
2018-04-30,243.07000732421875,238.22000122070312,240.97000122070312,238.3300018310547,2790500.0,230.9895782470703
2018-05-01,237.89999389648438,233.9600067138672,237.50999450683594,236.6699981689453,3269800.0,229.38070678710938
2018-05-02,237.91000366210938,233.4199981689453,236.60000610351562,234.0500030517578,3710900.0,226.84140014648438
2018-05-03,234.0,227.39999389648438,232.4499969482422,233.41000366210938,4511400.0,226.22108459472656
2018-05-04,236.7899932861328,232.27999877929688,232.30999755859375,234.94000244140625,2622300.0,227.70399475097656
2018-05-07,238.1699981689453,235.27999877929688,236.0,237.1999969482422,1979400.0,229.8943634033203
2018-05-08,240.66000366210938,236.0,238.24000549316406,237.0,3267000.0,229.70053100585938
2018-05-09,242.0500030517578,237.25,237.97999572753906,241.72999572753906,2434000.0,234.28485107421875
2018-05-10,245.4199981689453,240.16000366210938,242.11000061035156,243.44000244140625,2599000.0,235.94219970703125
2018-05-11,244.91000366210938,241.7100067138672,243.44000244140625,242.9199981689453,1540100.0,235.43820190429688
2018-05-14,245.8800048828125,243.5,243.60000610351562,243.91000366210938,1928500.0,236.397705078125
2018-05-15,243.9499969482422,240.6699981689453,243.0,241.55999755859375,2165700.0,234.1200714111328
2018-05-16,241.83999633789062,240.58999633789062,241.27000427246094,240.9600067138672,1965200.0,233.53855895996094
2018-05-17,242.44000244140625,238.77999877929688,240.4199981689453,239.10000610351562,2462700.0,231.7358856201172
2018-05-18,238.74000549316406,236.8699951171875,238.10000610351562,237.0,2699000.0,229.70053100585938
2018-05-21,240.07000732421875,237.32000732421875,239.10000610351562,237.6999969482422,1951700.0,230.37896728515625
2018-05-22,240.6999969482422,237.97999572753906,238.6999969482422,238.0,2551500.0,230.6697235107422
2018-05-23,237.8699951171875,234.3800048828125,236.8800048828125,237.80999755859375,3114000.0,230.485595703125
2018-05-24,237.1699981689453,233.64999389648438,236.60000610351562,236.10000610351562,2308700.0,228.82826232910156
2018-05-25,236.1199951171875,234.27999877929688,235.0,235.00999450683594,1985600.0,227.7718048095703
2018-05-29,232.47000122070312,225.02000427246094,231.52000427246094,227.02999877929688,5323600.0,220.03759765625
2018-05-30,229.6699981689453,226.27999877929688,228.94000244140625,229.16000366210938,3348600.0,222.8874053955078
2018-05-31,228.11000061035156,224.08999633789062,227.33999633789062,225.8800048828125,5334900.0,219.69717407226562
2018-06-01,230.25,228.08999633789062,228.39999389648438,228.35000610351562,3330900.0,222.09959411621094
2018-06-04,231.14999389648438,228.9499969482422,230.35000610351562,229.88999938964844,2133600.0,223.597412109375
2018-06-05,229.33999633789062,227.2899932861328,228.94000244140625,228.33999633789062,1986200.0,222.08985900878906
2018-06-06,232.5800018310547,229.36000061035156,229.85000610351562,232.22999572753906,2566400.0,225.8733673095703
2018-06-07,235.9199981689453,232.5399932861328,233.88999938964844,233.4499969482422,2905000.0,227.05999755859375
2018-06-08,234.27000427246094,232.35000610351562,233.0,233.38999938964844,2253100.0,227.00161743164062
2018-06-11,235.16000366210938,233.58999633789062,234.6199951171875,234.08999633789062,1936800.0,227.68246459960938
2018-06-12,235.22999572753906,231.86000061035156,234.1199951171875,232.6300048828125,2080000.0,226.26242065429688
2018-06-13,238.22999572753906,233.10000610351562,233.64999389648438,233.8300018310547,3637400.0,227.42958068847656
2018-06-14,235.88999938964844,232.58999633789062,235.8699951171875,233.64999389648438,2899600.0,227.25448608398438
2018-06-15,233.14999389648438,229.83999633789062,231.5,231.9199981689453,4738100.0,225.57186889648438
2018-06-18,231.6699981689453,229.14999389648438,230.1999969482422,231.38999938964844,2327500.0,225.0563507080078
2018-06-19,229.0399932861328,226.16000366210938,228.22000122070312,228.32000732421875,3326600.0,222.07040405273438
2018-06-20,229.94000244140625,226.9600067138672,229.9199981689453,227.82000732421875,2678300.0,221.58409118652344
2018-06-21,228.42999267578125,224.57000732421875,226.38999938964844,226.97999572753906,3094600.0,220.76707458496094
2018-06-22,230.5,225.5800018310547,227.77999877929688,226.02000427246094,2731800.0,219.83335876464844
2018-06-25,225.13999938964844,220.38999938964844,224.5,221.5399932861328,3817700.0,215.47598266601562
2018-06-26,222.8000030517578,219.1199951171875,221.77999877929688,221.5800018310547,2692900.0,215.51487731933594
2018-06-27,225.47000122070312,220.13999938964844,221.47999572753906,220.17999267578125,3104200.0,214.1531982421875
2018-06-28,224.66000366210938,219.5800018310547,220.25,223.4199981689453,3072600.0,217.3045196533203
2018-06-29,225.1699981689453,220.4499969482422,224.39999389648438,220.57000732421875,3393700.0,214.53253173828125
2018-07-02,223.33999633789062,218.88999938964844,219.75,223.25999450683594,1723200.0,217.14889526367188
2018-07-03,224.63999938964844,219.99000549316406,224.4600067138672,220.3800048828125,1204400.0,214.34771728515625
2018-07-05,222.13999938964844,219.77999877929688,221.5,220.74000549316406,2218200.0,214.6978759765625
2018-07-06,223.1999969482422,219.8800048828125,220.5399932861328,221.7899932861328,1846400.0,215.71913146972656
2018-07-09,228.1999969482422,223.0,223.36000061035156,227.99000549316406,2743900.0,221.7494354248047
2018-07-10,228.8699951171875,225.85000610351562,228.0,226.85000610351562,2524800.0,220.64064025878906
2018-07-11,227.25,225.1999969482422,225.75999450683594,225.66000366210938,2527000.0,219.4832000732422
2018-07-12,227.8000030517578,225.77000427246094,227.63999938964844,227.22000122070312,2223100.0,221.00051879882812
2018-07-13,228.6199951171875,223.92999267578125,226.6300048828125,226.41000366210938,2541500.0,220.21267700195312
2018-07-16,231.44000244140625,226.74000549316406,227.1999969482422,231.44000244140625,3271200.0,225.10501098632812
2018-07-17,233.22999572753906,226.8699951171875,231.47999572753906,231.02000427246094,9280200.0,224.69650268554688
2018-07-18,233.72000122070312,230.14999389648438,232.33999633789062,231.24000549316406,6149900.0,224.9104766845703
2018-07-19,231.99000549316406,228.97999572753906,231.11000061035156,229.6300048828125,4638500.0,223.3445587158203
2018-07-20,232.0500030517578,228.8000030517578,229.00999450683594,231.69000244140625,2683500.0,225.34815979003906
2018-07-23,234.86000061035156,231.72000122070312,231.8000030517578,233.75999450683594,2788500.0,227.36148071289062
2018-07-24,237.47999572753906,234.33999633789062,234.75,235.8800048828125,2887400.0,229.4234619140625
2018-07-25,236.85000610351562,233.9499969482422,235.00999450683594,236.69000244140625,2181500.0,230.2113037109375
2018-07-26,238.33999633789062,236.42999267578125,237.0,237.11000061035156,1885500.0,230.6197967529297
2018-07-27,238.8000030517578,235.99000549316406,237.9600067138672,237.63999938964844,1998200.0,231.13528442382812
2018-07-30,239.72999572753906,236.88999938964844,238.0,238.9499969482422,2454100.0,232.409423828125
2018-07-31,239.5,236.5500030517578,239.5,237.42999267578125,2503700.0,230.93101501464844
2018-08-01,239.39999389648438,235.77999877929688,238.5,236.0399932861328,2510500.0,229.57907104492188
2018-08-02,235.2100067138672,232.77000427246094,233.92999267578125,233.99000549316406,2579700.0,227.585205078125
2018-08-03,235.52000427246094,233.49000549316406,234.44000244140625,234.08999633789062,3053100.0,227.68246459960938
2018-08-06,236.97999572753906,234.02999877929688,234.13999938964844,235.92999267578125,2259600.0,229.47207641601562
2018-08-07,239.4600067138672,236.49000549316406,237.25,237.8300018310547,2399500.0,231.32008361816406
2018-08-08,239.16000366210938,236.22999572753906,238.1199951171875,236.3699951171875,2522400.0,229.90003967285156
2018-08-09,236.85000610351562,233.38999938964844,236.35000610351562,233.77999877929688,2951900.0,227.38095092773438
2018-08-10,231.4600067138672,228.11000061035156,230.97000122070312,229.61000061035156,3863400.0,223.3250732421875
2018-08-13,229.88999938964844,226.57000732421875,229.49000549316406,226.86000061035156,2662700.0,220.6503448486328
2018-08-14,230.3699951171875,227.3000030517578,227.35000610351562,229.55999755859375,2359000.0,223.2764434814453
2018-08-15,231.5399932861328,228.30999755859375,229.35000610351562,229.25,3218500.0,222.97494506835938
2018-08-16,233.2899932861328,230.4499969482422,230.6699981689453,233.0,2438300.0,226.62229919433594
2018-08-17,233.72000122070312,231.63999938964844,232.50999450683594,233.3800048828125,2107200.0,226.9918975830078
2018-08-20,235.97999572753906,234.0800018310547,234.1300048828125,235.77999877929688,2604900.0,229.3262176513672
2018-08-21,239.52999877929688,235.2899932861328,235.2899932861328,238.64999389648438,2437300.0,232.11764526367188
2018-08-22,239.6699981689453,237.5800018310547,237.88999938964844,239.33999633789062,1870900.0,232.78875732421875
2018-08-23,239.27999877929688,235.83999633789062,239.0500030517578,236.33999633789062,2064700.0,229.87086486816406
2018-08-24,237.8000030517578,234.6999969482422,237.36000061035156,235.11000061035156,1948100.0,228.67454528808594
2018-08-27,243.64999389648438,236.55999755859375,236.99000549316406,242.60000610351562,4106900.0,235.9595184326172
2018-08-28,245.0800018310547,241.58999633789062,243.05999755859375,242.3699951171875,2951000.0,235.73582458496094
2018-08-29,242.7899932861328,240.30999755859375,242.0500030517578,241.39999389648438,1911700.0,235.56991577148438
2018-08-30,241.1199951171875,238.67999267578125,240.8000030517578,239.39999389648438,1963700.0,233.61822509765625
2018-08-31,239.35000610351562,237.1199951171875,238.94000244140625,237.80999755859375,1965500.0,232.06663513183594
2018-09-04,238.1199951171875,234.58999633789062,237.75999450683594,237.66000366210938,2083500.0,231.92022705078125
2018-09-05,239.4499969482422,236.1699981689453,237.00999450683594,237.55999755859375,2092000.0,231.82264709472656
2018-09-06,238.6300048828125,233.8800048828125,237.0,234.52000427246094,2651400.0,228.85609436035156
2018-09-07,235.63999938964844,232.67999267578125,235.0500030517578,233.91000366210938,1952900.0,228.2608184814453
2018-09-10,235.5,231.74000549316406,235.00999450683594,231.91000366210938,1948100.0,226.30911254882812
2018-09-11,231.64999389648438,228.66000366210938,230.6699981689453,230.2100067138672,2719400.0,224.65016174316406
2018-09-12,231.99000549316406,227.3000030517578,230.91000366210938,228.14999389648438,3577700.0,222.63992309570312
2018-09-13,229.85000610351562,227.57000732421875,229.5,228.3300018310547,3003600.0,222.81556701660156
2018-09-14,230.5500030517578,228.75999450683594,229.0800018310547,229.24000549316406,2228300.0,223.70361328125
2018-09-17,230.16000366210938,227.3000030517578,229.39999389648438,227.88999938964844,1918800.0,222.38621520996094
2018-09-18,229.39999389648438,226.57000732421875,228.35000610351562,228.88999938964844,2498100.0,223.362060546875
2018-09-19,236.27999877929688,229.52000427246094,229.89999389648438,235.5800018310547,3716500.0,229.8905029296875
2018-09-20,238.50999450683594,236.02999877929688,237.0,237.39999389648438,2503000.0,231.66653442382812
2018-09-21,238.52000427246094,234.8300018310547,238.05999755859375,235.33999633789062,3760300.0,229.65628051757812
2018-09-24,235.74000549316406,232.24000549316406,234.74000549316406,232.89999389648438,2057000.0,227.27520751953125
2018-09-25,234.63999938964844,232.22999572753906,234.63999938964844,232.5,2003200.0,226.88487243652344
2018-09-26,233.0,228.24000549316406,232.9600067138672,228.8800048828125,2372700.0,223.352294921875
2018-09-27,229.85000610351562,227.52000427246094,228.77000427246094,227.74000549316406,2451500.0,222.23983764648438
2018-09-28,227.39999389648438,223.8000030517578,225.75,224.24000549316406,3097800.0,218.82437133789062
2018-10-01,227.58999633789062,225.0,226.22000122070312,225.3300018310547,2451300.0,219.88803100585938
2018-10-02,226.3300018310547,223.97000122070312,225.27999877929688,226.07000732421875,2272700.0,220.61016845703125
2018-10-03,229.77000427246094,226.5800018310547,227.75,227.77999877929688,2573900.0,222.2788543701172
2018-10-04,231.39999389648438,225.38999938964844,229.25999450683594,227.47999572753906,2903600.0,221.98609924316406
2018-10-05,228.41000366210938,224.2100067138672,228.0,225.7100067138672,1722400.0,220.2588653564453
2018-10-08,226.9199981689453,222.5,224.25999450683594,225.35000610351562,2522900.0,219.9075469970703
2018-10-09,225.1199951171875,222.52999877929688,224.99000549316406,222.91000366210938,1862900.0,217.52647399902344
2018-10-10,223.63999938964844,214.55999755859375,223.24000549316406,214.88999938964844,3955500.0,209.70016479492188
2018-10-11,216.02999877929688,210.9499969482422,214.1999969482422,212.97000122070312,6217400.0,207.8265380859375
2018-10-12,217.97999572753906,211.4600067138672,217.0,213.8699951171875,4161300.0,208.7047882080078
2018-10-15,217.13999938964844,213.0500030517578,214.4499969482422,215.22000122070312,3333800.0,210.02220153808594
2018-10-16,222.0,216.3000030517578,219.35000610351562,221.6999969482422,5924200.0,216.34568786621094
2018-10-17,228.89999389648438,220.0500030517578,220.52999877929688,228.27999877929688,4953700.0,222.76678466796875
2018-10-18,228.72999572753906,223.86000061035156,227.5,224.9499969482422,2995400.0,219.51719665527344
2018-10-19,228.3000030517578,224.19000244140625,225.25999450683594,226.9600067138672,2759100.0,221.47866821289062
2018-10-22,228.8699951171875,221.52000427246094,226.92999267578125,221.60000610351562,2736800.0,216.2481231689453
2018-10-23,219.52000427246094,214.32000732421875,216.58999633789062,218.55999755859375,3318200.0,213.28152465820312
2018-10-24,218.92999267578125,208.39999389648438,218.13999938964844,209.17999267578125,4152700.0,204.12806701660156
2018-10-25,215.69000244140625,210.33999633789062,211.27000427246094,214.00999450683594,3179700.0,208.84140014648438
2018-10-26,214.8000030517578,209.52999877929688,210.72999572753906,212.36000061035156,3557900.0,207.23129272460938
2018-10-29,218.2100067138672,212.0500030517578,214.14999389648438,214.49000549316406,3278200.0,209.30982971191406
2018-10-30,220.35000610351562,215.0399932861328,215.99000549316406,219.27999877929688,3897400.0,213.984130859375
2018-10-31,229.0,221.39999389648438,221.88999938964844,225.3699951171875,4369600.0,219.9270477294922
2018-11-01,228.8800048828125,225.47000122070312,225.75999450683594,226.97000122070312,2557600.0,221.48843383789062
2018-11-02,231.69000244140625,226.2899932861328,230.0,229.69000244140625,3699000.0,224.14273071289062
2018-11-05,231.10000610351562,226.9499969482422,228.32000732421875,228.72000122070312,2565200.0,223.19615173339844
2018-11-06,229.52000427246094,227.0500030517578,228.19000244140625,228.1999969482422,2275600.0,222.688720703125
2018-11-07,232.8000030517578,226.89999389648438,230.0500030517578,231.27999877929688,3514300.0,225.69432067871094
2018-11-08,234.05999755859375,230.60000610351562,231.0,231.64999389648438,2404800.0,226.05540466308594
2018-11-09,231.69000244140625,222.3000030517578,231.69000244140625,222.64999389648438,3721700.0,217.2727508544922
2018-11-12,222.30999755859375,205.1300048828125,222.0,206.0500030517578,11019400.0,201.0736846923828
2018-11-13,209.58999633789062,202.3300018310547,204.39999389648438,205.0500030517578,6984800.0,200.09780883789062
2018-11-14,207.33999633789062,198.44000244140625,206.24000549316406,202.49000549316406,5742500.0,197.5996551513672
2018-11-15,204.5,199.32000732421875,201.8000030517578,203.74000549316406,4260000.0,198.8194580078125
2018-11-16,204.74000549316406,200.35000610351562,202.92999267578125,202.1199951171875,2829600.0,197.23858642578125
2018-11-19,202.3000030517578,197.35000610351562,201.8300018310547,198.22000122070312,3419100.0,193.43276977539062
2018-11-20,195.88999938964844,190.35000610351562,195.10000610351562,191.33999633789062,5513800.0,186.7189178466797
2018-11-21,195.24000549316406,191.19000244140625,192.08999633789062,192.60000610351562,4111700.0,187.94850158691406
2018-11-23,191.8699951171875,188.94000244140625,191.61000061035156,189.10000610351562,1862600.0,184.5330352783203
2018-11-26,195.22999572753906,190.69000244140625,191.1699981689453,194.33999633789062,3143300.0,189.64646911621094
2018-11-27,194.6199951171875,191.55999755859375,193.39999389648438,193.64999389648438,2345400.0,188.97314453125
2018-11-28,198.4499969482422,192.22999572753906,194.83999633789062,198.35000610351562,3762900.0,193.55963134765625
2018-11-29,197.4499969482422,193.16000366210938,196.02000427246094,194.85000610351562,2665700.0,190.91416931152344
2018-11-30,191.4499969482422,188.1199951171875,190.57000732421875,190.69000244140625,6220000.0,186.83819580078125
2018-12-03,195.66000366210938,191.6199951171875,194.0,191.6300048828125,4017000.0,187.75921630859375
2018-12-04,191.11000061035156,183.6300048828125,190.69000244140625,184.30999755859375,5797500.0,180.58706665039062
2018-12-06,184.8800048828125,180.14999389648438,181.3300018310547,184.08999633789062,5275500.0,180.3715057373047
2018-12-07,186.25,179.0,183.85000610351562,179.6699981689453,3921200.0,176.040771484375
2018-12-10,179.83999633789062,174.67999267578125,178.60000610351562,178.8300018310547,4528300.0,175.21775817871094
2018-12-11,184.42999267578125,175.4499969482422,182.14999389648438,176.8000030517578,4713900.0,173.228759765625
2018-12-12,180.0,176.47999572753906,178.5,176.6999969482422,3677300.0,173.1307830810547
2018-12-13,178.69000244140625,175.1199951171875,177.8300018310547,175.9199981689453,4008600.0,172.36654663085938
2018-12-14,176.25999450683594,172.3699951171875,174.33999633789062,172.77000427246094,5078300.0,169.28018188476562
2018-12-17,171.42999267578125,166.52999877929688,169.39999389648438,168.00999450683594,8395800.0,164.61630249023438
2018-12-18,173.02000427246094,169.32000732421875,169.77999877929688,171.5,5150800.0,168.0358123779297
2018-12-19,174.85000610351562,167.60000610351562,171.58999633789062,169.25,5316100.0,165.8312530517578
2018-12-20,171.64999389648438,167.16000366210938,168.38999938964844,168.41000366210938,6488200.0,165.00823974609375
2018-12-21,169.6300048828125,159.4199981689453,168.25,160.0500030517578,8960000.0,156.8170928955078
2018-12-24,160.0,154.30999755859375,159.0,156.35000610351562,3783500.0,153.19183349609375
2018-12-26,163.11000061035156,151.6999969482422,157.0,162.92999267578125,7054700.0,159.638916015625
2018-12-27,165.41000366210938,159.02000427246094,160.1199951171875,165.41000366210938,4973000.0,162.06883239746094
2018-12-28,165.9499969482422,162.02000427246094,165.63999938964844,163.02999877929688,4110500.0,159.7368927001953
2018-12-31,167.1199951171875,163.77999877929688,163.77999877929688,167.0500030517578,4550000.0,163.6757049560547
2019-01-02,172.25,163.35000610351562,164.3300018310547,172.02999877929688,3999400.0,168.55511474609375
2019-01-03,171.77000427246094,168.2899932861328,170.66000366210938,169.50999450683594,4060200.0,166.08599853515625
2019-01-04,176.0,171.10000610351562,172.99000549316406,175.0500030517578,3788300.0,171.5141143798828
2019-01-07,177.8300018310547,172.27000427246094,175.22999572753906,176.02000427246094,3152100.0,172.4645233154297
2019-01-08,178.10000610351562,172.89999389648438,177.77999877929688,175.3699951171875,2692700.0,171.82763671875
2019-01-09,177.69000244140625,174.91000366210938,176.10000610351562,176.47000122070312,3321400.0,172.90542602539062
2019-01-10,178.07000732421875,175.5,175.66000366210938,176.0,2808700.0,172.44491577148438
2019-01-11,177.0399932861328,172.4199981689453,175.10000610351562,176.92999267578125,3182700.0,173.3561248779297
2019-01-14,179.5399932861328,174.10000610351562,174.52000427246094,178.72000122070312,3361700.0,175.1099853515625
2019-01-15,179.99000549316406,176.39999389648438,178.32000732421875,179.91000366210938,2911800.0,176.27593994140625
2019-01-16,198.14999389648438,185.60000610351562,187.0,197.0800018310547,15194200.0,193.09912109375
2019-01-17,199.8000030517578,192.8300018310547,195.9499969482422,199.08999633789062,8177000.0,195.0685272216797
2019-01-18,203.0,196.91000366210938,200.3800048828125,202.5399932861328,5650900.0,198.4488067626953
2019-01-22,201.47000122070312,195.9199981689453,200.5,197.67999267578125,4648500.0,193.68699645996094
2019-01-23,198.08999633789062,194.52999877929688,197.5500030517578,196.89999389648438,3410700.0,192.92274475097656
2019-01-24,199.67999267578125,195.75999450683594,196.22000122070312,197.8000030517578,2631800.0,193.80458068847656
2019-01-25,201.19000244140625,199.4199981689453,199.8300018310547,200.74000549316406,3275000.0,196.68521118164062
2019-01-28,200.07000732421875,197.10000610351562,197.99000549316406,199.72000122070312,2369600.0,195.685791015625
2019-01-29,201.97000122070312,197.8699951171875,199.0,200.5,2694100.0,196.4500274658203
2019-01-30,203.2899932861328,199.64999389648438,200.89999389648438,202.47999572753906,2773300.0,198.39002990722656
2019-01-31,202.35000610351562,196.9499969482422,200.10000610351562,198.00999450683594,5604500.0,194.0103302001953
2019-02-01,199.63999938964844,196.5399932861328,198.0,196.5399932861328,3174200.0,192.5700225830078
2019-02-04,197.75999450683594,194.7899932861328,195.8000030517578,197.72000122070312,2400200.0,193.72618103027344
2019-02-05,199.3300018310547,196.86000061035156,198.1199951171875,198.00999450683594,2601000.0,194.0103302001953
2019-02-06,199.05999755859375,195.8300018310547,197.17999267578125,196.6199951171875,2063100.0,192.64840698242188
2019-02-07,195.8800048828125,191.0500030517578,195.27999877929688,193.07000732421875,2948800.0,189.1701202392578
2019-02-08,192.6199951171875,188.22000122070312,191.72000122070312,191.6699981689453,2757500.0,187.79840087890625
2019-02-11,193.32000732421875,191.07000732421875,192.8800048828125,191.3300018310547,2056500.0,187.46527099609375
2019-02-12,195.64999389648438,193.0,193.0500030517578,194.49000549316406,2392900.0,190.5614471435547
2019-02-13,198.77999877929688,194.60000610351562,195.9199981689453,194.69000244140625,2757300.0,190.7574005126953
2019-02-14,194.1300048828125,189.44000244140625,192.2100067138672,192.52999877929688,2865000.0,188.64102172851562
2019-02-15,198.88999938964844,193.10000610351562,193.2100067138672,198.5,3065400.0,194.49044799804688
2019-02-19,199.05999755859375,195.61000061035156,196.66000366210938,198.6699981689453,2558200.0,194.656982421875
2019-02-20,199.3000030517578,197.50999450683594,198.72999572753906,198.60000610351562,2266000.0,194.5884246826172
2019-02-21,199.4499969482422,195.0500030517578,198.97000122070312,196.36000061035156,2785900.0,192.39364624023438
2019-02-22,197.75,195.1999969482422,196.60000610351562,196.0,2626600.0,192.0409393310547
2019-02-25,201.5,197.7100067138672,198.0,198.64999389648438,3032200.0,194.6374053955078
2019-02-26,200.55999755859375,196.5500030517578,198.47000122070312,198.89999389648438,2499800.0,194.88233947753906
2019-02-27,199.88999938964844,197.1199951171875,198.5,198.10000610351562,1804200.0,194.8823699951172
2019-02-28,198.39999389648438,196.00999450683594,198.0399932861328,196.6999969482422,2964300.0,193.5050811767578
2019-03-01,201.44000244140625,197.42999267578125,198.75,198.1999969482422,2580500.0,194.98072814941406
2019-03-04,200.8300018310547,194.14999389648438,198.80999755859375,195.97999572753906,2683600.0,192.7967987060547
2019-03-05,196.17999267578125,193.0,195.85000610351562,196.0,2338600.0,192.81646728515625
2019-03-06,197.55999755859375,194.52999877929688,195.89999389648438,194.74000549316406,2247500.0,191.57693481445312
2019-03-07,193.4499969482422,190.0800018310547,193.1300048828125,192.77000427246094,3567800.0,189.63893127441406
2019-03-08,195.77000427246094,189.7100067138672,190.39999389648438,195.24000549316406,3162700.0,192.06881713867188
2019-03-11,198.97000122070312,195.72999572753906,197.22999572753906,195.97000122070312,2669000.0,192.78695678710938
2019-03-12,197.39999389648438,195.69000244140625,196.0,196.6300048828125,1977400.0,193.4362335205078
2019-03-13,198.92999267578125,196.52000427246094,197.75,197.25,1904500.0,194.04617309570312
2019-03-14,198.5,196.6999969482422,197.32000732421875,197.47000122070312,1482300.0,194.26260375976562
2019-03-15,198.85000610351562,196.85000610351562,197.16000366210938,198.25999450683594,2985200.0,195.0397491455078
2019-03-18,203.85000610351562,198.9199981689453,199.17999267578125,202.47000122070312,3354900.0,199.18138122558594
2019-03-19,206.4499969482422,200.77999877929688,204.8800048828125,201.1199951171875,3284900.0,197.85330200195312
2019-03-20,200.3300018310547,193.97000122070312,200.3300018310547,194.32000732421875,5033500.0,191.16375732421875
2019-03-21,195.5500030517578,191.75,192.89999389648438,194.5800018310547,4031500.0,191.41952514648438
2019-03-22,193.7100067138672,187.77999877929688,192.6699981689453,188.9600067138672,5703100.0,185.8908233642578
2019-03-25,191.4499969482422,186.5,189.3300018310547,188.50999450683594,3751000.0,185.44810485839844
2019-03-26,192.41000366210938,188.69000244140625,190.02999877929688,190.69000244140625,2910100.0,187.59271240234375
2019-03-27,191.61000061035156,188.74000549316406,190.60000610351562,190.02999877929688,2343800.0,186.9434356689453
2019-03-28,191.91000366210938,189.2899932861328,190.74000549316406,191.17999267578125,2343400.0,188.07473754882812
2019-03-29,193.11000061035156,191.13999938964844,192.67999267578125,191.99000549316406,2632800.0,188.87161254882812
2019-04-01,198.08999633789062,193.61000061035156,194.0,196.74000549316406,3562600.0,193.54444885253906
2019-04-02,197.75999450683594,195.39999389648438,196.24000549316406,197.5,2247000.0,194.29209899902344
2019-04-03,201.08999633789062,198.5399932861328,199.25,200.86000061035156,3227900.0,197.5975341796875
2019-04-04,204.2899932861328,200.5,200.8000030517578,202.22999572753906,2582300.0,198.94528198242188
2019-04-05,205.5,202.05999755859375,203.3800048828125,202.3800048828125,2447100.0,199.0928497314453
2019-04-08,203.6300048828125,201.17999267578125,202.7899932861328,202.5399932861328,1891500.0,199.25021362304688
2019-04-09,201.58999633789062,198.86000061035156,201.22999572753906,200.6199951171875,2400900.0,197.3614044189453
2019-04-10,203.1699981689453,200.27000427246094,201.8000030517578,202.97999572753906,1907100.0,199.68310546875
2019-04-11,205.4499969482422,201.57000732421875,204.22999572753906,202.8300018310547,2802100.0,199.5355224609375
2019-04-12,209.97000122070312,206.3699951171875,207.0,207.83999633789062,5096600.0,204.46414184570312
2019-04-15,205.74000549316406,199.6999969482422,204.11000061035156,199.91000366210938,6617200.0,196.6629638671875
2019-04-16,202.94000244140625,199.24000549316406,199.6199951171875,201.83999633789062,4852600.0,198.5615997314453
2019-04-17,208.5,201.77999877929688,201.9600067138672,207.89999389648438,4195300.0,204.52317810058594
2019-04-18,207.86000061035156,205.14999389648438,207.08999633789062,205.91000366210938,2874300.0,202.5655059814453
2019-04-22,205.58999633789062,204.13999938964844,205.1199951171875,204.60000610351562,1591400.0,201.2767791748047
2019-04-23,205.19000244140625,202.74000549316406,204.25,204.13999938964844,2120900.0,200.82424926757812
2019-04-24,203.52000427246094,199.72999572753906,203.0,200.5399932861328,4606100.0,197.28273010253906
2019-04-25,202.55999755859375,199.10000610351562,199.6999969482422,201.39999389648438,2075300.0,198.12875366210938
2019-04-26,203.1199951171875,200.32000732421875,201.72999572753906,203.0800018310547,1543100.0,199.78147888183594
2019-04-29,208.0,203.27000427246094,203.5,206.9199981689453,2997000.0,203.55909729003906
2019-04-30,207.99000549316406,204.14999389648438,206.94000244140625,205.9199981689453,1833000.0,202.57533264160156
2019-05-01,208.41000366210938,204.02999877929688,206.39999389648438,204.72999572753906,1981800.0,201.4046630859375
2019-05-02,206.22000122070312,203.1199951171875,204.42999267578125,204.99000549316406,1514700.0,201.66046142578125
2019-05-03,208.75,205.6699981689453,206.00999450683594,207.52000427246094,1897600.0,204.14935302734375
2019-05-06,206.97999572753906,201.7100067138672,202.8000030517578,206.42999267578125,1927800.0,203.07704162597656
2019-05-07,204.0,201.00999450683594,203.33999633789062,202.6300048828125,2839500.0,199.33877563476562
2019-05-08,203.1999969482422,200.8000030517578,201.39999389648438,200.9499969482422,1817600.0,197.68605041503906
2019-05-09,202.22000122070312,197.91000366210938,199.50999450683594,201.6300048828125,2333400.0,198.3550262451172
2019-05-10,202.10000610351562,198.99000549316406,200.97999572753906,202.0500030517578,2089400.0,198.76820373535156
2019-05-13,197.89999389648438,194.0,197.89999389648438,194.97000122070312,3605600.0,191.80320739746094
2019-05-14,198.1300048828125,194.89999389648438,194.99000549316406,196.27999877929688,2463300.0,193.0919189453125
2019-05-15,197.58999633789062,193.4199981689453,194.63999938964844,196.39999389648438,2271100.0,193.2099609375
2019-05-16,200.0,196.6199951171875,196.6300048828125,199.13999938964844,2008100.0,195.90545654296875
2019-05-17,199.08999633789062,196.3000030517578,196.3000030517578,197.42999267578125,1928300.0,194.2232208251953
2019-05-20,197.77999877929688,195.57000732421875,197.08999633789062,197.24000549316406,2483400.0,194.03634643554688
2019-05-21,199.32000732421875,198.0,198.66000366210938,199.11000061035156,2327600.0,195.87594604492188
2019-05-22,198.47999572753906,195.4600067138672,197.44000244140625,195.52000427246094,2427200.0,192.34426879882812
2019-05-23,193.0,189.55999755859375,193.0,191.97000122070312,3184100.0,188.8519287109375
2019-05-24,194.07000732421875,191.67999267578125,192.88999938964844,193.0,1637200.0,189.86520385742188
2019-05-28,193.30999755859375,189.38999938964844,192.0,189.44000244140625,3040000.0,186.36302185058594
2019-05-29,188.64999389648438,184.9199981689453,187.74000549316406,188.0500030517578,2815800.0,185.8293914794922
2019-05-30,189.3699951171875,186.00999450683594,188.08999633789062,187.3699951171875,1919300.0,185.1574249267578
2019-05-31,184.88999938964844,182.30999755859375,184.77000427246094,182.49000549316406,2640100.0,180.33506774902344
2019-06-03,183.49000549316406,180.72999572753906,181.6999969482422,183.19000244140625,2857800.0,181.02679443359375
2019-06-04,189.99000549316406,185.7100067138672,186.17999267578125,189.8800048828125,2420800.0,187.63778686523438
2019-06-05,190.16000366210938,187.00999450683594,190.10000610351562,188.44000244140625,1967800.0,186.2147979736328
2019-06-06,190.74000549316406,187.30999755859375,188.05999755859375,189.80999755859375,1653500.0,187.56861877441406
2019-06-07,190.61000061035156,188.52000427246094,189.8800048828125,189.80999755859375,1838600.0,187.56861877441406
2019-06-10,197.0,191.39999389648438,191.39999389648438,194.1199951171875,2372000.0,191.8277130126953
2019-06-11,196.1199951171875,193.50999450683594,195.3000030517578,194.72999572753906,1632200.0,192.43051147460938
2019-06-12,194.0500030517578,189.8300018310547,193.61000061035156,190.22000122070312,2058800.0,187.97377014160156
2019-06-13,192.25,190.07000732421875,190.41000366210938,191.4499969482422,1411400.0,189.18923950195312
2019-06-14,192.1699981689453,189.30999755859375,191.2899932861328,191.66000366210938,1403900.0,189.39675903320312
2019-06-17,193.22999572753906,190.74000549316406,192.02000427246094,190.8300018310547,1155600.0,188.57656860351562
2019-06-18,197.1300048828125,190.6699981689453,190.6699981689453,194.97999572753906,2363000.0,192.67755126953125
2019-06-19,197.61000061035156,194.7899932861328,195.35000610351562,195.63999938964844,2196800.0,193.32977294921875
2019-06-20,198.19000244140625,193.61000061035156,197.5,195.6999969482422,2749300.0,193.38905334472656
2019-06-21,198.33999633789062,193.97000122070312,195.33999633789062,195.94000244140625,3365500.0,193.626220703125
2019-06-24,199.35000610351562,196.02999877929688,196.52999877929688,197.49000549316406,2069800.0,195.15792846679688
2019-06-25,197.52000427246094,194.00999450683594,197.5,196.05999755859375,1828300.0,193.74481201171875
2019-06-26,197.8699951171875,196.1199951171875,196.5,197.00999450683594,1649900.0,194.68359375
2019-06-27,199.61000061035156,196.75999450683594,197.57000732421875,199.32000732421875,2239200.0,196.96632385253906
2019-06-28,205.83999633789062,202.94000244140625,203.5,204.60000610351562,4854900.0,202.1839599609375
2019-07-01,209.85000610351562,205.74000549316406,208.0,206.86000061035156,2465700.0,204.4172821044922
2019-07-02,206.30999755859375,204.16000366210938,205.39999389648438,205.97999572753906,1621400.0,203.5476531982422
2019-07-03,207.39999389648438,205.22999572753906,207.3000030517578,206.0399932861328,978800.0,203.60694885253906
2019-07-05,208.75999450683594,206.1999969482422,206.86000061035156,207.89999389648438,1511400.0,205.4449920654297
2019-07-08,207.25,204.7100067138672,206.36000061035156,205.75,1853900.0,203.32037353515625
2019-07-09,207.94000244140625,203.5399932861328,203.75,207.77000427246094,1812100.0,205.31654357910156
2019-07-10,208.99000549316406,205.64999389648438,207.17999267578125,205.97000122070312,1779800.0,203.53778076171875
2019-07-11,212.58999633789062,206.0,206.1999969482422,211.35000610351562,3691600.0,208.854248046875
2019-07-12,214.19000244140625,210.7899932861328,212.0,213.94000244140625,2626000.0,211.41368103027344
2019-07-15,214.60000610351562,209.7899932861328,214.11000061035156,211.5800018310547,2600200.0,209.08152770996094
2019-07-16,217.3300018310547,212.5500030517578,214.8000030517578,215.52000427246094,5283700.0,212.9750213623047
2019-07-17,215.77999877929688,213.16000366210938,213.8300018310547,213.3000030517578,2583500.0,210.78121948242188
2019-07-18,215.8300018310547,211.75,212.7100067138672,214.52000427246094,2859000.0,211.98683166503906
2019-07-19,215.77000427246094,213.35000610351562,214.02000427246094,213.52000427246094,1822300.0,210.99862670898438
2019-07-22,214.86000061035156,212.30999755859375,213.39999389648438,214.0,1907100.0,211.47296142578125
2019-07-23,220.0,214.9499969482422,214.9499969482422,219.42999267578125,3330600.0,216.83883666992188
2019-07-24,222.08999633789062,218.6300048828125,219.25,222.02999877929688,3180000.0,219.40814208984375
2019-07-25,221.77000427246094,218.22999572753906,221.77000427246094,219.97999572753906,2776700.0,217.38233947753906
2019-07-26,222.24000549316406,220.3699951171875,220.4499969482422,222.13999938964844,2304500.0,219.516845703125
2019-07-29,222.1300048828125,220.1999969482422,221.0,220.32000732421875,1372800.0,217.7183380126953
2019-07-30,221.99000549316406,217.3300018310547,218.49000549316406,221.39999389648438,1644600.0,218.7855682373047
2019-07-31,221.97999572753906,219.00999450683594,221.24000549316406,220.1300048828125,1991100.0,217.53057861328125
2019-08-01,219.9499969482422,210.75999450683594,219.35000610351562,211.60000610351562,3070100.0,209.10130310058594
2019-08-02,211.5800018310547,205.30999755859375,211.5800018310547,209.3699951171875,2432100.0,206.8976287841797
2019-08-05,205.82000732421875,199.5800018310547,205.82000732421875,201.67999267578125,2794200.0,199.29843139648438
2019-08-06,206.07000732421875,200.88999938964844,203.55999755859375,206.00999450683594,2349400.0,203.57730102539062
2019-08-07,205.9600067138672,199.0500030517578,201.11000061035156,205.74000549316406,2454200.0,203.3105010986328
2019-08-08,207.8000030517578,203.5399932861328,207.1699981689453,207.0,2342200.0,204.5556182861328
2019-08-09,208.3000030517578,203.86000061035156,205.6199951171875,206.89999389648438,1790100.0,204.456787109375
2019-08-12,204.14999389648438,200.47999572753906,203.27999877929688,201.52000427246094,1479300.0,199.1403350830078
2019-08-13,206.60000610351562,200.22999572753906,201.50999450683594,204.11000061035156,2115900.0,201.6997528076172
2019-08-14,199.91000366210938,195.05999755859375,199.8000030517578,195.55999755859375,3025100.0,193.25070190429688
2019-08-15,196.97000122070312,193.7100067138672,195.91000366210938,196.17999267578125,1981900.0,193.86338806152344
2019-08-16,200.6699981689453,197.0,197.02999877929688,199.4199981689453,1878700.0,197.0651397705078
2019-08-19,204.4499969482422,201.82000732421875,203.80999755859375,202.1999969482422,1646100.0,199.8123016357422
2019-08-20,201.99000549316406,199.6999969482422,200.2100067138672,199.97999572753906,1545600.0,197.61851501464844
2019-08-21,203.02000427246094,200.1699981689453,202.74000549316406,200.67999267578125,1160800.0,198.3102569580078
2019-08-22,203.4499969482422,200.91000366210938,202.27999877929688,202.4199981689453,1275900.0,200.02969360351562
2019-08-23,201.8800048828125,195.19000244140625,200.80999755859375,196.1999969482422,2200500.0,193.88314819335938
2019-08-26,199.7100067138672,198.0,198.27000427246094,199.64999389648438,1441900.0,197.29241943359375
2019-08-27,200.86000061035156,196.5,200.3300018310547,198.07000732421875,1513300.0,195.7310791015625
2019-08-28,201.47000122070312,196.25,196.57000732421875,200.4199981689453,1437800.0,198.05331420898438
2019-08-29,204.3699951171875,201.36000061035156,201.36000061035156,203.44000244140625,1816800.0,202.2993927001953
2019-08-30,205.2100067138672,203.00999450683594,204.85000610351562,203.91000366210938,1529600.0,202.76675415039062
2019-09-03,201.61000061035156,196.5800018310547,201.10000610351562,198.97000122070312,2633600.0,197.8544464111328
2019-09-04,202.10000610351562,200.0500030517578,201.49000549316406,201.72999572753906,1720600.0,200.59896850585938
2019-09-05,208.92999267578125,205.0399932861328,205.27000427246094,207.0500030517578,2237900.0,205.88914489746094
2019-09-06,208.25,205.57000732421875,207.05999755859375,207.2100067138672,1438800.0,206.04824829101562
2019-09-09,213.8800048828125,208.44000244140625,209.22000122070312,211.97999572753906,2734500.0,210.79150390625
2019-09-10,217.08999633789062,213.22000122070312,213.5,215.6300048828125,2615800.0,214.42103576660156
2019-09-11,216.85000610351562,213.36000061035156,215.2100067138672,216.8000030517578,1886300.0,215.58448791503906
2019-09-12,220.75999450683594,215.14999389648438,216.3800048828125,218.74000549316406,2913800.0,217.51361083984375
2019-09-13,221.5,219.1999969482422,220.35000610351562,219.89999389648438,2722400.0,218.66708374023438
2019-09-16,219.3300018310547,216.32000732421875,217.82000732421875,217.22000122070312,2205500.0,216.0021209716797
2019-09-17,216.13999938964844,212.5399932861328,215.8000030517578,215.91000366210938,2429100.0,214.69947814941406
2019-09-18,217.88999938964844,213.3000030517578,214.8300018310547,217.0800018310547,2474900.0,215.8629150390625
2019-09-19,217.92999267578125,215.05999755859375,217.5800018310547,215.22999572753906,1596200.0,214.0232696533203
2019-09-20,216.67999267578125,213.6300048828125,214.66000366210938,213.74000549316406,5458900.0,212.54164123535156
2019-09-23,214.11000061035156,211.55999755859375,212.85000610351562,213.4600067138672,1485500.0,212.26321411132812
2019-09-24,214.1999969482422,206.8000030517578,214.0399932861328,207.75,2837600.0,206.58522033691406
2019-09-25,211.08999633789062,207.4499969482422,207.9600067138672,210.02999877929688,1593400.0,208.85243225097656
2019-09-26,209.97000122070312,208.11000061035156,209.0500030517578,208.22000122070312,1685500.0,207.05258178710938
2019-09-27,210.5500030517578,208.08999633789062,209.85000610351562,208.97000122070312,1530900.0,207.7983856201172
2019-09-30,209.7100067138672,206.8300018310547,209.7100067138672,207.22999572753906,1794500.0,206.06813049316406
2019-10-01,209.3800048828125,202.61000061035156,207.00999450683594,202.69000244140625,3156200.0,201.5535888671875
2019-10-02,201.8800048828125,197.60000610351562,201.69000244140625,198.25,3386800.0,197.13848876953125
2019-10-03,198.3699951171875,193.99000549316406,197.61000061035156,197.24000549316406,2914500.0,196.1341552734375
2019-10-04,201.22999572753906,196.0399932861328,196.99000549316406,200.8000030517578,3021100.0,199.6741943359375
2019-10-07,202.52999877929688,199.47000122070312,200.7899932861328,200.39999389648438,2202200.0,199.27642822265625
2019-10-08,198.9499969482422,195.9199981689453,197.60000610351562,197.3699951171875,2654900.0,196.26341247558594
2019-10-09,198.97999572753906,196.67999267578125,198.19000244140625,196.85000610351562,2443500.0,195.746337890625
2019-10-10,201.32000732421875,197.5399932861328,197.58999633789062,199.8699951171875,2108000.0,198.7493896484375
2019-10-11,207.2899932861328,203.72000122070312,203.72000122070312,204.67999267578125,3334300.0,203.5324249267578
2019-10-14,206.1699981689453,202.9199981689453,203.8300018310547,205.82000732421875,2286100.0,204.66604614257812
2019-10-15,208.24000549316406,198.61000061035156,202.0,206.4600067138672,8241900.0,205.30245971679688
2019-10-16,208.6199951171875,206.10000610351562,206.1699981689453,207.4199981689453,3405800.0,206.25706481933594
2019-10-17,208.92999267578125,204.38999938964844,208.2899932861328,206.4600067138672,2876500.0,205.30245971679688
2019-10-18,208.05999755859375,204.99000549316406,204.99000549316406,206.52000427246094,2207000.0,205.36212158203125
2019-10-21,210.86000061035156,207.67999267578125,208.6699981689453,209.25,1934900.0,208.07681274414062
2019-10-22,211.64999389648438,208.30999755859375,209.58999633789062,209.60000610351562,1868000.0,208.4248504638672
2019-10-23,212.02000427246094,209.0,209.22000122070312,211.32000732421875,1574500.0,210.1352081298828
2019-10-24,213.14999389648438,209.77999877929688,211.61000061035156,211.0500030517578,1266500.0,209.86671447753906
2019-10-25,215.4199981689453,210.17999267578125,210.17999267578125,214.22999572753906,2602100.0,213.0288848876953
2019-10-28,218.9199981689453,215.69000244140625,216.32000732421875,217.75,2707800.0,216.52914428710938
2019-10-29,219.27999877929688,216.4499969482422,217.22000122070312,217.63999938964844,2030400.0,216.41976928710938
2019-10-30,217.0500030517578,213.80999755859375,217.02000427246094,215.80999755859375,1584900.0,214.6000213623047
2019-10-31,215.36000061035156,211.32000732421875,215.14999389648438,213.3800048828125,1876200.0,212.18365478515625
2019-11-01,217.88999938964844,214.75,215.25999450683594,217.38999938964844,2112300.0,216.17117309570312
2019-11-04,220.69000244140625,218.57000732421875,219.6999969482422,219.8699951171875,2538100.0,218.63726806640625
2019-11-05,221.77999877929688,218.47000122070312,220.8000030517578,218.63999938964844,2525100.0,217.41415405273438
2019-11-06,219.07000732421875,216.5500030517578,218.00999450683594,218.4199981689453,1863000.0,217.1953887939453
2019-11-07,224.77000427246094,220.41000366210938,220.77000427246094,223.2899932861328,3748600.0,222.0380859375
2019-11-08,223.22999572753906,221.10000610351562,223.0,222.91000366210938,1610800.0,221.6602325439453
2019-11-11,221.41000366210938,218.52000427246094,220.89999389648438,219.02999877929688,2754500.0,217.80197143554688
2019-11-12,221.11000061035156,217.92999267578125,218.55999755859375,220.41000366210938,1891600.0,219.1742401123047
2019-11-13,219.83999633789062,217.00999450683594,218.38999938964844,219.32000732421875,1756000.0,218.09036254882812
2019-11-14,220.47000122070312,218.02999877929688,218.7899932861328,219.42999267578125,1483100.0,218.19972229003906
2019-11-15,221.08999633789062,219.0399932861328,220.0,220.25,1693100.0,219.01513671875
2019-11-18,219.9499969482422,218.0399932861328,219.72999572753906,219.72999572753906,1603400.0,218.498046875
2019-11-19,220.67999267578125,218.30999755859375,220.55999755859375,220.0399932861328,1817100.0,218.80630493164062
2019-11-20,219.47000122070312,216.39999389648438,218.36000061035156,217.91000366210938,2177700.0,216.68826293945312
2019-11-21,219.32000732421875,216.82000732421875,218.60000610351562,218.22999572753906,1677500.0,217.00645446777344
2019-11-22,220.7100067138672,218.0,218.0,220.27999877929688,1529100.0,219.0449676513672
2019-11-25,223.9499969482422,220.88999938964844,220.88999938964844,222.75,2181800.0,221.50111389160156
2019-11-26,222.75999450683594,221.11000061035156,222.67999267578125,222.4499969482422,1926300.0,221.2028045654297
2019-11-27,224.27999877929688,221.86000061035156,223.4499969482422,222.9499969482422,1614600.0,221.6999969482422
2019-11-29,222.0,220.41000366210938,220.8800048828125,221.35000610351562,770400.0,221.35000610351562
2019-12-02,221.8000030517578,217.0800018310547,220.97000122070312,217.63999938964844,2118500.0,217.63999938964844
2019-12-03,215.42999267578125,210.0,215.42999267578125,212.24000549316406,3207100.0,212.24000549316406
2019-12-04,216.99000549316406,212.3800048828125,213.5399932861328,215.94000244140625,1583600.0,215.94000244140625
2019-12-05,217.6300048828125,215.4199981689453,217.14999389648438,217.13999938964844,1329300.0,217.13999938964844
2019-12-06,225.39999389648438,218.82000732421875,219.9499969482422,224.61000061035156,4229400.0,224.61000061035156
2019-12-09,224.64999389648438,221.77000427246094,224.61000061035156,221.80999755859375,2134600.0,221.80999755859375
2019-12-10,222.8800048828125,220.5500030517578,221.6699981689453,221.8800048828125,1854100.0,221.8800048828125
2019-12-11,222.85000610351562,220.83999633789062,222.25,221.19000244140625,1778600.0,221.19000244140625
2019-12-12,226.77999877929688,220.60000610351562,221.91000366210938,226.0500030517578,2974300.0,226.0500030517578
2019-12-13,227.99000549316406,223.6999969482422,226.72000122070312,225.0,1908200.0,225.0
2019-12-16,230.6999969482422,227.8699951171875,228.5,228.0399932861328,3218400.0,228.0399932861328
2019-12-17,232.07000732421875,228.8000030517578,230.0,231.14999389648438,3590000.0,231.14999389648438
2019-12-18,232.1999969482422,229.94000244140625,231.97000122070312,230.4499969482422,2280800.0,230.4499969482422
2019-12-19,231.38999938964844,228.9600067138672,230.9499969482422,229.94000244140625,2418100.0,229.94000244140625
2019-12-20,231.2899932861328,228.6199951171875,230.9600067138672,228.92999267578125,3715500.0,228.92999267578125
2019-12-23,230.47999572753906,228.41000366210938,229.66000366210938,229.08999633789062,1670400.0,229.08999633789062
2019-12-24,229.9499969482422,228.3699951171875,228.97999572753906,229.91000366210938,467700.0,229.91000366210938
2019-12-26,232.1999969482422,229.99000549316406,230.25999450683594,231.2100067138672,1704000.0,231.2100067138672
2019-12-27,232.2100067138672,230.47000122070312,231.80999755859375,230.66000366210938,1343900.0,230.66000366210938
2019-12-30,231.67999267578125,229.5,231.67999267578125,229.8000030517578,1494500.0,229.8000030517578
2019-12-31,229.97000122070312,228.6699981689453,229.7100067138672,229.92999267578125,1447200.0,229.92999267578125
2020-01-02,234.63999938964844,230.16000366210938,231.0,234.32000732421875,3736300.0,234.32000732421875
2020-01-03,232.61000061035156,230.3000030517578,231.60000610351562,231.5800018310547,2274500.0,231.5800018310547
2020-01-06,234.02000427246094,229.49000549316406,229.92999267578125,233.9499969482422,3329300.0,233.9499969482422
2020-01-07,237.77000427246094,234.75999450683594,235.0,235.49000549316406,5255200.0,235.49000549316406
2020-01-08,239.75,235.47999572753906,235.67999267578125,237.75999450683594,3564700.0,237.75999450683594
2020-01-09,243.39999389648438,239.82000732421875,241.33999633789062,242.60000610351562,3980700.0,242.60000610351562
2020-01-10,243.38999938964844,241.38999938964844,242.75,242.11000061035156,2248100.0,242.11000061035156
2020-01-13,246.11000061035156,243.0,244.44000244140625,245.2100067138672,3359200.0,245.2100067138672
2020-01-14,248.52000427246094,244.60000610351562,245.32000732421875,245.66000366210938,4302800.0,245.66000366210938
2020-01-15,249.5,239.16000366210938,242.0,245.2100067138672,5411200.0,245.2100067138672
2020-01-16,249.82000732421875,246.22999572753906,247.00999450683594,249.72000122070312,3968400.0,249.72000122070312
2020-01-17,250.4600067138672,248.0,250.22999572753906,249.4600067138672,3108400.0,249.4600067138672
2020-01-21,248.85000610351562,245.60000610351562,247.2100067138672,245.6999969482422,2492400.0,245.6999969482422
2020-01-22,248.52000427246094,246.33999633789062,246.61000061035156,247.0500030517578,2030900.0,247.0500030517578
2020-01-23,247.0,242.8800048828125,244.5,245.5800018310547,2806800.0,245.5800018310547
2020-01-24,245.7100067138672,240.60000610351562,245.07000732421875,241.9199981689453,2877400.0,241.9199981689453
2020-01-27,238.99000549316406,235.00999450683594,236.3699951171875,238.13999938964844,2506200.0,238.13999938964844
2020-01-28,243.5800018310547,238.0500030517578,239.49000549316406,242.5800018310547,3123000.0,242.5800018310547
2020-01-29,246.5,239.57000732421875,244.52000427246094,240.1199951171875,3711600.0,240.1199951171875
2020-01-30,244.33999633789062,236.72999572753906,237.69000244140625,244.1300048828125,3261700.0,244.1300048828125
2020-01-31,242.88999938964844,236.8800048828125,241.99000549316406,237.75,3482100.0,237.75
