Date,High,Low,Open,Close,Volume,Adj Close
2017-01-30,138.49000549316406,136.86000061035156,137.99000549316406,138.47000122070312,2705000.0,128.85089111328125
2017-01-31,138.6199951171875,136.85000610351562,137.6300048828125,137.5800018310547,3227000.0,128.02272033691406
2017-02-01,137.9600067138672,136.52999877929688,137.66000366210938,137.44000244140625,2968800.0,127.89246368408203
2017-02-02,137.5500030517578,136.55999755859375,137.47000122070312,136.9499969482422,2197600.0,127.43648529052734
2017-02-03,138.47000122070312,136.97000122070312,137.25999450683594,137.97999572753906,2654700.0,128.39492797851562
2017-02-06,137.89999389648438,136.4499969482422,137.42999267578125,136.49000549316406,3864100.0,127.00843048095703
2017-02-07,137.6999969482422,136.3300018310547,137.16000366210938,136.64999389648438,3242000.0,127.15731048583984
2017-02-08,137.91000366210938,136.82000732421875,136.88999938964844,137.8800048828125,2882700.0,128.30191040039062
2017-02-09,139.14999389648438,137.41000366210938,137.8800048828125,138.7100067138672,2931900.0,129.07421875
2017-02-10,140.57000732421875,138.25,138.60000610351562,139.85000610351562,3297000.0,130.13504028320312
2017-02-13,140.64999389648438,139.0500030517578,140.47999572753906,139.8699951171875,2753000.0,130.15365600585938
2017-02-14,141.3699951171875,139.33999633789062,139.9499969482422,141.36000061035156,4775800.0,131.54014587402344
2017-02-15,142.66000366210938,140.9499969482422,141.27000427246094,142.19000244140625,4343500.0,132.31246948242188
2017-02-16,142.99000549316406,140.89999389648438,142.38999938964844,141.5399932861328,4295800.0,131.70761108398438
2017-02-17,143.1199951171875,141.0,141.36000061035156,143.0,5108400.0,133.06622314453125
2017-02-21,145.64999389648438,143.25,145.60000610351562,145.02000427246094,9275900.0,134.94589233398438
2017-02-22,145.47000122070312,143.97000122070312,145.0500030517578,145.25,5037800.0,135.15989685058594
2017-02-23,146.3300018310547,144.50999450683594,146.11000061035156,144.7100067138672,4184000.0,134.6574249267578
2017-02-24,146.0800018310547,144.64999389648438,144.64999389648438,145.9499969482422,3516900.0,135.81124877929688
2017-02-27,146.00999450683594,144.8000030517578,145.8699951171875,145.3000030517578,4388400.0,135.20645141601562
2017-02-28,145.6300048828125,144.47000122070312,144.97999572753906,144.91000366210938,4211900.0,134.8435516357422
2017-03-01,147.6999969482422,145.88999938964844,146.72000122070312,146.67999267578125,6213500.0,136.4905548095703
2017-03-02,148.22999572753906,146.38999938964844,147.0800018310547,147.9499969482422,4053400.0,137.67234802246094
2017-03-03,148.25999450683594,146.82000732421875,147.9499969482422,147.80999755859375,3412300.0,137.5420684814453
2017-03-06,147.50999450683594,146.5800018310547,147.1300048828125,147.1300048828125,3998000.0,136.90931701660156
2017-03-07,146.9499969482422,145.8300018310547,146.3300018310547,146.02000427246094,3996300.0,136.70333862304688
2017-03-08,147.1199951171875,145.9199981689453,146.22000122070312,146.9199981689453,3614500.0,137.5459442138672
2017-03-09,147.16000366210938,146.52999877929688,147.0800018310547,146.6199951171875,3594000.0,137.26504516601562
2017-03-10,147.4600067138672,146.4499969482422,147.24000549316406,146.85000610351562,3123200.0,137.48040771484375
2017-03-13,147.6699981689453,146.5,147.3300018310547,147.42999267578125,2933300.0,138.02337646484375
2017-03-14,147.58999633789062,146.4600067138672,147.27000427246094,147.16000366210938,3272500.0,137.77061462402344
2017-03-15,148.3800048828125,146.75999450683594,147.35000610351562,147.9499969482422,3670500.0,138.5102081298828
2017-03-16,149.19000244140625,148.00999450683594,148.39999389648438,148.72999572753906,3544500.0,139.24044799804688
2017-03-17,149.99000549316406,148.1300048828125,149.39999389648438,149.60000610351562,9002000.0,140.05494689941406
2017-03-20,149.58999633789062,147.6999969482422,149.3800048828125,147.8000030517578,5906100.0,138.3697967529297
2017-03-21,148.6999969482422,146.25999450683594,148.3300018310547,146.61000061035156,4530000.0,137.25570678710938
2017-03-22,147.92999267578125,146.05999755859375,146.72999572753906,147.36000061035156,3169000.0,137.95785522460938
2017-03-23,148.41000366210938,147.02999877929688,147.27999877929688,147.99000549316406,3219400.0,138.54766845703125
2017-03-24,150.14999389648438,147.00999450683594,147.85000610351562,147.7100067138672,4735400.0,138.2855224609375
2017-03-27,147.67999267578125,146.25999450683594,147.07000732421875,146.8699951171875,2943000.0,137.49911499023438
2017-03-28,147.35000610351562,145.94000244140625,147.2899932861328,147.1999969482422,4635600.0,137.80807495117188
2017-03-29,147.4199981689453,145.9600067138672,146.3699951171875,147.0399932861328,3730000.0,137.65826416015625
2017-03-30,147.3800048828125,146.42999267578125,146.72000122070312,146.9499969482422,2450800.0,137.57400512695312
2017-03-31,147.17999267578125,146.64999389648438,146.8699951171875,146.8300018310547,3248700.0,137.461669921875
2017-04-03,147.1999969482422,146.08999633789062,146.94000244140625,146.6199951171875,3775300.0,137.26504516601562
2017-04-04,146.89999389648438,146.0500030517578,146.5,146.33999633789062,3124200.0,137.0029296875
2017-04-05,148.44000244140625,146.5800018310547,146.6300048828125,146.63999938964844,3390400.0,137.2838134765625
2017-04-06,147.9600067138672,147.0,147.0399932861328,147.24000549316406,2699100.0,137.8455352783203
2017-04-07,147.8000030517578,146.89999389648438,147.10000610351562,147.1300048828125,2869100.0,137.74253845214844
2017-04-10,149.0,146.75,146.9600067138672,148.2100067138672,5044500.0,138.7536163330078
2017-04-11,148.64999389648438,147.10000610351562,147.91000366210938,148.1999969482422,2844800.0,138.74424743652344
2017-04-12,147.57000732421875,146.3699951171875,147.4199981689453,146.5399932861328,4445600.0,137.19015502929688
2017-04-13,147.00999450683594,145.8699951171875,146.4199981689453,145.91000366210938,2346900.0,136.60037231445312
2017-04-17,147.30999755859375,145.75999450683594,145.89999389648438,147.30999755859375,3467700.0,137.9110565185547
2017-04-18,148.17999267578125,146.77000427246094,147.05999755859375,147.75999450683594,2969400.0,138.3323516845703
2017-04-19,148.39999389648438,147.02000427246094,147.92999267578125,147.22000122070312,3461000.0,137.82676696777344
2017-04-20,149.0500030517578,147.44000244140625,147.66000366210938,148.72000122070312,3700500.0,139.2310791015625
2017-04-21,150.14999389648438,148.39999389648438,148.49000549316406,150.0,5019900.0,140.4293975830078
2017-04-24,152.05999755859375,150.85000610351562,151.0800018310547,151.88999938964844,5077200.0,142.19883728027344
2017-04-25,154.64999389648438,152.7899932861328,152.7899932861328,153.02999877929688,5496500.0,143.26608276367188
2017-04-26,154.80999755859375,152.39999389648438,153.11000061035156,154.22000122070312,5120200.0,144.3801727294922
2017-04-27,156.27000427246094,153.88999938964844,154.69000244140625,156.1199951171875,5881400.0,146.15895080566406
2017-04-28,156.25,154.10000610351562,156.00999450683594,156.10000610351562,4983000.0,146.14019775390625
2017-05-01,156.27000427246094,154.2100067138672,156.22000122070312,154.2100067138672,3152900.0,144.3708038330078
2017-05-02,155.16000366210938,153.75999450683594,154.49000549316406,154.9499969482422,3295100.0,145.06358337402344
2017-05-03,155.38999938964844,154.58999633789062,155.16000366210938,155.0,2445500.0,145.11038208007812
2017-05-04,155.63999938964844,154.25999450683594,155.4600067138672,154.86000061035156,3793100.0,144.97930908203125
2017-05-05,155.75,154.08999633789062,155.33999633789062,155.72999572753906,2500600.0,145.79380798339844
2017-05-08,157.16000366210938,155.49000549316406,155.85000610351562,156.88999938964844,3184600.0,146.87979125976562
2017-05-09,157.74000549316406,156.2899932861328,157.0399932861328,157.67999267578125,3004400.0,147.61936950683594
2017-05-10,158.14999389648438,157.3000030517578,157.52000427246094,158.1300048828125,2617600.0,148.0406951904297
2017-05-11,157.6999969482422,155.3300018310547,157.35000610351562,156.1999969482422,3929100.0,146.2338104248047
2017-05-12,157.1999969482422,155.75,156.38999938964844,156.9199981689453,2926400.0,146.90789794921875
2017-05-15,157.83999633789062,156.66000366210938,157.27999877929688,157.3300018310547,6068900.0,147.29173278808594
2017-05-16,160.86000061035156,158.0500030517578,160.11000061035156,158.25999450683594,10120900.0,148.16238403320312
2017-05-17,158.25999450683594,155.88999938964844,158.25999450683594,156.08999633789062,5937000.0,146.13084411621094
2017-05-18,156.6699981689453,155.24000549316406,155.47999572753906,155.6999969482422,4858600.0,145.76573181152344
2017-05-19,156.74000549316406,155.32000732421875,156.0399932861328,156.3000030517578,4781800.0,146.32745361328125
2017-05-22,157.0,155.8000030517578,156.49000549316406,155.9600067138672,3802100.0,146.00914001464844
2017-05-23,156.42999267578125,154.67999267578125,155.91000366210938,154.8300018310547,4640900.0,144.95123291015625
2017-05-24,155.42999267578125,153.2899932861328,154.6999969482422,155.0,4558700.0,145.11038208007812
2017-05-25,156.69000244140625,155.35000610351562,156.1999969482422,156.4600067138672,3110800.0,146.47726440429688
2017-05-26,156.4199981689453,154.63999938964844,156.10000610351562,154.89999389648438,4284700.0,145.01675415039062
2017-05-30,154.55999755859375,153.52000427246094,154.0,153.8800048828125,3504300.0,144.8943634033203
2017-05-31,154.3800048828125,153.27999877929688,154.36000061035156,153.50999450683594,7158400.0,144.54595947265625
2017-06-01,155.16000366210938,152.74000549316406,153.52000427246094,155.14999389648438,3385100.0,146.09019470214844
2017-06-02,155.86000061035156,154.4199981689453,154.7899932861328,155.35000610351562,3485600.0,146.2785186767578
2017-06-05,155.6199951171875,154.22999572753906,155.52999877929688,154.7899932861328,2651800.0,145.751220703125
2017-06-06,154.66000366210938,153.64999389648438,154.44000244140625,154.1999969482422,3260300.0,145.19564819335938
2017-06-07,155.3000030517578,154.35000610351562,154.69000244140625,154.9600067138672,3159000.0,145.9113006591797
2017-06-08,155.22999572753906,153.3800048828125,154.9600067138672,153.5,4041600.0,144.5365447998047
2017-06-09,154.0,152.77999877929688,154.0,152.9600067138672,4705300.0,144.02809143066406
2017-06-12,153.3000030517578,151.72999572753906,152.8000030517578,152.17999267578125,4473900.0,143.2936248779297
2017-06-13,154.0399932861328,152.05999755859375,152.30999755859375,153.99000549316406,3753800.0,144.9979248046875
2017-06-14,157.27999877929688,153.9600067138672,154.5,156.75999450683594,5999400.0,147.606201171875
2017-06-15,157.27000427246094,154.9199981689453,156.1300048828125,156.77000427246094,3972300.0,147.6156005859375
2017-06-16,156.69000244140625,155.41000366210938,156.25,156.63999938964844,9105400.0,147.49319458007812
2017-06-19,159.02999877929688,156.38999938964844,156.91000366210938,158.80999755859375,5196100.0,149.5364990234375
2017-06-20,159.22000122070312,157.60000610351562,158.72999572753906,157.6699981689453,4201200.0,148.46307373046875
2017-06-21,158.52999877929688,156.42999267578125,157.91000366210938,156.58999633789062,4071300.0,147.4461212158203
2017-06-22,157.07000732421875,155.47000122070312,156.44000244140625,155.47999572753906,3347400.0,146.40093994140625
2017-06-23,155.22999572753906,150.91000366210938,155.16000366210938,151.30999755859375,11422200.0,142.4744110107422
2017-06-26,151.97000122070312,151.1300048828125,151.6699981689453,151.4199981689453,4128500.0,142.57801818847656
2017-06-27,153.25,150.75,151.05999755859375,152.24000549316406,4567100.0,143.35012817382812
2017-06-28,153.4499969482422,152.36000061035156,152.75,153.22999572753906,5087000.0,144.2823486328125
2017-06-29,153.0,151.52000427246094,152.77000427246094,152.16000366210938,2855400.0,143.27481079101562
2017-06-30,154.0,152.27000427246094,152.50999450683594,153.39999389648438,3640900.0,144.44241333007812
2017-07-03,154.7899932861328,153.7100067138672,154.38999938964844,154.00999450683594,1658500.0,145.0167694091797
2017-07-05,154.2899932861328,151.4600067138672,154.00999450683594,152.69000244140625,4432500.0,143.7738800048828
2017-07-06,152.47999572753906,151.22000122070312,151.77000427246094,152.0500030517578,3408500.0,143.17124938964844
2017-07-07,152.8699951171875,151.89999389648438,152.0399932861328,152.22999572753906,3775400.0,143.34072875976562
2017-07-10,152.25999450683594,151.0,152.22000122070312,151.17999267578125,5081100.0,142.35203552246094
2017-07-11,151.80999755859375,150.5,151.4499969482422,150.60000610351562,5642000.0,141.805908203125
2017-07-12,153.13999938964844,151.08999633789062,151.4600067138672,152.58999633789062,4275900.0,143.67971801757812
2017-07-13,154.1300048828125,152.60000610351562,152.82000732421875,153.2899932861328,3288000.0,144.3388214111328
2017-07-14,153.6699981689453,151.82000732421875,153.22000122070312,152.8800048828125,3588400.0,143.95277404785156
2017-07-17,154.5,152.72000122070312,152.89999389648438,153.88999938964844,4166600.0,144.90379333496094
2017-07-18,153.86000061035156,151.97999572753906,153.75,152.1699981689453,3783600.0,143.2842254638672
2017-07-19,154.0,152.5500030517578,152.5500030517578,153.3000030517578,2808400.0,144.3482208251953
2017-07-20,152.57000732421875,145.61000061035156,152.55999755859375,147.02999877929688,18264100.0,138.44436645507812
2017-07-21,147.4600067138672,146.1300048828125,147.02999877929688,146.64999389648438,9120200.0,138.0865478515625
2017-07-24,146.69000244140625,144.25,146.61000061035156,144.5800018310547,7295900.0,136.13743591308594
2017-07-25,147.39999389648438,145.27999877929688,145.74000549316406,146.97000122070312,5002400.0,138.3878631591797
2017-07-26,147.25,145.9600067138672,146.86000061035156,146.69000244140625,2836000.0,138.12420654296875
2017-07-27,147.86000061035156,145.88999938964844,146.17999267578125,147.72999572753906,5399000.0,139.10348510742188
2017-07-28,148.27000427246094,147.32000732421875,147.89999389648438,148.0800018310547,3421100.0,139.4330596923828
2017-07-31,149.97999572753906,147.5399932861328,148.0,149.60000610351562,5253300.0,140.86431884765625
2017-08-01,150.38999938964844,148.9499969482422,150.24000549316406,149.85000610351562,4110600.0,141.09970092773438
2017-08-02,150.86000061035156,149.9199981689453,149.94000244140625,150.5,3754200.0,141.71173095703125
2017-08-03,152.02999877929688,150.5,150.6999969482422,150.7899932861328,5146600.0,141.98480224609375
2017-08-04,152.75,150.8000030517578,151.00999450683594,152.75,3258600.0,143.83035278320312
2017-08-07,154.47000122070312,152.47000122070312,152.8300018310547,153.35000610351562,3833600.0,144.39532470703125
2017-08-08,154.1999969482422,153.0800018310547,153.32000732421875,153.35000610351562,3218900.0,144.39532470703125
2017-08-09,155.57000732421875,153.32000732421875,153.35000610351562,155.25999450683594,3844900.0,146.19378662109375
2017-08-10,155.97999572753906,153.8800048828125,155.19000244140625,153.8800048828125,4433700.0,144.8943634033203
2017-08-11,155.72000122070312,153.97999572753906,154.11000061035156,154.8800048828125,3650500.0,145.83596801757812
2017-08-14,156.0500030517578,153.55999755859375,156.0399932861328,154.25999450683594,6662500.0,145.25216674804688
2017-08-15,154.8000030517578,148.25999450683594,154.27999877929688,150.1699981689453,13528700.0,141.40098571777344
2017-08-16,152.9499969482422,151.16000366210938,151.4499969482422,152.25,6043900.0,143.3595428466797
2017-08-17,152.14999389648438,149.61000061035156,151.80999755859375,149.6699981689453,4460900.0,140.93017578125
2017-08-18,149.61000061035156,146.9600067138672,149.61000061035156,147.49000549316406,6989100.0,138.8775177001953
2017-08-21,149.8800048828125,146.88999938964844,147.10000610351562,149.1999969482422,4222500.0,140.48764038085938
2017-08-22,150.5800018310547,149.2899932861328,149.2899932861328,149.91000366210938,3268100.0,141.1562042236328
2017-08-23,149.47999572753906,147.42999267578125,148.5800018310547,149.10000610351562,5235400.0,140.3935089111328
2017-08-24,150.60000610351562,147.97999572753906,149.72999572753906,148.25,3736000.0,139.5931396484375
2017-08-25,150.52999877929688,148.39999389648438,148.50999450683594,149.64999389648438,3048000.0,140.91136169433594
2017-08-28,152.38999938964844,150.42999267578125,151.94000244140625,151.38999938964844,6845400.0,142.54977416992188
2017-08-29,150.89999389648438,149.02999877929688,150.07000732421875,149.83999633789062,5368700.0,141.92462158203125
2017-08-30,150.25,149.27999877929688,150.0,150.0,3641000.0,142.07618713378906
2017-08-31,150.92999267578125,149.85000610351562,150.61000061035156,149.8699951171875,6083300.0,141.9530487060547
2017-09-01,150.94000244140625,149.75999450683594,150.25999450683594,150.77999877929688,3383000.0,142.81497192382812
2017-09-05,153.9199981689453,151.6999969482422,151.7100067138672,152.92999267578125,7488800.0,144.85137939453125
2017-09-06,157.02999877929688,154.14999389648438,154.86000061035156,156.55999755859375,8126000.0,148.2896270751953
2017-09-07,159.27999877929688,156.7899932861328,158.1699981689453,157.92999267578125,8273100.0,149.58726501464844
2017-09-08,160.69000244140625,157.52000427246094,159.08999633789062,159.66000366210938,10088600.0,151.2258758544922
2017-09-11,158.74000549316406,156.22000122070312,158.4199981689453,158.3699951171875,8847900.0,150.00404357910156
2017-09-12,160.92999267578125,158.7100067138672,159.05999755859375,159.91000366210938,5794600.0,151.4626922607422
2017-09-13,161.3800048828125,159.5500030517578,160.38999938964844,160.02000427246094,4713700.0,151.56690979003906
2017-09-14,160.85000610351562,159.3300018310547,160.35000610351562,159.3800048828125,5290800.0,150.96066284179688
2017-09-15,159.99000549316406,158.2899932861328,159.97999572753906,158.39999389648438,9124200.0,150.03245544433594
2017-09-18,159.0,157.69000244140625,159.0,157.80999755859375,4010600.0,149.47361755371094
2017-09-19,158.32000732421875,157.16000366210938,157.8000030517578,157.66000366210938,3713400.0,149.33155822753906
2017-09-20,159.38999938964844,157.36000061035156,157.57000732421875,158.67999267578125,4599200.0,150.29766845703125
2017-09-21,159.55999755859375,158.72000122070312,158.8699951171875,159.19000244140625,3082100.0,150.7807159423828
2017-09-22,160.08999633789062,159.00999450683594,159.13999938964844,159.97000122070312,3576500.0,151.51951599121094
2017-09-25,161.42999267578125,159.75,160.0500030517578,161.10000610351562,4897700.0,152.58982849121094
2017-09-26,162.0,160.7899932861328,161.5500030517578,161.25999450683594,3222600.0,152.7413787841797
2017-09-27,161.69000244140625,160.13999938964844,161.3800048828125,160.9199981689453,3966200.0,152.41932678222656
2017-09-28,162.4499969482422,160.66000366210938,160.72000122070312,162.36000061035156,4614100.0,153.7832794189453
2017-09-29,163.61000061035156,162.14999389648438,162.5,163.55999755859375,3467400.0,154.9198760986328
2017-10-02,164.25,163.22000122070312,164.1999969482422,164.02000427246094,2721400.0,155.3555450439453
2017-10-03,165.27999877929688,164.0,164.05999755859375,165.1699981689453,3046400.0,156.44482421875
2017-10-04,166.0800018310547,164.91000366210938,165.49000549316406,165.2899932861328,2746500.0,156.5584716796875
2017-10-05,166.25,164.25999450683594,165.07000732421875,166.1199951171875,3504900.0,157.34461975097656
2017-10-06,166.6300048828125,165.74000549316406,166.17999267578125,165.85000610351562,2916300.0,157.0889129638672
2017-10-09,166.6300048828125,165.4199981689453,166.13999938964844,165.7100067138672,2131800.0,156.95631408691406
2017-10-10,165.8000030517578,164.63999938964844,165.6999969482422,165.16000366210938,2755400.0,156.43533325195312
2017-10-11,165.8699951171875,164.4499969482422,165.19000244140625,165.25,2319300.0,156.52059936523438
2017-10-12,165.41000366210938,164.47000122070312,165.41000366210938,164.58999633789062,3397800.0,155.8954620361328
2017-10-13,166.07000732421875,164.35000610351562,164.9199981689453,164.47000122070312,3259000.0,155.78179931640625
2017-10-16,164.6699981689453,163.25999450683594,164.47000122070312,164.22000122070312,2586700.0,155.54501342773438
2017-10-17,164.9199981689453,161.50999450683594,164.22000122070312,163.35000610351562,4189200.0,154.72096252441406
2017-10-18,164.24000549316406,163.35000610351562,163.4199981689453,163.4499969482422,2757900.0,154.815673828125
2017-10-19,164.11000061035156,162.77000427246094,163.5,163.24000549316406,2676100.0,154.6167755126953
2017-10-20,164.14999389648438,162.74000549316406,163.97000122070312,163.42999267578125,4166500.0,154.79672241210938
2017-10-23,166.27000427246094,163.75,164.0399932861328,164.74000549316406,3995100.0,156.03753662109375
2017-10-24,166.4600067138672,164.64999389648438,164.6699981689453,166.02999877929688,3686700.0,157.25938415527344
2017-10-25,166.9499969482422,165.3800048828125,166.11000061035156,166.07000732421875,4189400.0,157.29727172851562
2017-10-26,167.94000244140625,166.11000061035156,166.38999938964844,167.64999389648438,3750500.0,158.79380798339844
2017-10-27,167.75,166.4600067138672,166.8000030517578,167.33999633789062,3720400.0,158.5001678466797
2017-10-30,166.99000549316406,164.8800048828125,166.99000549316406,165.30999755859375,3906300.0,156.57740783691406
2017-10-31,166.33999633789062,165.10000610351562,165.39999389648438,165.77999877929688,2922400.0,157.02256774902344
2017-11-01,166.74000549316406,165.1199951171875,166.4199981689453,165.3800048828125,3568300.0,156.64373779296875
2017-11-02,165.00999450683594,160.52999877929688,165.00999450683594,162.7100067138672,6518900.0,154.11477661132812
2017-11-03,164.99000549316406,162.67999267578125,163.00999450683594,164.38999938964844,3080900.0,155.7060089111328
2017-11-06,164.8800048828125,163.00999450683594,164.8000030517578,164.22000122070312,3275500.0,155.54501342773438
2017-11-07,164.39999389648438,162.8300018310547,164.08999633789062,163.66000366210938,3198100.0,155.0146026611328
2017-11-08,164.67999267578125,163.27000427246094,163.33999633789062,164.0500030517578,2912900.0,155.3839874267578
2017-11-09,164.13999938964844,162.27999877929688,164.10000610351562,163.27000427246094,3405200.0,154.6452178955078
2017-11-10,164.5800018310547,162.92999267578125,163.33999633789062,164.11000061035156,3554900.0,155.4407958984375
2017-11-13,166.63999938964844,164.25,164.63999938964844,165.35000610351562,7189300.0,156.61532592773438
2017-11-14,168.13999938964844,163.14999389648438,163.6199951171875,168.05999755859375,10284000.0,159.1821746826172
2017-11-15,167.44000244140625,165.35000610351562,167.44000244140625,165.47000122070312,5534500.0,156.7289581298828
2017-11-16,167.75999450683594,166.05999755859375,166.67999267578125,167.5,4587900.0,158.6517333984375
2017-11-17,168.42999267578125,166.05999755859375,167.0,167.74000549316406,4530100.0,158.8790740966797
2017-11-20,170.69000244140625,167.8000030517578,168.13999938964844,170.4499969482422,4699900.0,161.44590759277344
2017-11-21,172.86000061035156,170.14999389648438,170.52999877929688,172.86000061035156,6229000.0,163.72860717773438
2017-11-22,172.94000244140625,172.0399932861328,172.88999938964844,172.05999755859375,4133500.0,162.97084045410156
2017-11-24,173.10000610351562,171.74000549316406,172.11000061035156,172.3300018310547,1853600.0,163.22657775878906
2017-11-27,174.91000366210938,172.3800048828125,172.8699951171875,174.16000366210938,4539100.0,164.95993041992188
2017-11-28,176.77000427246094,172.99000549316406,174.88999938964844,176.57000732421875,6049000.0,167.2426300048828
2017-11-29,178.42999267578125,175.67999267578125,176.57000732421875,177.25,4902200.0,168.7371826171875
2017-11-30,180.6699981689453,177.41000366210938,178.07000732421875,179.82000732421875,9180700.0,171.18377685546875
2017-12-01,180.60000610351562,176.6999969482422,180.32000732421875,180.4199981689453,4683400.0,171.7549285888672
2017-12-04,186.30999755859375,183.19000244140625,183.19000244140625,184.89999389648438,6193800.0,176.01979064941406
2017-12-05,184.91000366210938,182.25999450683594,182.72000122070312,182.85000610351562,6347600.0,174.06825256347656
2017-12-06,182.14999389648438,178.67999267578125,180.25,180.8000030517578,6892500.0,172.11668395996094
2017-12-07,182.5800018310547,179.77000427246094,180.0500030517578,182.0,5484300.0,173.259033203125
2017-12-08,183.89999389648438,182.16000366210938,182.5,183.41000366210938,5092100.0,174.60134887695312
2017-12-11,182.9600067138672,181.1199951171875,181.86000061035156,182.25,6038900.0,173.4970703125
2017-12-12,183.2100067138672,181.66000366210938,182.75,181.8000030517578,5275500.0,173.06869506835938
2017-12-13,183.6699981689453,182.0,182.00999450683594,183.02999877929688,5177400.0,174.23960876464844
2017-12-14,184.0,182.05999755859375,183.58999633789062,182.1300048828125,3542500.0,173.38284301757812
2017-12-15,183.2100067138672,182.1300048828125,182.99000549316406,182.5800018310547,8202200.0,173.81121826171875
2017-12-18,185.47000122070312,183.5,183.5,184.72999572753906,5011900.0,175.85794067382812
2017-12-19,186.72000122070312,184.60000610351562,185.24000549316406,185.97999572753906,4576300.0,177.04791259765625
2017-12-20,187.89999389648438,186.0399932861328,187.0,187.30999755859375,5383700.0,178.3140411376953
2017-12-21,188.83999633789062,187.44000244140625,187.88999938964844,188.0800018310547,5859100.0,179.0470733642578
2017-12-22,188.4600067138672,187.27000427246094,188.4600067138672,188.1300048828125,3256600.0,179.09466552734375
2017-12-26,190.4199981689453,188.33999633789062,188.52999877929688,190.36000061035156,2969200.0,181.21755981445312
2017-12-27,191.49000549316406,190.00999450683594,190.60000610351562,190.19000244140625,5912600.0,181.0557403564453
2017-12-28,190.97999572753906,189.63999938964844,190.91000366210938,189.77999877929688,3175700.0,180.66542053222656
2017-12-29,190.74000549316406,189.52999877929688,190.74000549316406,189.52999877929688,4637800.0,180.42742919921875
2018-01-02,190.72000122070312,188.00999450683594,190.2100067138672,188.02999877929688,4684700.0,178.9994659423828
2018-01-03,189.36000061035156,187.82000732421875,188.0,189.00999450683594,4530500.0,179.93240356445312
2018-01-04,190.8699951171875,188.47000122070312,189.8699951171875,190.50999450683594,4047400.0,181.36036682128906
2018-01-05,192.5399932861328,190.50999450683594,190.92999267578125,192.5,4224800.0,183.25477600097656
2018-01-08,193.72000122070312,191.60000610351562,191.72000122070312,192.0399932861328,3508500.0,182.81686401367188
2018-01-09,193.47000122070312,191.63999938964844,192.6999969482422,193.10000610351562,3012300.0,183.82595825195312
2018-01-10,193.22000122070312,191.64999389648438,192.75999450683594,191.8000030517578,3119500.0,182.58839416503906
2018-01-11,194.72999572753906,191.39999389648438,191.67999267578125,194.67999267578125,3899200.0,185.330078125
2018-01-12,199.4199981689453,194.82000732421875,195.5,196.4199981689453,6748400.0,186.9865264892578
2018-01-16,198.9499969482422,195.6999969482422,197.86000061035156,196.30999755859375,5692700.0,186.88180541992188
2018-01-17,199.82000732421875,196.83999633789062,197.5,199.82000732421875,3996100.0,190.2232208251953
2018-01-18,200.24000549316406,197.66000366210938,199.77999877929688,198.3300018310547,4474600.0,188.8048095703125
2018-01-19,201.3300018310547,199.1300048828125,199.80999755859375,201.3300018310547,5809600.0,191.66070556640625
2018-01-22,204.47000122070312,201.50999450683594,201.60000610351562,204.4600067138672,4857700.0,194.64039611816406
2018-01-23,206.35000610351562,204.14999389648438,204.88999938964844,204.89999389648438,3621700.0,195.05926513671875
2018-01-24,207.10000610351562,204.5500030517578,205.1999969482422,206.22000122070312,4370700.0,196.3158416748047
2018-01-25,206.8300018310547,203.83999633789062,206.8000030517578,205.3699951171875,3537700.0,195.50668334960938
2018-01-26,207.30999755859375,204.44000244140625,205.60000610351562,207.22999572753906,3778100.0,197.27734375
2018-01-29,207.61000061035156,204.7100067138672,207.22999572753906,204.9199981689453,3632900.0,195.07830810546875
2018-01-30,203.14999389648438,191.57000732421875,201.47000122070312,201.80999755859375,5979600.0,192.11766052246094
2018-01-31,205.0800018310547,200.22999572753906,203.22000122070312,200.89999389648438,4547300.0,191.25135803222656
2018-02-01,202.25,198.27999877929688,199.33999633789062,199.89999389648438,3553800.0,190.2993927001953
2018-02-02,199.3000030517578,193.44000244140625,199.25,193.97000122070312,6179000.0,184.65419006347656
2018-02-05,194.3000030517578,180.3800048828125,190.07000732421875,183.11000061035156,10618500.0,174.3157501220703
2018-02-06,191.9600067138672,175.4199981689453,178.6199951171875,191.0399932861328,11682700.0,181.86489868164062
2018-02-07,194.52000427246094,189.72000122070312,190.72999572753906,191.2899932861328,6016800.0,182.10292053222656
2018-02-08,191.13999938964844,180.92999267578125,191.13999938964844,181.22000122070312,7241800.0,172.51654052734375
2018-02-09,186.0,175.7899932861328,183.25,184.1199951171875,9059200.0,175.27725219726562
2018-02-12,187.00999450683594,183.41000366210938,186.5500030517578,184.05999755859375,6783700.0,175.22012329101562
2018-02-13,183.99000549316406,180.88999938964844,183.22999572753906,183.72000122070312,4273800.0,174.89646911621094
2018-02-14,185.05999755859375,181.0500030517578,181.8800048828125,184.69000244140625,6767000.0,175.81988525390625
2018-02-15,187.19000244140625,183.25999450683594,186.74000549316406,185.27000427246094,5113300.0,176.37200927734375
2018-02-16,187.99000549316406,184.86000061035156,185.05999755859375,186.97000122070312,7619200.0,177.99037170410156
2018-02-20,191.44000244140625,186.30999755859375,189.89999389648438,186.7100067138672,8922100.0,177.74285888671875
2018-02-21,187.97999572753906,182.86000061035156,187.2100067138672,183.05999755859375,7527200.0,174.2681427001953
2018-02-22,186.22000122070312,182.91000366210938,183.72000122070312,185.47000122070312,5653900.0,176.56240844726562
2018-02-23,188.41000366210938,185.6199951171875,186.1999969482422,188.35000610351562,4315400.0,179.30409240722656
2018-02-26,189.7899932861328,187.86000061035156,189.1699981689453,188.4600067138672,4648000.0,179.40884399414062
2018-02-27,189.25,184.9600067138672,188.8699951171875,184.97999572753906,4618800.0,176.095947265625
2018-02-28,186.64999389648438,182.27000427246094,184.41000366210938,182.27000427246094,6419900.0,173.51608276367188
2018-03-01,184.39999389648438,178.25,182.75,179.63999938964844,6123900.0,171.01239013671875
2018-03-02,179.19000244140625,176.33999633789062,177.72000122070312,178.4600067138672,5671000.0,169.88909912109375
2018-03-05,182.25999450683594,177.6999969482422,177.86000061035156,181.74000549316406,5748600.0,173.01156616210938
2018-03-06,183.0,179.50999450683594,182.75,181.63999938964844,5306800.0,172.91636657714844
2018-03-07,180.0,176.82000732421875,178.82000732421875,178.5800018310547,4799200.0,170.97283935546875
2018-03-08,179.97999572753906,176.72999572753906,179.44000244140625,177.94000244140625,4750700.0,170.36009216308594
2018-03-09,182.24000549316406,177.9199981689453,179.0,182.16000366210938,4477200.0,174.4003448486328
2018-03-12,183.05999755859375,179.5500030517578,182.42999267578125,179.7100067138672,4993300.0,172.05470275878906
2018-03-13,180.9499969482422,177.86000061035156,179.58999633789062,178.35000610351562,6128100.0,170.7526397705078
2018-03-14,179.66000366210938,175.88999938964844,179.10000610351562,177.41000366210938,4531500.0,169.85269165039062
2018-03-15,179.86000061035156,176.72000122070312,177.69000244140625,178.07000732421875,3936700.0,170.48455810546875
2018-03-16,180.39999389648438,177.97000122070312,178.42999267578125,178.9600067138672,8410900.0,171.33663940429688
2018-03-19,179.32000732421875,176.0,178.64999389648438,177.10000610351562,4744500.0,169.55587768554688
2018-03-20,178.88999938964844,177.16000366210938,177.63999938964844,178.16000366210938,4148300.0,170.57073974609375
2018-03-21,180.13999938964844,177.67999267578125,178.35000610351562,178.02000427246094,3494400.0,170.4366912841797
2018-03-22,178.55999755859375,175.0800018310547,177.4199981689453,175.2899932861328,5255100.0,167.82298278808594
2018-03-23,177.05999755859375,171.55999755859375,176.24000549316406,171.8000030517578,6021300.0,164.48165893554688
2018-03-26,176.8000030517578,173.52000427246094,174.11000061035156,176.3800048828125,7323600.0,168.86656188964844
2018-03-27,178.72999572753906,173.60000610351562,177.3800048828125,174.67999267578125,4713900.0,167.23895263671875
2018-03-28,177.52999877929688,173.9199981689453,175.24000549316406,174.75999450683594,4318600.0,167.31556701660156
2018-03-29,178.63999938964844,175.5,175.6999969482422,178.24000549316406,4423500.0,170.64732360839844
2018-04-02,177.69000244140625,170.4199981689453,177.14999389648438,172.89999389648438,7229300.0,165.53480529785156
2018-04-03,174.94000244140625,172.42999267578125,172.77999877929688,173.75999450683594,5283300.0,166.358154296875
2018-04-04,177.83999633789062,170.4199981689453,170.8000030517578,177.44000244140625,4757300.0,169.88137817382812
2018-04-05,180.0399932861328,177.30999755859375,178.0,179.1300048828125,3799900.0,171.49942016601562
2018-04-06,178.52000427246094,173.35000610351562,177.97999572753906,174.4499969482422,5236900.0,167.01876831054688
2018-04-09,175.35000610351562,172.3699951171875,175.05999755859375,172.50999450683594,5079800.0,165.16139221191406
2018-04-10,174.19000244140625,172.24000549316406,174.02999877929688,173.49000549316406,4783000.0,166.09967041015625
2018-04-11,175.05999755859375,171.8000030517578,172.0,172.86000061035156,4228400.0,165.49649047851562
2018-04-12,174.24000549316406,172.89999389648438,173.30999755859375,173.36000061035156,3396700.0,165.97520446777344
2018-04-13,175.50999450683594,172.22999572753906,174.49000549316406,172.8000030517578,4311200.0,165.43905639648438
2018-04-16,175.60000610351562,173.32000732421875,174.22999572753906,174.42999267578125,3534200.0,166.9995880126953
2018-04-17,176.24000549316406,174.10000610351562,175.75999450683594,174.91000366210938,3106500.0,167.45916748046875
2018-04-18,180.25,174.99000549316406,175.0,179.85000610351562,5858900.0,172.18875122070312
2018-04-19,179.6999969482422,175.77000427246094,179.5,177.0800018310547,5407300.0,169.5367431640625
2018-04-20,178.88999938964844,176.32000732421875,177.85000610351562,177.00999450683594,5008600.0,169.4697265625
2018-04-23,178.3800048828125,176.1300048828125,177.6199951171875,177.66000366210938,2987700.0,170.092041015625
2018-04-24,180.0,175.0500030517578,179.3000030517578,176.25999450683594,4435400.0,168.7516632080078
2018-04-25,178.07000732421875,174.5500030517578,176.0800018310547,177.38999938964844,5587300.0,169.8335418701172
2018-04-26,185.92999267578125,178.0800018310547,178.4600067138672,185.72000122070312,8782500.0,177.80870056152344
2018-04-27,187.0399932861328,183.8699951171875,185.49000549316406,186.4600067138672,4382400.0,178.51718139648438
2018-04-30,187.8000030517578,184.8000030517578,186.99000549316406,184.8000030517578,4173200.0,176.92787170410156
2018-05-01,184.72999572753906,181.39999389648438,184.72999572753906,184.6300048828125,3423900.0,176.76512145996094
2018-05-02,187.1199951171875,183.75,184.49000549316406,185.91000366210938,3866500.0,177.99058532714844
2018-05-03,184.89999389648438,181.1999969482422,184.8699951171875,183.19000244140625,4123900.0,175.38644409179688
2018-05-04,186.35000610351562,181.83999633789062,182.75,185.02999877929688,3896200.0,177.1480712890625
2018-05-07,185.5,182.6699981689453,185.39999389648438,183.55999755859375,3582300.0,175.74069213867188
2018-05-08,185.3000030517578,182.5,183.4499969482422,185.0399932861328,4168200.0,177.1576385498047
2018-05-09,186.5,183.57000732421875,185.02999877929688,186.36000061035156,3392300.0,178.4214324951172
2018-05-10,187.97000122070312,185.8800048828125,185.97000122070312,187.16000366210938,3850100.0,179.1873321533203
2018-05-11,190.8000030517578,187.35000610351562,187.6300048828125,190.30999755859375,5355100.0,182.20315551757812
2018-05-14,191.64999389648438,189.86000061035156,191.5,191.0800018310547,7035900.0,182.94036865234375
2018-05-15,189.69000244140625,186.10000610351562,189.5,187.97999572753906,10147000.0,179.972412109375
2018-05-16,189.27999877929688,185.89999389648438,189.27999877929688,186.3800048828125,5044800.0,178.44058227539062
2018-05-17,187.17999267578125,184.8699951171875,186.25,185.3300018310547,4227700.0,177.435302734375
2018-05-18,188.2100067138672,185.5500030517578,185.75,187.4199981689453,4697900.0,179.43626403808594
2018-05-21,190.6699981689453,188.0,188.1999969482422,189.7899932861328,4147800.0,181.70530700683594
2018-05-22,190.77999877929688,186.52000427246094,190.05999755859375,186.8699951171875,4585600.0,178.90968322753906
2018-05-23,187.32000732421875,184.97999572753906,187.10000610351562,186.6699981689453,7387400.0,178.7182159423828
2018-05-24,187.41000366210938,184.6699981689453,186.7899932861328,187.14999389648438,3941300.0,179.1777801513672
2018-05-25,187.8300018310547,186.0500030517578,186.7100067138672,186.85000610351562,2730400.0,178.8905792236328
2018-05-29,186.8300018310547,184.25,185.5500030517578,185.0,4725500.0,177.1193389892578
2018-05-30,187.8000030517578,184.00999450683594,184.8300018310547,187.08999633789062,3976000.0,180.12315368652344
2018-05-31,187.36000061035156,185.25,187.16000366210938,186.5500030517578,4839900.0,179.603271484375
2018-06-01,188.8300018310547,186.52000427246094,187.2100067138672,187.35000610351562,3706200.0,180.3734893798828
2018-06-04,191.5399932861328,187.97000122070312,188.22000122070312,191.36000061035156,4103300.0,184.23416137695312
2018-06-05,192.3800048828125,189.6999969482422,190.44000244140625,191.94000244140625,4231300.0,184.79257202148438
2018-06-06,193.58999633789062,191.2100067138672,193.07000732421875,193.58999633789062,4134700.0,186.381103515625
2018-06-07,197.1999969482422,193.8300018310547,193.8300018310547,196.1699981689453,4378700.0,188.8650665283203
2018-06-08,198.5,195.00999450683594,195.8699951171875,198.3300018310547,4006200.0,190.94461059570312
2018-06-11,200.52000427246094,198.33999633789062,198.91000366210938,199.63999938964844,4243000.0,192.20584106445312
2018-06-12,201.33999633789062,199.50999450683594,199.83999633789062,201.30999755859375,4616700.0,193.81365966796875
2018-06-13,201.5800018310547,199.66000366210938,201.3000030517578,200.30999755859375,5128100.0,192.8508758544922
2018-06-14,201.0,198.16000366210938,200.25999450683594,199.6699981689453,4305900.0,192.23471069335938
2018-06-15,201.60000610351562,198.5,198.9499969482422,200.5399932861328,7820900.0,193.07232666015625
2018-06-18,200.91000366210938,198.11000061035156,198.94000244140625,200.69000244140625,3396300.0,193.21673583984375
2018-06-19,199.89999389648438,198.10000610351562,198.2100067138672,199.2100067138672,5501100.0,191.79185485839844
2018-06-20,200.1300048828125,198.1199951171875,200.0,199.0800018310547,3389600.0,191.6667022705078
2018-06-21,200.94000244140625,198.61000061035156,199.2100067138672,200.30999755859375,4695100.0,192.8508758544922
2018-06-22,201.1999969482422,197.1699981689453,200.7899932861328,197.41000366210938,6785800.0,190.0588836669922
2018-06-25,197.83999633789062,195.05999755859375,197.41000366210938,196.3800048828125,5127200.0,189.06724548339844
2018-06-26,197.3300018310547,195.60000610351562,196.5800018310547,196.36000061035156,3270600.0,189.04798889160156
2018-06-27,197.99000549316406,195.00999450683594,196.66000366210938,195.02000427246094,3771700.0,187.7578887939453
2018-06-28,196.00999450683594,193.50999450683594,195.0,195.2100067138672,2994000.0,187.94081115722656
2018-06-29,198.8300018310547,194.99000549316406,195.86000061035156,195.10000610351562,4106600.0,187.8349151611328
2018-07-02,194.17999267578125,192.1199951171875,193.82000732421875,194.02000427246094,3822800.0,186.7951202392578
2018-07-03,195.7100067138672,193.41000366210938,194.44000244140625,193.6199951171875,1608400.0,186.41001892089844
2018-07-05,194.74000549316406,193.1300048828125,194.49000549316406,194.41000366210938,3040600.0,187.17059326171875
2018-07-06,195.35000610351562,192.9499969482422,194.5800018310547,194.47999572753906,2552400.0,187.23797607421875
2018-07-09,196.7100067138672,195.02999877929688,195.6999969482422,196.0800018310547,2575100.0,188.7783966064453
2018-07-10,197.75999450683594,196.3800048828125,196.55999755859375,197.61000061035156,2842400.0,190.2514190673828
2018-07-11,197.75999450683594,195.9499969482422,197.22000122070312,196.9499969482422,3309300.0,189.61599731445312
2018-07-12,198.47999572753906,197.0,198.1999969482422,197.9499969482422,2709200.0,190.57876586914062
2018-07-13,199.92999267578125,198.4600067138672,198.4600067138672,198.69000244140625,2308100.0,191.2912139892578
2018-07-16,199.22000122070312,197.88999938964844,199.13999938964844,198.8800048828125,2530500.0,191.47415161132812
2018-07-17,201.42999267578125,198.6300048828125,198.6300048828125,201.10000610351562,4662800.0,193.61146545410156
2018-07-18,201.9199981689453,200.19000244140625,201.02000427246094,200.97000122070312,3787800.0,193.48629760742188
2018-07-19,203.22999572753906,200.5500030517578,200.88999938964844,202.6300048828125,3691100.0,195.08450317382812
2018-07-20,203.75999450683594,201.82000732421875,202.0800018310547,202.4499969482422,3564100.0,194.91119384765625
2018-07-23,203.38999938964844,201.89999389648438,202.4600067138672,202.22999572753906,2264300.0,194.69937133789062
2018-07-24,204.25,201.35000610351562,203.52999877929688,201.99000549316406,5058100.0,194.4683380126953
2018-07-25,202.2899932861328,199.07000732421875,201.39999389648438,201.0,4382700.0,193.51519775390625
2018-07-26,202.1199951171875,198.91000366210938,201.52999877929688,199.39999389648438,4280000.0,191.97476196289062
2018-07-27,200.49000549316406,196.67999267578125,200.2100067138672,197.13999938964844,3871200.0,189.79893493652344
2018-07-30,197.57000732421875,196.39999389648438,196.52999877929688,197.27999877929688,2331100.0,189.9337158203125
2018-07-31,198.02999877929688,196.8699951171875,197.69000244140625,197.52000427246094,2795900.0,190.16481018066406
2018-08-01,197.74000549316406,195.60000610351562,196.86000061035156,196.3000030517578,3086800.0,188.990234375
2018-08-02,195.83999633789062,193.5500030517578,195.10000610351562,195.66000366210938,3543500.0,188.37403869628906
2018-08-03,196.39999389648438,195.25,196.02999877929688,195.63999938964844,2309000.0,188.3547821044922
2018-08-06,196.05999755859375,195.11000061035156,195.6199951171875,195.69000244140625,2515700.0,188.40292358398438
2018-08-07,197.1999969482422,195.63999938964844,196.35000610351562,197.0500030517578,3052500.0,189.71229553222656
2018-08-08,198.91000366210938,197.3000030517578,197.44000244140625,198.02000427246094,2176700.0,190.6461639404297
2018-08-09,199.74000549316406,198.0399932861328,199.0,198.0800018310547,2466000.0,190.70391845703125
2018-08-10,197.92999267578125,195.63999938964844,197.33999633789062,196.3000030517578,2873000.0,188.990234375
2018-08-13,197.58999633789062,194.0,196.3000030517578,194.13999938964844,5294400.0,186.91064453125
2018-08-14,195.97999572753906,191.27000427246094,195.1699981689453,193.10000610351562,11488000.0,185.9093780517578
2018-08-15,194.17999267578125,191.08999633789062,191.75,193.99000549316406,6049300.0,186.7662353515625
2018-08-16,196.08999633789062,193.72000122070312,194.02000427246094,195.38999938964844,5690100.0,188.1140899658203
2018-08-17,195.97999572753906,194.82000732421875,195.60000610351562,195.55999755859375,3885800.0,188.27777099609375
2018-08-20,198.44000244140625,195.39999389648438,195.83999633789062,197.92999267578125,2956700.0,190.55950927734375
2018-08-21,200.74000549316406,198.41000366210938,198.8300018310547,200.22999572753906,4124600.0,192.77386474609375
2018-08-22,203.5500030517578,198.64999389648438,200.8000030517578,198.97000122070312,5007000.0,191.560791015625
2018-08-23,201.41000366210938,199.13999938964844,199.38999938964844,200.16000366210938,3595000.0,192.70648193359375
2018-08-24,202.5,200.0,200.35000610351562,201.3000030517578,3054300.0,193.8040313720703
2018-08-27,202.9499969482422,201.19000244140625,202.8300018310547,201.97999572753906,2521300.0,194.45867919921875
2018-08-28,202.4199981689453,200.6300048828125,202.3000030517578,201.97000122070312,3516300.0,194.44906616210938
2018-08-29,201.99000549316406,200.7100067138672,201.11000061035156,201.67999267578125,2488000.0,195.16517639160156
2018-08-30,201.44000244140625,199.10000610351562,201.0,199.25999450683594,2825400.0,192.82334899902344
2018-08-31,200.91000366210938,199.2899932861328,199.3800048828125,200.77000427246094,4023300.0,194.28456115722656
2018-09-04,205.9199981689453,200.5,200.69000244140625,205.0800018310547,4612800.0,198.45535278320312
2018-09-05,206.6699981689453,203.14999389648438,204.8300018310547,204.14999389648438,3667100.0,197.5553741455078
2018-09-06,207.08999633789062,203.8000030517578,204.58999633789062,205.88999938964844,3490400.0,199.23916625976562
2018-09-07,207.22999572753906,205.42999267578125,205.4499969482422,206.22999572753906,3672700.0,199.5681915283203
2018-09-10,211.6199951171875,208.1300048828125,208.1300048828125,210.69000244140625,5586600.0,203.88412475585938
2018-09-11,214.66000366210938,211.5,213.0,213.85000610351562,5969500.0,206.94203186035156
2018-09-12,215.42999267578125,210.91000366210938,214.02999877929688,211.97999572753906,5660100.0,205.1324462890625
2018-09-13,211.44000244140625,208.6999969482422,211.44000244140625,209.4499969482422,4701100.0,202.6841583251953
2018-09-14,210.52999877929688,207.5500030517578,210.19000244140625,209.07000732421875,3622400.0,202.3164520263672
2018-09-17,210.0399932861328,208.25999450683594,209.0800018310547,208.39999389648438,3074700.0,201.6680908203125
2018-09-18,211.72999572753906,208.16000366210938,208.6300048828125,211.02000427246094,4338500.0,204.2034454345703
2018-09-19,212.6699981689453,210.66000366210938,212.0,211.67999267578125,2579100.0,204.84214782714844
2018-09-20,212.61000061035156,211.00999450683594,211.66000366210938,211.05999755859375,4020800.0,204.24217224121094
2018-09-21,212.66000366210938,210.50999450683594,211.3000030517578,212.38999938964844,9749200.0,205.52920532226562
2018-09-24,211.83999633789062,207.9600067138672,211.52000427246094,207.99000549316406,4623700.0,201.27134704589844
2018-09-25,209.3000030517578,206.8000030517578,208.83999633789062,207.4600067138672,4443300.0,200.7584686279297
2018-09-26,209.13999938964844,207.22999572753906,208.5800018310547,207.52000427246094,2965800.0,200.8165283203125
2018-09-27,207.8300018310547,205.6699981689453,207.5,206.83999633789062,3218800.0,200.15847778320312
2018-09-28,208.85000610351562,206.35000610351562,206.44000244140625,207.14999389648438,3966100.0,200.4584503173828
2018-10-01,209.7899932861328,207.3699951171875,208.52000427246094,207.60000610351562,3670500.0,200.89393615722656
2018-10-02,208.0399932861328,204.6699981689453,207.49000549316406,204.75,4428000.0,198.13600158691406
2018-10-03,206.4600067138672,203.64999389648438,206.16000366210938,203.74000549316406,4162500.0,197.1586456298828
2018-10-04,203.75999450683594,198.27000427246094,203.64999389648438,198.85000610351562,5996200.0,192.42657470703125
2018-10-05,199.6999969482422,194.57000732421875,199.07000732421875,196.3800048828125,5016600.0,190.03639221191406
2018-10-08,198.66000366210938,195.05999755859375,196.24000549316406,198.41000366210938,3731800.0,192.00082397460938
2018-10-09,199.17999267578125,195.5800018310547,197.9499969482422,195.75,4466800.0,189.42672729492188
2018-10-10,199.24000549316406,193.35000610351562,199.11000061035156,193.6999969482422,6157900.0,187.4429473876953
2018-10-11,196.6699981689453,188.47000122070312,193.7100067138672,189.74000549316406,5831400.0,183.61085510253906
2018-10-12,193.58999633789062,190.16000366210938,192.75,192.47000122070312,5450200.0,186.252685546875
2018-10-15,193.2899932861328,190.6999969482422,192.36000061035156,191.1699981689453,3642800.0,184.9946746826172
2018-10-16,194.0800018310547,190.61000061035156,191.8300018310547,193.5800018310547,4057400.0,187.32681274414062
2018-10-17,190.6699981689453,183.97999572753906,189.63999938964844,185.1699981689453,8985700.0,179.1884765625
2018-10-18,185.39999389648438,179.52999877929688,184.25999450683594,180.44000244140625,9262000.0,174.6112823486328
2018-10-19,180.99000549316406,178.57000732421875,180.33999633789062,179.85000610351562,7004300.0,174.0403594970703
2018-10-22,181.39999389648438,177.55999755859375,180.82000732421875,178.75,4866700.0,172.9758758544922
2018-10-23,179.49000549316406,175.44000244140625,175.77000427246094,178.52999877929688,7004900.0,172.76296997070312
2018-10-24,182.3699951171875,176.30999755859375,178.5800018310547,176.97000122070312,6791700.0,171.2533721923828
2018-10-25,180.5,176.8300018310547,177.52000427246094,179.07000732421875,5228000.0,173.28555297851562
2018-10-26,177.33999633789062,170.91000366210938,176.8800048828125,172.22999572753906,9472200.0,166.66648864746094
2018-10-29,175.99000549316406,170.9499969482422,173.74000549316406,173.1999969482422,5918400.0,167.6051483154297
2018-10-30,176.42999267578125,172.63999938964844,173.16000366210938,176.24000549316406,5657100.0,170.54696655273438
2018-10-31,178.85000610351562,175.58999633789062,177.97999572753906,175.8800048828125,6339500.0,170.19859313964844
2018-11-01,180.86000061035156,175.89999389648438,176.83999633789062,180.4600067138672,5225300.0,174.63063049316406
2018-11-02,183.00999450683594,177.38999938964844,182.47000122070312,179.92999267578125,4730600.0,174.11773681640625
2018-11-05,182.41000366210938,179.3000030517578,181.02000427246094,182.19000244140625,3885300.0,176.30474853515625
2018-11-06,182.64999389648438,180.0500030517578,181.92999267578125,182.00999450683594,3338800.0,176.1305694580078
2018-11-07,187.67999267578125,182.05999755859375,183.7899932861328,187.22999572753906,4673400.0,181.1819610595703
2018-11-08,188.69000244140625,185.72000122070312,187.1300048828125,188.0,4054000.0,181.92706298828125
2018-11-09,188.47999572753906,184.9600067138672,188.32000732421875,185.99000549316406,4761100.0,179.9820098876953
2018-11-12,186.9499969482422,179.02000427246094,185.22999572753906,179.42999267578125,7590400.0,173.63389587402344
2018-11-13,181.6199951171875,172.85000610351562,177.3000030517578,179.0,14274000.0,173.21780395507812
2018-11-14,182.89999389648438,179.14999389648438,182.61000061035156,179.89999389648438,7561100.0,174.08871459960938
2018-11-15,179.6699981689453,173.61000061035156,179.00999450683594,177.36000061035156,8663100.0,171.63076782226562
2018-11-16,177.61000061035156,173.50999450683594,173.99000549316406,177.02000427246094,6834900.0,171.3017578125
2018-11-19,178.8800048828125,172.3000030517578,176.7100067138672,173.58999633789062,6203400.0,167.98255920410156
2018-11-20,172.0,167.0,169.25,169.0500030517578,8661000.0,163.5891876220703
2018-11-21,170.92999267578125,169.14999389648438,170.0,169.3000030517578,5752100.0,163.8311309814453
2018-11-23,170.3300018310547,168.47000122070312,169.38999938964844,168.85000610351562,2711000.0,163.3956756591797
2018-11-26,172.38999938964844,168.8699951171875,170.1999969482422,169.82000732421875,6140500.0,164.33433532714844
2018-11-27,173.3800048828125,168.82000732421875,169.11000061035156,173.22000122070312,7084200.0,167.62449645996094
2018-11-28,177.64999389648438,170.6199951171875,172.91000366210938,177.42999267578125,7133600.0,172.72557067871094
2018-11-29,177.27000427246094,174.9199981689453,176.8000030517578,175.66000366210938,4329300.0,171.0025177001953
2018-11-30,180.3699951171875,175.11000061035156,175.75,180.32000732421875,8942400.0,175.53895568847656
2018-12-03,183.5,179.35000610351562,183.2899932861328,181.74000549316406,7610600.0,176.92129516601562
2018-12-04,182.22999572753906,174.5500030517578,181.05999755859375,175.3000030517578,7059600.0,170.65206909179688
2018-12-06,176.0399932861328,170.4600067138672,173.5,175.9600067138672,7571200.0,171.2945556640625
2018-12-07,178.36000061035156,172.24000549316406,175.35000610351562,172.7899932861328,6226100.0,168.20860290527344
2018-12-10,173.99000549316406,167.72999572753906,173.38999938964844,171.69000244140625,5373800.0,167.1377716064453
2018-12-11,175.60000610351562,171.24000549316406,174.3000030517578,172.2100067138672,5229400.0,167.64398193359375
2018-12-12,176.8699951171875,172.80999755859375,173.75,174.2100067138672,5912500.0,169.59095764160156
2018-12-13,174.91000366210938,172.07000732421875,174.30999755859375,173.8699951171875,6102200.0,169.25997924804688
2018-12-14,175.13999938964844,171.9499969482422,172.97999572753906,172.2899932861328,4265200.0,167.7218475341797
2018-12-17,171.99000549316406,166.92999267578125,171.50999450683594,167.97000122070312,5631700.0,163.5164031982422
2018-12-18,171.9499969482422,168.5,168.89999389648438,170.0399932861328,4462200.0,165.53150939941406
2018-12-19,174.9499969482422,166.77000427246094,170.9199981689453,167.55999755859375,6996900.0,163.1172637939453
2018-12-20,167.30999755859375,162.22999572753906,166.27999877929688,164.16000366210938,7675600.0,159.8074188232422
2018-12-21,167.9600067138672,160.1699981689453,162.80999755859375,160.47999572753906,13034100.0,156.2249755859375
2018-12-24,161.39999389648438,158.08999633789062,160.16000366210938,158.13999938964844,4547400.0,153.94703674316406
2018-12-26,168.27999877929688,159.44000244140625,159.4600067138672,168.27999877929688,6141500.0,163.8181915283203
2018-12-27,170.4600067138672,163.36000061035156,166.44000244140625,170.32000732421875,5069300.0,165.80409240722656
2018-12-28,173.1199951171875,168.60000610351562,171.22000122070312,170.22000122070312,4552000.0,165.70675659179688
2018-12-31,173.24000549316406,170.64999389648438,171.47000122070312,171.82000732421875,4206000.0,167.2643280029297
2019-01-02,173.17999267578125,169.0500030517578,169.7100067138672,172.41000366210938,4242900.0,167.83868408203125
2019-01-03,171.83999633789062,168.2100067138672,171.83999633789062,168.61000061035156,4810500.0,164.13943481445312
2019-01-04,174.74000549316406,169.52000427246094,170.17999267578125,173.6199951171875,4762600.0,169.01658630371094
2019-01-07,178.17999267578125,173.8300018310547,173.8300018310547,177.0399932861328,4928800.0,172.3459014892578
2019-01-08,179.58999633789062,175.61000061035156,178.57000732421875,177.88999938964844,4722400.0,173.1733856201172
2019-01-09,181.27000427246094,177.10000610351562,177.8699951171875,179.72999572753906,4922000.0,174.96458435058594
2019-01-10,179.24000549316406,176.33999633789062,178.02999877929688,179.05999755859375,3605300.0,174.31236267089844
2019-01-11,180.25999450683594,177.1199951171875,177.92999267578125,179.41000366210938,3285100.0,174.65306091308594
2019-01-14,179.22999572753906,176.89999389648438,177.58999633789062,178.80999755859375,3871400.0,174.06898498535156
2019-01-15,177.82000732421875,175.1999969482422,176.0800018310547,176.47000122070312,5016100.0,171.79103088378906
2019-01-16,177.92999267578125,175.86000061035156,177.08999633789062,177.0399932861328,4075400.0,172.3459014892578
2019-01-17,175.4600067138672,172.0,174.00999450683594,174.8699951171875,6499200.0,170.23342895507812
2019-01-18,180.0399932861328,176.17999267578125,176.97999572753906,179.5800018310547,6371100.0,174.81857299804688
2019-01-22,178.60000610351562,175.36000061035156,177.49000549316406,177.11000061035156,6272700.0,172.41404724121094
2019-01-23,178.05999755859375,174.52999877929688,176.58999633789062,176.88999938964844,4910400.0,172.19989013671875
2019-01-24,177.52999877929688,175.3000030517578,177.0,177.2899932861328,3860100.0,172.5892791748047
2019-01-25,180.8699951171875,178.61000061035156,179.77999877929688,180.39999389648438,4501800.0,175.61683654785156
2019-01-28,179.99000549316406,177.41000366210938,178.97000122070312,179.8300018310547,4091400.0,175.06195068359375
2019-01-29,180.14999389648438,178.08999633789062,178.9600067138672,179.69000244140625,3686900.0,174.92564392089844
2019-01-30,184.1999969482422,179.77999877929688,180.47000122070312,182.17999267578125,5197700.0,177.349609375
2019-01-31,184.6699981689453,181.05999755859375,181.5,183.52999877929688,5138000.0,178.663818359375
2019-02-01,185.14999389648438,182.8300018310547,184.02999877929688,184.3699951171875,4513100.0,179.48155212402344
2019-02-04,186.42999267578125,183.83999633789062,184.3000030517578,186.42999267578125,3050200.0,181.4869384765625
2019-02-05,186.99000549316406,184.69000244140625,186.88999938964844,186.38999938964844,4135200.0,181.44801330566406
2019-02-06,186.69000244140625,184.05999755859375,186.69000244140625,184.72000122070312,3072500.0,179.82229614257812
2019-02-07,184.9199981689453,182.4499969482422,183.74000549316406,184.07000732421875,2793400.0,179.1895294189453
2019-02-08,184.5800018310547,182.72000122070312,183.0500030517578,184.5399932861328,2792300.0,179.64706420898438
2019-02-11,185.4199981689453,182.75,185.0,182.9199981689453,3729200.0,178.07000732421875
2019-02-12,186.39999389648438,183.52000427246094,183.83999633789062,185.52000427246094,3773200.0,180.60105895996094
2019-02-13,188.67999267578125,185.9199981689453,186.3000030517578,188.41000366210938,4146900.0,183.41444396972656
2019-02-14,188.92999267578125,186.0,187.5,187.7100067138672,2600600.0,182.73301696777344
2019-02-15,192.6199951171875,189.0500030517578,189.8699951171875,192.38999938964844,4997900.0,187.28892517089844
2019-02-19,193.19000244140625,191.27999877929688,191.7100067138672,192.3300018310547,3828400.0,187.2305145263672
2019-02-20,192.39999389648438,191.11000061035156,192.38999938964844,191.85000610351562,3970100.0,186.76324462890625
2019-02-21,192.3699951171875,190.61000061035156,191.85000610351562,191.82000732421875,3094200.0,186.7340545654297
2019-02-22,192.5399932861328,191.6199951171875,191.69000244140625,192.38999938964844,3321600.0,187.28892517089844
2019-02-25,193.4199981689453,189.9600067138672,192.75,189.97999572753906,6190700.0,184.94281005859375
2019-02-26,188.47000122070312,182.8000030517578,185.58999633789062,188.3000030517578,13635100.0,183.307373046875
2019-02-27,188.5,183.2100067138672,187.89999389648438,183.6699981689453,8766200.0,178.8001251220703
2019-02-28,185.19000244140625,183.11000061035156,183.60000610351562,185.13999938964844,8060600.0,180.2311553955078
2019-03-01,186.55999755859375,182.86000061035156,185.82000732421875,185.1699981689453,5481300.0,180.26034545898438
2019-03-04,186.24000549316406,182.10000610351562,186.1999969482422,183.80999755859375,5046800.0,178.9364013671875
2019-03-05,185.1199951171875,183.25,184.24000549316406,184.0,3691000.0,179.1213836669922
2019-03-06,184.97000122070312,183.83999633789062,184.52999877929688,184.4499969482422,4460900.0,179.5594482421875
2019-03-07,184.6199951171875,181.5800018310547,184.38999938964844,182.50999450683594,4122200.0,177.67088317871094
2019-03-08,181.91000366210938,179.52000427246094,181.49000549316406,181.22999572753906,3867100.0,176.4248046875
2019-03-11,183.1999969482422,181.1999969482422,182.0,182.44000244140625,3866200.0,177.6027374267578
2019-03-12,184.27000427246094,182.3300018310547,183.42999267578125,184.0,3777000.0,179.1213836669922
2019-03-13,183.77999877929688,181.0800018310547,183.24000549316406,181.13999938964844,4528300.0,177.65028381347656
2019-03-14,181.74000549316406,180.5,181.27999877929688,181.61000061035156,4393000.0,178.11122131347656
2019-03-15,182.49000549316406,179.57000732421875,182.3000030517578,182.22999572753906,8059100.0,178.7192840576172
2019-03-18,183.47999572753906,182.3300018310547,182.52999877929688,183.4199981689453,4395800.0,179.8863525390625
2019-03-19,185.82000732421875,183.47999572753906,184.19000244140625,184.1300048828125,4437100.0,180.58267211914062
2019-03-20,187.1199951171875,183.42999267578125,184.3000030517578,186.10000610351562,4772600.0,182.5147247314453
2019-03-21,190.0,185.5,185.5,189.97000122070312,4755700.0,186.31016540527344
2019-03-22,192.0500030517578,188.6699981689453,189.30999755859375,188.75,5173600.0,185.11366271972656
2019-03-25,191.7100067138672,188.50999450683594,188.75,189.67999267578125,3845900.0,186.0257568359375
2019-03-26,192.19000244140625,188.74000549316406,190.69000244140625,189.33999633789062,4143300.0,185.69229125976562
2019-03-27,191.61000061035156,188.38999938964844,189.64999389648438,189.25,4298400.0,185.6040496826172
2019-03-28,191.39999389648438,189.16000366210938,189.91000366210938,190.05999755859375,3326100.0,186.39842224121094
2019-03-29,192.0399932861328,190.13999938964844,190.85000610351562,191.88999938964844,4674100.0,188.19317626953125
2019-04-01,195.89999389648438,192.85000610351562,192.99000549316406,195.63999938964844,5381400.0,191.8709259033203
2019-04-02,195.5,194.02000427246094,195.5,194.30999755859375,2717800.0,190.56654357910156
2019-04-03,198.7899932861328,194.11000061035156,194.97999572753906,198.61000061035156,4581500.0,194.78370666503906
2019-04-04,200.49000549316406,198.02000427246094,199.0,200.4499969482422,3138400.0,196.5882568359375
2019-04-05,203.1300048828125,200.61000061035156,200.86000061035156,202.05999755859375,3615300.0,198.16725158691406
2019-04-08,203.7899932861328,201.24000549316406,201.3699951171875,203.5500030517578,3040900.0,199.6285400390625
2019-04-09,202.7100067138672,200.4600067138672,202.25999450683594,200.89999389648438,3721700.0,197.0295867919922
2019-04-10,201.60000610351562,198.02000427246094,201.25999450683594,199.42999267578125,3587500.0,195.58790588378906
2019-04-11,201.5,199.02999877929688,199.89999389648438,201.47999572753906,2465100.0,197.59841918945312
2019-04-12,204.25999450683594,202.1300048828125,202.1300048828125,203.85000610351562,3097900.0,199.92276000976562
2019-04-15,205.13999938964844,203.39999389648438,204.16000366210938,204.86000061035156,3049900.0,200.91329956054688
2019-04-16,205.99000549316406,204.2899932861328,205.25,204.47000122070312,3271400.0,200.53082275390625
2019-04-17,206.83999633789062,205.32000732421875,205.33999633789062,206.5500030517578,3271900.0,202.57077026367188
2019-04-18,207.77999877929688,205.10000610351562,206.02000427246094,205.66000366210938,3162500.0,201.69789123535156
2019-04-22,206.25,204.0,204.11000061035156,204.77999877929688,2593900.0,200.8348388671875
2019-04-23,207.3300018310547,203.42999267578125,205.13999938964844,206.0500030517578,3702600.0,202.08038330078125
2019-04-24,208.3000030517578,205.5399932861328,206.16000366210938,206.72000122070312,2750900.0,202.7374725341797
2019-04-25,207.72000122070312,205.05999755859375,206.00999450683594,206.5,3292100.0,202.52169799804688
2019-04-26,206.13999938964844,203.33999633789062,205.8800048828125,203.61000061035156,3560300.0,199.68739318847656
2019-04-29,203.8000030517578,200.33999633789062,203.30999755859375,202.16000366210938,3785200.0,198.2653350830078
2019-04-30,203.75,200.7899932861328,201.5500030517578,203.6999969482422,3415600.0,199.77565002441406
2019-05-01,203.52000427246094,198.66000366210938,203.1999969482422,198.8000030517578,4644700.0,194.97006225585938
2019-05-02,201.05999755859375,198.8000030517578,199.3000030517578,201.00999450683594,2810000.0,197.13746643066406
2019-05-03,202.30999755859375,200.32000732421875,202.0,200.55999755859375,3583400.0,196.69615173339844
2019-05-06,199.92999267578125,198.30999755859375,198.74000549316406,199.6300048828125,2619400.0,195.78407287597656
2019-05-07,197.64999389648438,192.9600067138672,196.75,194.77000427246094,4622100.0,191.0177001953125
2019-05-08,196.61000061035156,193.67999267578125,194.49000549316406,195.1699981689453,3122600.0,191.40997314453125
2019-05-09,195.0800018310547,191.58999633789062,193.30999755859375,194.5800018310547,2917700.0,190.83135986328125
2019-05-10,195.49000549316406,190.00999450683594,193.2100067138672,194.5800018310547,3863600.0,190.83135986328125
2019-05-13,191.66000366210938,189.13999938964844,191.0,190.33999633789062,3325900.0,186.67303466796875
2019-05-14,192.75999450683594,190.00999450683594,190.5,191.6199951171875,3663600.0,187.9283905029297
2019-05-15,192.80999755859375,190.27000427246094,190.80999755859375,191.75999450683594,3355800.0,188.065673828125
2019-05-16,194.9600067138672,192.1999969482422,192.47000122070312,192.3800048828125,3854000.0,188.67373657226562
2019-05-17,194.5,190.75,190.86000061035156,192.5800018310547,5223800.0,188.86988830566406
2019-05-20,192.86000061035156,190.61000061035156,191.1300048828125,190.9499969482422,4782800.0,187.27130126953125
2019-05-21,192.52000427246094,186.33999633789062,187.1300048828125,191.4499969482422,8555600.0,187.76165771484375
2019-05-22,192.22000122070312,188.0500030517578,190.49000549316406,188.91000366210938,5706000.0,185.2705841064453
2019-05-23,192.5399932861328,186.27000427246094,188.4499969482422,192.0,7754000.0,188.30105590820312
2019-05-24,193.86000061035156,190.41000366210938,192.5399932861328,193.58999633789062,3799500.0,189.86041259765625
2019-05-28,196.47000122070312,191.35000610351562,194.3800048828125,191.5500030517578,5165800.0,187.85972595214844
2019-05-29,191.8800048828125,188.02999877929688,190.27999877929688,189.99000549316406,4569900.0,186.3297882080078
2019-05-30,192.5,190.08999633789062,190.1300048828125,191.0800018310547,3029800.0,187.3988037109375
2019-05-31,190.2899932861328,188.66000366210938,189.63999938964844,189.85000610351562,3681500.0,186.19247436523438
2019-06-03,191.8699951171875,188.75,189.52000427246094,189.57000732421875,4620200.0,185.91787719726562
2019-06-04,195.5,191.4199981689453,191.5800018310547,195.25,5118100.0,191.4884490966797
2019-06-05,196.72000122070312,193.0800018310547,194.00999450683594,196.69000244140625,3704600.0,194.25376892089844
2019-06-06,197.64999389648438,194.9600067138672,196.64999389648438,197.1699981689453,3732900.0,194.72781372070312
2019-06-07,199.02000427246094,196.2100067138672,197.1999969482422,197.3000030517578,3522300.0,194.85621643066406
2019-06-10,199.85000610351562,197.32000732421875,198.55999755859375,198.0500030517578,3154500.0,195.59693908691406
2019-06-11,200.83999633789062,195.83999633789062,199.02000427246094,198.00999450683594,3708500.0,195.55740356445312
2019-06-12,200.19000244140625,197.97999572753906,198.80999755859375,198.94000244140625,2551500.0,196.4759063720703
2019-06-13,202.67999267578125,199.4499969482422,199.9499969482422,202.35000610351562,3630900.0,199.8436737060547
2019-06-14,206.5,201.30999755859375,201.30999755859375,205.77000427246094,4898000.0,203.22129821777344
2019-06-17,208.7899932861328,206.0,207.0,206.97999572753906,4620500.0,204.4163055419922
2019-06-18,210.1699981689453,207.11000061035156,208.10000610351562,207.47999572753906,3891300.0,204.9101104736328
2019-06-19,208.47999572753906,205.89999389648438,207.89999389648438,207.94000244140625,3648200.0,205.36444091796875
2019-06-20,211.66000366210938,209.30999755859375,209.57000732421875,211.25,5171500.0,208.6334228515625
2019-06-21,211.99000549316406,209.0800018310547,211.25999450683594,209.38999938964844,9855000.0,206.79647827148438
2019-06-24,209.25999450683594,205.1199951171875,208.14999389648438,205.5,4943500.0,202.95465087890625
2019-06-25,207.10000610351562,204.1999969482422,206.3000030517578,204.74000549316406,3587900.0,202.2040557861328
2019-06-26,207.32000732421875,204.64999389648438,205.33999633789062,206.4199981689453,3071200.0,203.86325073242188
2019-06-27,208.0,206.00999450683594,207.61000061035156,207.02000427246094,2286800.0,204.45582580566406
2019-06-28,209.0,207.38999938964844,207.77000427246094,207.97000122070312,11069000.0,205.39405822753906
2019-07-01,212.30999755859375,208.1699981689453,209.6999969482422,210.27999877929688,4097700.0,207.67544555664062
2019-07-02,210.25999450683594,208.4600067138672,210.24000549316406,210.13999938964844,3160500.0,207.53717041015625
2019-07-03,212.75,209.6999969482422,209.82000732421875,212.10000610351562,2183700.0,209.472900390625
2019-07-05,212.1699981689453,209.72999572753906,209.97000122070312,211.4600067138672,2547800.0,208.84083557128906
2019-07-08,213.44000244140625,210.58999633789062,210.97999572753906,212.91000366210938,2705300.0,210.2728729248047
2019-07-09,213.3300018310547,211.1999969482422,211.92999267578125,212.0,2397400.0,209.3741455078125
2019-07-10,211.32000732421875,208.8300018310547,210.72000122070312,210.75,3457400.0,208.13961791992188
2019-07-11,214.0800018310547,211.02000427246094,212.25,214.0399932861328,3450100.0,211.3888702392578
2019-07-12,218.25,214.61000061035156,215.0,218.22999572753906,4429800.0,215.5269775390625
2019-07-15,219.3000030517578,216.80999755859375,218.9499969482422,218.6999969482422,3141300.0,215.99114990234375
2019-07-16,218.35000610351562,216.72999572753906,217.3000030517578,217.25999450683594,2657400.0,214.56898498535156
2019-07-17,217.5800018310547,215.61000061035156,216.72999572753906,215.61000061035156,3037300.0,212.93942260742188
2019-07-18,216.22999572753906,213.00999450683594,215.5,214.44000244140625,3069600.0,211.78392028808594
2019-07-19,215.22999572753906,212.92999267578125,214.6699981689453,213.0399932861328,3254800.0,210.40126037597656
2019-07-22,213.25999450683594,210.3800048828125,213.0,211.27000427246094,2764900.0,208.65318298339844
2019-07-23,214.1300048828125,211.72999572753906,212.57000732421875,213.0800018310547,2589900.0,210.44076538085938
2019-07-24,214.7899932861328,213.07000732421875,213.19000244140625,214.7100067138672,2207100.0,212.0505828857422
2019-07-25,215.9199981689453,213.6300048828125,214.27999877929688,215.5500030517578,2335300.0,212.8801727294922
2019-07-26,217.2100067138672,214.10000610351562,215.52999877929688,216.91000366210938,2675500.0,214.22332763671875
2019-07-29,218.27000427246094,216.35000610351562,216.7899932861328,218.0399932861328,2407200.0,215.33932495117188
2019-07-30,218.58999633789062,216.86000061035156,217.52000427246094,217.36000061035156,2151300.0,214.66773986816406
2019-07-31,217.8000030517578,212.1699981689453,216.35000610351562,213.69000244140625,3426400.0,211.043212890625
2019-08-01,217.61000061035156,212.02000427246094,214.13999938964844,212.8300018310547,3431500.0,210.19386291503906
2019-08-02,213.13999938964844,211.0800018310547,211.86000061035156,212.14999389648438,2884900.0,209.52227783203125
2019-08-05,209.9600067138672,204.0800018310547,209.52999877929688,204.94000244140625,4553200.0,202.40158081054688
2019-08-06,209.08999633789062,204.5,205.00999450683594,208.8000030517578,3646800.0,206.21377563476562
2019-08-07,208.5,203.1300048828125,206.0399932861328,207.91000366210938,3901100.0,205.33480834960938
2019-08-08,211.69000244140625,208.72000122070312,209.6999969482422,211.57000732421875,2968000.0,208.94947814941406
2019-08-09,212.41000366210938,207.9499969482422,211.4499969482422,210.02000427246094,2912100.0,207.41867065429688
2019-08-12,209.63999938964844,206.14999389648438,208.10000610351562,207.00999450683594,1782600.0,204.44593811035156
2019-08-13,211.6199951171875,204.77999877929688,206.30999755859375,208.3300018310547,3876700.0,205.74960327148438
2019-08-14,205.36000061035156,201.50999450683594,204.4600067138672,201.58999633789062,4582100.0,199.0930633544922
2019-08-15,203.75999450683594,199.0500030517578,203.0,201.7899932861328,4199700.0,199.29058837890625
2019-08-16,204.42999267578125,201.6699981689453,203.75,203.64999389648438,4093600.0,201.12754821777344
2019-08-19,208.82000732421875,205.3000030517578,206.97999572753906,207.9499969482422,6413600.0,205.37429809570312
2019-08-20,217.85000610351562,212.1699981689453,213.5,217.08999633789062,12452600.0,214.40109252929688
2019-08-21,220.8800048828125,216.75999450683594,218.72999572753906,220.39999389648438,7938600.0,217.6700897216797
2019-08-22,222.66000366210938,219.8800048828125,220.0500030517578,221.02000427246094,4544600.0,218.2824249267578
2019-08-23,220.8699951171875,216.00999450683594,219.89999389648438,217.47000122070312,5769300.0,214.77638244628906
2019-08-26,219.5,216.17999267578125,218.4600067138672,218.64999389648438,3680200.0,215.9417724609375
2019-08-27,220.41000366210938,217.91000366210938,219.5500030517578,218.2100067138672,4311700.0,215.50721740722656
2019-08-28,222.08999633789062,217.11000061035156,217.8800048828125,221.9499969482422,3066700.0,219.20089721679688
2019-08-29,227.6999969482422,223.75999450683594,223.89999389648438,227.32000732421875,4184200.0,224.50439453125
2019-08-30,229.27000427246094,226.69000244140625,228.42999267578125,227.91000366210938,3768300.0,225.0870819091797
2019-09-03,227.6300048828125,223.3800048828125,226.4499969482422,224.07000732421875,4139400.0,221.29464721679688
2019-09-04,224.14999389648438,220.6699981689453,223.9499969482422,224.14999389648438,3132900.0,222.72547912597656
2019-09-05,228.77999877929688,226.25,226.3000030517578,228.14999389648438,3373100.0,226.70005798339844
2019-09-06,231.3699951171875,227.8800048828125,228.6999969482422,231.1300048828125,3237900.0,229.6611328125
2019-09-09,233.8699951171875,230.0800018310547,231.5,232.8699951171875,4449100.0,231.3900604248047
2019-09-10,233.02000427246094,229.7100067138672,232.25,233.0,4210600.0,231.5192413330078
2019-09-11,233.67999267578125,231.02000427246094,232.92999267578125,232.66000366210938,2978300.0,231.18141174316406
2019-09-12,235.49000549316406,233.11000061035156,233.4199981689453,233.8000030517578,3366100.0,232.3141632080078
2019-09-13,234.97000122070312,232.3300018310547,234.3300018310547,233.97999572753906,3805500.0,232.49301147460938
2019-09-16,233.61000061035156,230.61000061035156,232.72999572753906,230.99000549316406,3120200.0,229.5220184326172
2019-09-17,230.3300018310547,226.47000122070312,226.7899932861328,230.2100067138672,3732500.0,228.74697875976562
2019-09-18,231.52999877929688,229.00999450683594,230.3699951171875,230.8300018310547,3341800.0,229.363037109375
2019-09-19,231.39999389648438,227.9499969482422,231.14999389648438,228.1199951171875,3134000.0,226.67025756835938
2019-09-20,230.0500030517578,224.22999572753906,227.99000549316406,224.6699981689453,7687700.0,223.2421875
2019-09-23,227.13999938964844,223.9499969482422,224.16000366210938,226.25,2754000.0,224.81214904785156
2019-09-24,230.24000549316406,224.77999877929688,228.13999938964844,225.41000366210938,4511300.0,223.97747802734375
2019-09-25,228.4499969482422,224.5,226.58999633789062,228.10000610351562,3716700.0,226.650390625
2019-09-26,231.1199951171875,229.0,229.67999267578125,229.7899932861328,4200600.0,228.3296356201172
2019-09-27,231.75,229.1300048828125,231.61000061035156,229.86000061035156,3152000.0,228.39920043945312
2019-09-30,232.58999633789062,230.1199951171875,230.19000244140625,232.02000427246094,3249200.0,230.54547119140625
2019-10-01,234.50999450683594,230.72000122070312,233.00999450683594,231.0800018310547,3335400.0,229.6114501953125
2019-10-02,230.60000610351562,224.33999633789062,230.60000610351562,225.5500030517578,4336100.0,224.11659240722656
2019-10-03,226.80999755859375,222.1199951171875,225.0,226.80999755859375,2777700.0,225.3685760498047
2019-10-04,229.2100067138672,227.02000427246094,227.1699981689453,227.92999267578125,3163100.0,226.48146057128906
2019-10-07,228.1300048828125,226.0500030517578,227.50999450683594,226.74000549316406,2917600.0,225.29904174804688
2019-10-08,228.77999877929688,225.10000610351562,225.36000061035156,226.6699981689453,3438500.0,225.22947692871094
2019-10-09,229.55999755859375,226.61000061035156,228.5,228.94000244140625,2657600.0,227.48504638671875
2019-10-10,232.24000549316406,229.0800018310547,229.33999633789062,231.61000061035156,2781500.0,230.13807678222656
2019-10-11,236.6999969482422,233.75999450683594,234.32000732421875,234.66000366210938,3459200.0,233.168701171875
2019-10-14,235.49000549316406,234.05999755859375,234.22000122070312,234.17999267578125,2183900.0,232.69174194335938
2019-10-15,236.86000061035156,234.60000610351562,234.69000244140625,235.6199951171875,2663300.0,234.12258911132812
2019-10-16,236.1699981689453,233.83999633789062,235.4199981689453,235.89999389648438,2388100.0,234.4008026123047
2019-10-17,238.1699981689453,235.50999450683594,236.36000061035156,236.77000427246094,2250500.0,235.26528930664062
2019-10-18,238.72999572753906,235.63999938964844,236.99000549316406,237.92999267578125,3662500.0,236.41790771484375
2019-10-21,238.99000549316406,235.61000061035156,238.25999450683594,236.6999969482422,2041700.0,235.1957244873047
2019-10-22,238.3000030517578,236.52000427246094,237.3000030517578,237.1999969482422,2003200.0,235.6925506591797
2019-10-23,237.41000366210938,234.36000061035156,236.66000366210938,234.6699981689453,2110500.0,233.1786346435547
2019-10-24,236.3699951171875,233.07000732421875,234.80999755859375,233.88999938964844,2173900.0,232.40359497070312
2019-10-25,235.4199981689453,232.5500030517578,233.49000549316406,234.3800048828125,2210700.0,232.89048767089844
2019-10-28,236.9600067138672,234.55999755859375,234.9499969482422,236.8000030517578,2704800.0,235.29510498046875
2019-10-29,237.5,233.9199981689453,236.83999633789062,234.13999938964844,2558000.0,232.65200805664062
2019-10-30,236.60000610351562,232.8800048828125,233.50999450683594,236.24000549316406,1956400.0,234.73866271972656
2019-10-31,237.38999938964844,233.22000122070312,236.86000061035156,234.5800018310547,2824100.0,233.08920288085938
2019-11-01,237.4499969482422,235.05999755859375,236.07000732421875,237.33999633789062,2197000.0,235.8316650390625
2019-11-04,238.38999938964844,233.8800048828125,238.27000427246094,234.9199981689453,2542400.0,233.4270477294922
2019-11-05,234.9199981689453,230.27000427246094,234.74000549316406,232.1999969482422,3624500.0,230.72433471679688
2019-11-06,234.0399932861328,231.88999938964844,232.8300018310547,234.00999450683594,2631900.0,232.5228271484375
2019-11-07,235.7899932861328,231.75999450683594,234.0,232.94000244140625,2832500.0,231.45962524414062
2019-11-08,233.25999450683594,231.6300048828125,232.8000030517578,232.83999633789062,2088400.0,231.36026000976562
2019-11-11,232.27999877929688,230.17999267578125,230.5,231.8000030517578,2309600.0,230.32687377929688
2019-11-12,234.6300048828125,232.0,232.14999389648438,233.1199951171875,2991100.0,231.6384735107422
2019-11-13,234.89999389648438,230.85000610351562,232.08999633789062,234.8000030517578,2399600.0,233.3078155517578
2019-11-14,236.94000244140625,234.0399932861328,235.0,236.5500030517578,2282200.0,235.04669189453125
2019-11-15,238.0500030517578,236.36000061035156,237.69000244140625,237.2899932861328,3524700.0,235.781982421875
2019-11-18,239.30999755859375,236.75999450683594,238.44000244140625,238.85000610351562,5747400.0,237.3320770263672
2019-11-19,233.1199951171875,225.39999389648438,230.60000610351562,225.86000061035156,14972200.0,224.42462158203125
2019-11-20,225.0,220.57000732421875,224.5500030517578,220.89999389648438,10225400.0,219.4961395263672
2019-11-21,222.30999755859375,218.5,221.94000244140625,218.5399932861328,7823700.0,217.15113830566406
2019-11-22,219.1300048828125,217.80999755859375,218.5,218.02999877929688,5786500.0,216.64437866210938
2019-11-25,218.52999877929688,216.8800048828125,218.0,218.39999389648438,8865400.0,217.01202392578125
2019-11-26,220.9600067138672,218.38999938964844,218.75999450683594,220.75999450683594,9981400.0,219.35702514648438
2019-11-27,223.4499969482422,220.66000366210938,221.67999267578125,223.0,6687500.0,221.58279418945312
2019-11-29,223.3300018310547,220.2899932861328,223.3000030517578,220.50999450683594,2952900.0,219.10861206054688
2019-12-02,221.19000244140625,217.4600067138672,220.89999389648438,217.6199951171875,4416300.0,216.2369842529297
2019-12-03,216.4499969482422,212.92999267578125,216.4499969482422,214.0,6505400.0,212.63999938964844
2019-12-04,214.9600067138672,213.19000244140625,213.5,214.10000610351562,4256200.0,214.10000610351562
2019-12-05,214.5,211.77000427246094,214.36000061035156,213.0,4580500.0,213.0
2019-12-06,215.36000061035156,213.89999389648438,214.2100067138672,214.27999877929688,4193700.0,214.27999877929688
2019-12-09,217.8800048828125,214.17999267578125,214.2899932861328,216.52999877929688,5111100.0,216.52999877929688
2019-12-10,216.69000244140625,215.10000610351562,216.52000427246094,215.89999389648438,4663000.0,215.89999389648438
2019-12-11,213.64999389648438,210.61000061035156,211.02999877929688,212.0,8284800.0,212.0
2019-12-12,214.1300048828125,210.72999572753906,212.5,212.0399932861328,9915100.0,212.0399932861328
2019-12-13,214.22999572753906,210.6699981689453,212.1199951171875,214.0800018310547,6869200.0,214.0800018310547
2019-12-16,216.72000122070312,214.3000030517578,214.42999267578125,215.52999877929688,5850300.0,215.52999877929688
2019-12-17,219.4499969482422,215.8699951171875,216.02000427246094,217.72000122070312,7574400.0,217.72000122070312
2019-12-18,219.58999633789062,217.63999938964844,218.2100067138672,218.0,6677400.0,218.0
2019-12-19,220.77000427246094,218.27999877929688,218.47999572753906,220.22000122070312,5405000.0,220.22000122070312
2019-12-20,221.57000732421875,219.8000030517578,220.58999633789062,221.19000244140625,7778200.0,221.19000244140625
2019-12-23,222.0,219.13999938964844,222.0,219.2100067138672,3943700.0,219.2100067138672
2019-12-24,221.0399932861328,219.22000122070312,219.5,220.6699981689453,2260700.0,220.6699981689453
2019-12-26,221.14999389648438,219.58999633789062,220.74000549316406,220.82000732421875,2649200.0,220.82000732421875
2019-12-27,221.7899932861328,219.77999877929688,221.1999969482422,219.97000122070312,3082800.0,219.97000122070312
2019-12-30,220.49000549316406,216.5500030517578,220.3699951171875,217.30999755859375,3952400.0,217.30999755859375
2019-12-31,218.50999450683594,216.44000244140625,217.10000610351562,218.3800048828125,3789900.0,218.3800048828125
2020-01-02,219.75999450683594,217.83999633789062,219.0800018310547,219.66000366210938,3935700.0,219.66000366210938
2020-01-03,219.67999267578125,216.75,217.13999938964844,218.92999267578125,3423200.0,218.92999267578125
2020-01-06,220.0,216.39999389648438,216.49000549316406,219.9600067138672,5682800.0,219.9600067138672
2020-01-07,220.55999755859375,216.89999389648438,219.5,218.52000427246094,5685400.0,218.52000427246094
2020-01-08,222.97000122070312,218.6699981689453,218.8000030517578,221.7899932861328,4916200.0,221.7899932861328
2020-01-09,225.5500030517578,221.85000610351562,222.63999938964844,225.19000244140625,4843600.0,225.19000244140625
2020-01-10,225.49000549316406,223.02999877929688,224.75,224.22000122070312,4226600.0,224.22000122070312
2020-01-13,224.50999450683594,222.67999267578125,224.5,223.33999633789062,6060900.0,223.33999633789062
2020-01-14,224.9499969482422,222.30999755859375,222.47999572753906,222.80999755859375,3915100.0,222.80999755859375
2020-01-15,224.97999572753906,222.1300048828125,222.27999877929688,224.58999633789062,3444300.0,224.58999633789062
2020-01-16,228.86000061035156,225.39999389648438,225.92999267578125,228.82000732421875,5390800.0,228.82000732421875
2020-01-17,232.60000610351562,228.91000366210938,229.61000061035156,231.91000366210938,7979200.0,231.91000366210938
2020-01-21,233.66000366210938,231.05999755859375,231.52999877929688,232.9499969482422,4873500.0,232.9499969482422
2020-01-22,236.52999877929688,232.8800048828125,233.7899932861328,232.89999389648438,4030800.0,232.89999389648438
2020-01-23,234.82000732421875,230.63999938964844,232.1300048828125,233.64999389648438,4617900.0,233.64999389648438
2020-01-24,235.42999267578125,230.55999755859375,234.4600067138672,232.0,4467500.0,232.0
2020-01-27,232.47000122070312,228.1999969482422,228.1999969482422,231.19000244140625,3595600.0,231.19000244140625
2020-01-28,235.25,231.35000610351562,231.82000732421875,233.86000061035156,3621900.0,233.86000061035156
2020-01-29,235.8800048828125,233.39999389648438,234.89999389648438,234.02000427246094,2564000.0,234.02000427246094
