Date,High,Low,Open,Close,Volume,Adj Close
2017-02-03,176.33999633789062,174.88999938964844,175.0,175.82000732421875,3309300.0,154.51954650878906
2017-02-06,175.97999572753906,174.3800048828125,175.30999755859375,175.86000061035156,2650800.0,154.55467224121094
2017-02-07,178.6199951171875,175.89999389648438,176.0,178.4600067138672,3873500.0,156.83973693847656
2017-02-08,177.5,175.8800048828125,177.5,176.1699981689453,2913100.0,156.05136108398438
2017-02-09,177.8000030517578,175.91000366210938,176.1699981689453,177.2100067138672,3090700.0,156.97262573242188
2017-02-10,178.8699951171875,176.75999450683594,177.3699951171875,178.67999267578125,2930700.0,158.2747039794922
2017-02-13,179.89999389648438,178.83999633789062,179.24000549316406,179.36000061035156,3093400.0,158.87705993652344
2017-02-14,180.1300048828125,178.35000610351562,178.57000732421875,180.1300048828125,2776500.0,159.55911254882812
2017-02-15,181.9199981689453,179.80999755859375,180.1999969482422,181.67999267578125,2914300.0,160.93211364746094
2017-02-16,182.7899932861328,180.8699951171875,181.4499969482422,181.42999267578125,3251500.0,160.71063232421875
2017-02-17,181.57000732421875,180.0,181.25,180.6699981689453,3552500.0,160.03744506835938
2017-02-21,180.7899932861328,179.1199951171875,180.60000610351562,180.25999450683594,4480300.0,159.67430114746094
2017-02-22,181.33999633789062,180.08999633789062,180.08999633789062,181.14999389648438,3020500.0,160.46263122558594
2017-02-23,182.5,180.9199981689453,182.0,181.64999389648438,2282500.0,160.9055633544922
2017-02-24,181.49000549316406,179.88999938964844,180.2100067138672,181.35000610351562,3300100.0,160.63980102539062
2017-02-27,181.25,179.27999877929688,181.19000244140625,179.39999389648438,3691300.0,158.9124755859375
2017-02-28,180.6300048828125,179.35000610351562,179.3800048828125,179.82000732421875,3273400.0,159.28453063964844
2017-03-01,182.5500030517578,180.02999877929688,180.47999572753906,181.9499969482422,3005600.0,161.17129516601562
2017-03-02,181.8800048828125,180.42999267578125,181.8800048828125,180.52999877929688,2918200.0,159.9134521484375
2017-03-03,181.32000732421875,179.75999450683594,180.52999877929688,180.0500030517578,1822000.0,159.48825073242188
2017-03-06,180.99000549316406,179.57000732421875,179.72000122070312,180.47000122070312,3204400.0,159.86032104492188
2017-03-07,181.2899932861328,180.1999969482422,180.7100067138672,180.3800048828125,2980500.0,159.78057861328125
2017-03-08,180.9499969482422,179.3000030517578,180.75,179.4499969482422,3557400.0,158.95677185058594
2017-03-09,179.25,175.8800048828125,179.14999389648438,177.17999267578125,5444100.0,156.94601440429688
2017-03-10,179.49000549316406,177.4199981689453,178.2100067138672,177.8300018310547,3100300.0,157.52178955078125
2017-03-13,178.05999755859375,176.4199981689453,177.85000610351562,176.4600067138672,3482200.0,156.30824279785156
2017-03-14,176.82000732421875,175.2100067138672,176.17999267578125,175.72000122070312,3147500.0,155.65274047851562
2017-03-15,176.27999877929688,174.75,175.7100067138672,175.80999755859375,3815500.0,155.7324676513672
2017-03-16,179.0,176.82000732421875,178.4600067138672,177.24000549316406,4311800.0,156.99913024902344
2017-03-17,176.7899932861328,175.64999389648438,176.2899932861328,175.64999389648438,5921000.0,155.59075927734375
2017-03-20,176.17999267578125,175.13999938964844,175.64999389648438,175.6999969482422,2476100.0,155.63504028320312
2017-03-21,176.22999572753906,173.83999633789062,176.00999450683594,173.8800048828125,3927700.0,154.02288818359375
2017-03-22,175.05999755859375,172.8000030517578,174.0399932861328,174.77999877929688,3450500.0,154.8201141357422
2017-03-23,175.6699981689453,173.55999755859375,174.42999267578125,174.82000732421875,3740000.0,154.85556030273438
2017-03-24,175.5,173.38999938964844,175.1199951171875,173.8300018310547,3221700.0,153.9785919189453
2017-03-27,174.16000366210938,172.08999633789062,172.69000244140625,173.77000427246094,3259000.0,153.92544555664062
2017-03-28,175.0,173.0,173.94000244140625,174.50999450683594,3523900.0,154.58091735839844
2017-03-29,174.49000549316406,173.4600067138672,174.3000030517578,173.94000244140625,3085600.0,154.07603454589844
2017-03-30,174.58999633789062,173.69000244140625,173.86000061035156,173.86000061035156,3168300.0,154.00515747070312
2017-03-31,174.9499969482422,173.69000244140625,173.97999572753906,174.13999938964844,2913700.0,154.253173828125
2017-04-03,174.8699951171875,173.3800048828125,173.82000732421875,174.5,4286500.0,154.5720672607422
2017-04-04,174.9600067138672,173.25999450683594,173.52000427246094,174.52000427246094,3108900.0,154.5897979736328
2017-04-05,176.3300018310547,172.80999755859375,174.6999969482422,172.8800048828125,6238900.0,153.13706970214844
2017-04-06,173.47000122070312,172.25,173.47000122070312,172.4499969482422,3435400.0,152.7561798095703
2017-04-07,172.92999267578125,171.27999877929688,172.0800018310547,172.13999938964844,3588300.0,152.48159790039062
2017-04-10,172.55999755859375,171.0,172.52999877929688,171.1999969482422,3789900.0,151.64892578125
2017-04-11,171.22999572753906,168.97999572753906,170.64999389648438,170.5800018310547,4891900.0,151.09976196289062
2017-04-12,171.1999969482422,170.02000427246094,171.0399932861328,170.66000366210938,3276900.0,151.1705780029297
2017-04-13,171.36000061035156,169.52999877929688,169.9199981689453,169.52999877929688,3205500.0,150.16964721679688
2017-04-17,171.3000030517578,169.6199951171875,169.75,171.10000610351562,3720200.0,151.5603485107422
2017-04-18,171.69000244140625,169.8300018310547,170.7899932861328,170.0500030517578,6345500.0,150.63027954101562
2017-04-19,162.63999938964844,159.60000610351562,161.75999450683594,161.69000244140625,19284300.0,143.22496032714844
2017-04-20,162.39999389648438,160.5,161.32000732421875,162.3000030517578,6486800.0,143.76531982421875
2017-04-21,162.11000061035156,160.3800048828125,162.0500030517578,160.3800048828125,5607800.0,142.0645751953125
2017-04-24,161.57000732421875,160.4199981689453,161.2899932861328,160.75,5320600.0,142.39230346679688
2017-04-25,162.0399932861328,160.3800048828125,161.77999877929688,160.38999938964844,4860400.0,142.07347106933594
2017-04-26,161.10000610351562,159.88999938964844,160.52999877929688,160.05999755859375,4327800.0,141.78111267089844
2017-04-27,160.47999572753906,159.6300048828125,160.2899932861328,160.32000732421875,4122600.0,142.01144409179688
2017-04-28,160.58999633789062,159.6999969482422,160.5,160.2899932861328,4154100.0,141.98484802246094
2017-05-01,160.4199981689453,158.6999969482422,160.0500030517578,158.83999633789062,4935300.0,140.700439453125
2017-05-02,159.49000549316406,158.63999938964844,159.44000244140625,159.10000610351562,3208200.0,140.93075561523438
2017-05-03,159.4499969482422,158.52000427246094,158.74000549316406,158.6300048828125,3993300.0,140.51441955566406
2017-05-04,159.13999938964844,158.36000061035156,158.88999938964844,159.0500030517578,4280600.0,140.88645935058594
2017-05-05,155.77999877929688,153.0,153.52000427246094,155.0500030517578,12521300.0,137.34326171875
2017-05-08,153.47000122070312,152.1999969482422,152.8000030517578,153.02999877929688,7492000.0,136.8781280517578
2017-05-09,153.10000610351562,151.55999755859375,152.60000610351562,152.11000061035156,6853000.0,136.05523681640625
2017-05-10,152.3699951171875,151.1300048828125,151.64999389648438,151.25,4999900.0,135.28604125976562
2017-05-11,151.14999389648438,149.7899932861328,151.0500030517578,150.64999389648438,5627900.0,134.74935913085938
2017-05-12,151.25999450683594,150.0,150.3000030517578,150.3699951171875,3715300.0,134.4989013671875
2017-05-15,151.8300018310547,150.4499969482422,150.6199951171875,151.50999450683594,4245500.0,135.51858520507812
2017-05-16,153.99000549316406,151.66000366210938,151.66000366210938,153.67999267578125,5513700.0,137.45953369140625
2017-05-17,154.13999938964844,150.88999938964844,153.3000030517578,150.92999267578125,5191500.0,134.99978637695312
2017-05-18,151.3300018310547,150.11000061035156,150.86000061035156,150.77999877929688,3274200.0,134.86563110351562
2017-05-19,152.4600067138672,150.88999938964844,151.00999450683594,151.97999572753906,5643000.0,135.93899536132812
2017-05-22,152.83999633789062,151.60000610351562,152.10000610351562,152.63999938964844,3302100.0,136.52931213378906
2017-05-23,153.67999267578125,151.9199981689453,152.57000732421875,152.02999877929688,2564500.0,135.98370361328125
2017-05-24,152.75999450683594,151.22999572753906,152.2100067138672,152.50999450683594,3732400.0,136.4130401611328
2017-05-25,153.72999572753906,152.9499969482422,153.25,153.1999969482422,2582700.0,137.03021240234375
2017-05-26,153.0,152.05999755859375,152.85000610351562,152.49000549316406,2443300.0,136.3951416015625
2017-05-30,152.6699981689453,151.58999633789062,151.9499969482422,151.72999572753906,3666000.0,135.71533203125
2017-05-31,152.8000030517578,151.64999389648438,152.02999877929688,152.6300048828125,3543400.0,136.52040100097656
2017-06-01,152.8699951171875,151.6300048828125,152.8000030517578,152.6699981689453,2918100.0,136.55615234375
2017-06-02,153.1999969482422,151.8000030517578,153.07000732421875,152.0500030517578,3585700.0,136.00157165527344
2017-06-05,152.92999267578125,151.67999267578125,151.82000732421875,152.41000366210938,3975100.0,136.3236083984375
2017-06-06,152.88999938964844,152.0,152.0,152.3699951171875,3797200.0,136.2877960205078
2017-06-07,154.1999969482422,150.8000030517578,153.0500030517578,150.97999572753906,4865700.0,135.04452514648438
2017-06-08,152.82000732421875,150.9199981689453,151.0,152.10000610351562,3709000.0,136.04629516601562
2017-06-09,154.25999450683594,151.8800048828125,152.0,154.10000610351562,4361500.0,137.83522033691406
2017-06-12,157.1999969482422,154.02000427246094,154.19000244140625,155.17999267578125,6471500.0,138.80120849609375
2017-06-13,155.47999572753906,154.14999389648438,155.44000244140625,154.25,3523500.0,137.96939086914062
2017-06-14,154.94000244140625,152.94000244140625,153.97000122070312,153.80999755859375,3049100.0,137.57582092285156
2017-06-15,154.69000244140625,153.2899932861328,153.2899932861328,154.22000122070312,4654300.0,137.94253540039062
2017-06-16,155.4199981689453,152.97000122070312,154.22999572753906,155.3800048828125,6742000.0,138.98011779785156
2017-06-19,155.86000061035156,154.5399932861328,155.50999450683594,154.83999633789062,4629500.0,138.4971160888672
2017-06-20,155.38999938964844,154.25,154.47999572753906,154.9499969482422,4481700.0,138.5955047607422
2017-06-21,155.7899932861328,153.38999938964844,155.7899932861328,153.7899932861328,3959700.0,137.55792236328125
2017-06-22,154.99000549316406,153.69000244140625,154.5500030517578,154.39999389648438,2376500.0,138.10354614257812
2017-06-23,154.67999267578125,153.8000030517578,154.33999633789062,154.11000061035156,3282200.0,137.8441619873047
2017-06-26,155.75,154.6300048828125,154.7100067138672,155.22999572753906,2153500.0,138.845947265625
2017-06-27,155.33999633789062,154.5,155.0,154.75,2386500.0,138.41659545898438
2017-06-28,155.5500030517578,154.77999877929688,155.14999389648438,155.32000732421875,2221000.0,138.9264678955078
2017-06-29,155.74000549316406,153.6199951171875,155.35000610351562,154.1300048828125,3262200.0,137.86207580566406
2017-06-30,154.5,153.13999938964844,154.27999877929688,153.8300018310547,3571500.0,137.59371948242188
2017-07-03,156.02999877929688,153.52000427246094,153.5800018310547,155.5800018310547,2822500.0,139.1589813232422
2017-07-05,155.88999938964844,153.6300048828125,155.77000427246094,153.6699981689453,3564400.0,137.45059204101562
2017-07-06,153.8300018310547,152.22999572753906,153.36000061035156,152.36000061035156,2757500.0,136.2788848876953
2017-07-07,153.49000549316406,152.13999938964844,152.6199951171875,152.94000244140625,2460100.0,136.79766845703125
2017-07-10,153.88999938964844,152.6300048828125,152.91000366210938,153.4199981689453,3206200.0,137.2269744873047
2017-07-11,153.64999389648438,152.0500030517578,153.25999450683594,153.19000244140625,3447500.0,137.02127075195312
2017-07-12,154.24000549316406,153.0500030517578,153.47999572753906,153.6999969482422,3097900.0,137.47743225097656
2017-07-13,154.19000244140625,153.19000244140625,153.6999969482422,153.6300048828125,2476100.0,137.4148406982422
2017-07-14,154.6199951171875,153.39999389648438,154.00999450683594,154.24000549316406,3256400.0,137.96044921875
2017-07-17,153.8800048828125,152.24000549316406,153.58999633789062,153.00999450683594,4762600.0,136.86026000976562
2017-07-18,154.2899932861328,152.0,152.36000061035156,154.0,7566800.0,137.74574279785156
2017-07-19,150.25,146.7100067138672,150.02000427246094,147.52999877929688,14293600.0,131.95863342285156
2017-07-20,148.8300018310547,147.02999877929688,147.52999877929688,147.66000366210938,7212200.0,132.07493591308594
2017-07-21,147.8699951171875,146.50999450683594,147.58999633789062,147.0800018310547,6509500.0,131.55615234375
2017-07-24,147.0399932861328,145.8000030517578,147.0,145.99000549316406,3877600.0,130.58123779296875
2017-07-25,147.49000549316406,146.02999877929688,146.57000732421875,146.19000244140625,4208900.0,130.76011657714844
2017-07-26,146.4600067138672,144.47000122070312,146.27000427246094,145.36000061035156,3932400.0,130.01768493652344
2017-07-27,145.39999389648438,143.63999938964844,145.0,145.07000732421875,6430800.0,129.75833129882812
2017-07-28,145.0399932861328,143.83999633789062,144.80999755859375,144.2899932861328,3054800.0,129.0606231689453
2017-07-31,144.92999267578125,144.1699981689453,144.3800048828125,144.6699981689453,4355700.0,129.4005126953125
2017-08-01,145.6699981689453,144.72000122070312,145.0,145.3000030517578,3219500.0,129.9640350341797
2017-08-02,145.2899932861328,144.22000122070312,145.1199951171875,144.4499969482422,3540900.0,129.2037353515625
2017-08-03,145.33999633789062,144.42999267578125,144.42999267578125,144.94000244140625,3035400.0,129.64202880859375
2017-08-04,145.38999938964844,144.39999389648438,145.0,145.16000366210938,2549400.0,129.8388214111328
2017-08-07,145.08999633789062,142.75,145.0,143.47000122070312,4618300.0,128.32716369628906
2017-08-08,142.75999450683594,142.0,142.0,142.11000061035156,3298700.0,128.4537353515625
2017-08-09,142.02999877929688,141.19000244140625,141.75,141.77000427246094,2925800.0,128.1464080810547
2017-08-10,142.4199981689453,141.22999572753906,141.63999938964844,141.83999633789062,4525400.0,128.2096405029297
2017-08-11,142.58999633789062,141.52000427246094,142.4499969482422,141.83999633789062,3004000.0,128.2096405029297
2017-08-14,142.75999450683594,141.94000244140625,142.0,142.32000732421875,2248600.0,128.6435546875
2017-08-15,143.33999633789062,140.5800018310547,142.5500030517578,142.07000732421875,4681500.0,128.4176025390625
2017-08-16,142.91000366210938,141.61000061035156,141.7899932861328,142.5,3287800.0,128.80624389648438
2017-08-17,142.88999938964844,140.6999969482422,142.52000427246094,140.6999969482422,4422100.0,127.17921447753906
2017-08-18,141.14999389648438,139.5800018310547,140.8699951171875,139.6999969482422,4152700.0,126.27532958984375
2017-08-21,140.4199981689453,139.1300048828125,139.58999633789062,140.3300018310547,3190700.0,126.84475708007812
2017-08-22,141.14999389648438,140.3800048828125,140.63999938964844,141.00999450683594,2544400.0,127.45941925048828
2017-08-23,143.0500030517578,140.67999267578125,140.6999969482422,142.13999938964844,4048300.0,128.4808349609375
2017-08-24,143.67999267578125,142.25,142.5,142.94000244140625,3592200.0,129.20394897460938
2017-08-25,144.19000244140625,143.25,143.3000030517578,143.74000549316406,2872900.0,129.9270782470703
2017-08-28,144.55999755859375,142.38999938964844,144.11000061035156,142.50999450683594,5086000.0,128.81527709960938
2017-08-29,143.42999267578125,141.89999389648438,142.10000610351562,143.13999938964844,3009500.0,129.38475036621094
2017-08-30,143.27999877929688,142.41000366210938,143.25999450683594,142.55999755859375,2736000.0,128.86048889160156
2017-08-31,143.66000366210938,142.6300048828125,143.02000427246094,143.02999877929688,3656400.0,129.28530883789062
2017-09-01,144.5,142.97999572753906,142.97999572753906,144.0800018310547,3351700.0,130.2344207763672
2017-09-05,144.36000061035156,142.6999969482422,143.5,143.0399932861328,3097500.0,129.2943572998047
2017-09-06,144.47000122070312,143.5,143.8800048828125,143.82000732421875,3273300.0,129.99942016601562
2017-09-07,144.63999938964844,142.41000366210938,144.10000610351562,142.89999389648438,4188200.0,129.1678009033203
2017-09-08,143.14999389648438,141.63999938964844,143.14999389648438,142.4499969482422,3366200.0,128.7610626220703
2017-09-11,145.1300048828125,143.00999450683594,143.5399932861328,144.86000061035156,4613400.0,130.93943786621094
2017-09-12,146.3699951171875,144.50999450683594,145.11000061035156,145.75999450683594,5238100.0,131.75294494628906
2017-09-13,146.2899932861328,145.33999633789062,145.35000610351562,145.99000549316406,4101000.0,131.9608917236328
2017-09-14,146.3800048828125,145.50999450683594,145.86000061035156,145.5399932861328,3756900.0,131.5541229248047
2017-09-15,145.1699981689453,144.0800018310547,144.82000732421875,144.82000732421875,7397200.0,130.90330505371094
2017-09-18,145.47999572753906,144.27000427246094,144.80999755859375,144.5500030517578,3019500.0,130.65924072265625
2017-09-19,144.97999572753906,144.22000122070312,144.7899932861328,144.38999938964844,3464400.0,130.51461791992188
2017-09-20,145.8800048828125,144.4199981689453,144.92999267578125,145.8800048828125,5447500.0,131.86143493652344
2017-09-21,145.88999938964844,145.10000610351562,145.64999389648438,145.25999450683594,2555600.0,131.30104064941406
2017-09-22,145.58999633789062,144.58999633789062,145.58999633789062,145.1300048828125,2792300.0,131.1835174560547
2017-09-25,146.02999877929688,144.91000366210938,145.1199951171875,145.8699951171875,5213100.0,131.8523712158203
2017-09-26,147.4199981689453,145.94000244140625,146.36000061035156,146.55999755859375,4488600.0,132.47610473632812
2017-09-27,146.89999389648438,145.02999877929688,146.67999267578125,145.66000366210938,3502700.0,131.66259765625
2017-09-28,145.86000061035156,144.2100067138672,145.66000366210938,145.66000366210938,2774800.0,131.66259765625
2017-09-29,145.69000244140625,144.9199981689453,145.4499969482422,145.0800018310547,2654700.0,131.13833618164062
2017-10-02,146.8699951171875,145.2100067138672,145.35000610351562,146.66000366210938,2973200.0,132.56649780273438
2017-10-03,147.1999969482422,146.33999633789062,146.69000244140625,146.77999877929688,2302700.0,132.67494201660156
2017-10-04,147.02000427246094,146.11000061035156,147.0,146.47999572753906,2244400.0,132.40379333496094
2017-10-05,147.5399932861328,146.47999572753906,146.67999267578125,146.72000122070312,2686500.0,132.6207275390625
2017-10-06,146.85000610351562,146.32000732421875,146.63999938964844,146.47999572753906,2623200.0,132.40379333496094
2017-10-09,147.7899932861328,146.35000610351562,146.5,147.38999938964844,2682600.0,133.22633361816406
2017-10-10,148.9499969482422,147.64999389648438,147.7100067138672,148.5,4032600.0,134.2296600341797
2017-10-11,148.47000122070312,147.27999877929688,148.39999389648438,147.6199951171875,3702200.0,133.43423461914062
2017-10-12,147.88999938964844,146.77000427246094,147.55999755859375,147.02999877929688,3264300.0,132.90093994140625
2017-10-13,147.85000610351562,146.94000244140625,147.47999572753906,147.10000610351562,2506600.0,132.96420288085938
2017-10-16,147.6699981689453,146.50999450683594,147.22000122070312,146.8300018310547,3052100.0,132.7201385498047
2017-10-17,147.1199951171875,146.17999267578125,146.6300048828125,146.5399932861328,6372400.0,132.45802307128906
2017-10-18,161.22999572753906,156.9499969482422,157.1199951171875,159.52999877929688,30490200.0,144.19972229003906
2017-10-19,160.9600067138672,159.08999633789062,159.8000030517578,160.89999389648438,9914200.0,145.4380645751953
2017-10-20,162.47999572753906,159.77000427246094,161.07000732421875,162.07000732421875,7868800.0,146.49562072753906
2017-10-23,162.50999450683594,159.5399932861328,162.0500030517578,159.5500030517578,5779400.0,144.2178192138672
2017-10-24,159.6999969482422,155.1699981689453,159.64999389648438,155.8800048828125,8194700.0,140.9004669189453
2017-10-25,156.3699951171875,153.05999755859375,156.00999450683594,153.5,6921100.0,138.74917602539062
2017-10-26,155.1199951171875,153.5399932861328,154.30999755859375,153.60000610351562,4300500.0,138.83958435058594
2017-10-27,154.6300048828125,152.91000366210938,154.5399932861328,153.67999267578125,4895200.0,138.91188049316406
2017-10-30,154.58999633789062,152.7100067138672,153.75999450683594,154.36000061035156,4210400.0,139.5265350341797
2017-10-31,154.92999267578125,152.92999267578125,154.3300018310547,154.05999755859375,4328300.0,139.25537109375
2017-11-01,154.89999389648438,153.8300018310547,154.10000610351562,154.02999877929688,3240200.0,139.228271484375
2017-11-02,154.49000549316406,152.91000366210938,154.17999267578125,153.35000610351562,3397600.0,138.6136016845703
2017-11-03,153.47000122070312,151.49000549316406,153.4199981689453,151.5800018310547,4431800.0,137.01368713378906
2017-11-06,151.82000732421875,150.27999877929688,151.77000427246094,150.83999633789062,4498400.0,136.34478759765625
2017-11-07,151.50999450683594,150.5,151.3699951171875,151.35000610351562,3701100.0,136.80577087402344
2017-11-08,151.7899932861328,150.27999877929688,151.60000610351562,151.57000732421875,4634400.0,137.004638671875
2017-11-09,151.8000030517578,149.86000061035156,149.92999267578125,150.3000030517578,4776500.0,137.21463012695312
2017-11-10,150.88999938964844,149.13999938964844,150.64999389648438,149.16000366210938,4307300.0,136.1738739013672
2017-11-13,149.0,147.9199981689453,148.8800048828125,148.39999389648438,5107500.0,135.4800262451172
2017-11-14,148.97000122070312,147.49000549316406,147.9499969482422,148.88999938964844,3758000.0,135.9274139404297
2017-11-15,148.7100067138672,146.2100067138672,148.0,147.10000610351562,4773300.0,134.29322814941406
2017-11-16,149.64999389648438,147.5,147.72999572753906,149.1199951171875,5446500.0,136.13734436035156
2017-11-17,150.14999389648438,148.8300018310547,149.33999633789062,148.97000122070312,4916500.0,136.0004119873047
2017-11-20,151.9499969482422,149.89999389648438,150.63999938964844,150.50999450683594,5676500.0,137.40634155273438
2017-11-21,152.4499969482422,151.1999969482422,151.3000030517578,151.9499969482422,3756200.0,138.720947265625
2017-11-22,152.38999938964844,151.3300018310547,152.0,151.77000427246094,3213600.0,138.55662536621094
2017-11-24,152.1999969482422,151.3300018310547,151.9499969482422,151.83999633789062,1193000.0,138.6205291748047
2017-11-27,152.49000549316406,151.6199951171875,152.05999755859375,151.97999572753906,3374000.0,138.74835205078125
2017-11-28,152.92999267578125,151.6999969482422,152.35000610351562,152.47000122070312,3973700.0,139.19569396972656
2017-11-29,153.61000061035156,152.1699981689453,152.80999755859375,153.5500030517578,5098700.0,140.18165588378906
2017-11-30,154.41000366210938,153.0800018310547,153.64999389648438,153.97000122070312,6500800.0,140.56509399414062
2017-12-01,155.02000427246094,152.91000366210938,154.39999389648438,154.75999450683594,5567900.0,141.28631591796875
2017-12-04,156.8000030517578,155.07000732421875,155.9600067138672,156.4600067138672,4664300.0,142.83834838867188
2017-12-05,156.74000549316406,154.67999267578125,156.4499969482422,155.35000610351562,5068000.0,141.82496643066406
2017-12-06,156.22000122070312,154.08999633789062,154.10000610351562,154.10000610351562,3410700.0,140.6837921142578
2017-12-07,154.4499969482422,153.25999450683594,153.58999633789062,153.57000732421875,3771100.0,140.19993591308594
2017-12-08,155.02999877929688,153.5500030517578,154.97999572753906,154.80999755859375,3520300.0,141.3319549560547
2017-12-11,155.88999938964844,154.57000732421875,155.4600067138672,155.41000366210938,4102700.0,141.8797149658203
2017-12-12,157.85000610351562,155.16000366210938,157.3000030517578,156.74000549316406,6321800.0,143.0939483642578
2017-12-13,156.72999572753906,153.88999938964844,156.60000610351562,153.91000366210938,5661600.0,140.5103302001953
2017-12-14,155.11000061035156,153.6999969482422,154.60000610351562,154.0,4637400.0,140.59249877929688
2017-12-15,153.8000030517578,152.02999877929688,153.61000061035156,152.5,11279900.0,139.22308349609375
2017-12-18,154.17999267578125,153.2100067138672,153.58999633789062,153.3300018310547,5092800.0,139.9808349609375
2017-12-19,154.1699981689453,153.08999633789062,154.0500030517578,153.22999572753906,4116400.0,139.88954162597656
2017-12-20,153.88999938964844,152.77999877929688,153.64999389648438,152.9499969482422,3785700.0,139.63389587402344
2017-12-21,153.4600067138672,151.49000549316406,153.1699981689453,151.5,4153900.0,138.31016540527344
2017-12-22,153.0,151.5,151.82000732421875,152.5,2990600.0,139.22308349609375
2017-12-26,153.86000061035156,152.5,152.50999450683594,152.8300018310547,2479000.0,139.52435302734375
2017-12-27,153.17999267578125,152.61000061035156,152.9499969482422,153.1300048828125,2149300.0,139.79824829101562
2017-12-28,154.1199951171875,153.1999969482422,153.1999969482422,154.0399932861328,2687600.0,140.62901306152344
2017-12-29,154.72000122070312,153.4199981689453,154.1699981689453,153.4199981689453,3327100.0,140.06298828125
2018-01-02,154.80999755859375,153.5399932861328,154.5,154.25,4202500.0,140.82073974609375
2018-01-03,159.80999755859375,156.3300018310547,157.33999633789062,158.49000549316406,9441600.0,144.6916046142578
2018-01-04,162.32000732421875,159.3699951171875,159.64999389648438,161.6999969482422,7556200.0,147.62213134765625
2018-01-05,162.89999389648438,161.10000610351562,162.44000244140625,162.49000549316406,5195800.0,148.34335327148438
2018-01-08,163.91000366210938,161.6999969482422,162.66000366210938,163.47000122070312,5237500.0,149.238037109375
2018-01-09,164.52999877929688,163.05999755859375,163.89999389648438,163.8300018310547,4341800.0,149.56668090820312
2018-01-10,164.3300018310547,162.5,162.91000366210938,164.17999267578125,4174100.0,149.88621520996094
2018-01-11,164.94000244140625,163.3000030517578,164.8000030517578,164.1999969482422,3794500.0,149.9044952392578
2018-01-12,164.74000549316406,163.02999877929688,164.02000427246094,163.13999938964844,5031900.0,148.93675231933594
2018-01-16,165.2899932861328,163.35000610351562,165.10000610351562,163.85000610351562,7794200.0,149.58494567871094
2018-01-17,169.1300048828125,167.25999450683594,168.00999450683594,168.64999389648438,11710000.0,153.967041015625
2018-01-18,171.1300048828125,168.14999389648438,170.0,169.1199951171875,14259300.0,154.39610290527344
2018-01-19,165.39999389648438,161.3000030517578,164.4600067138672,162.3699951171875,21172500.0,148.23377990722656
2018-01-22,163.97999572753906,161.11000061035156,161.50999450683594,162.60000610351562,8480800.0,148.44378662109375
2018-01-23,166.25999450683594,162.50999450683594,162.82000732421875,166.25,7466200.0,151.77598571777344
2018-01-24,168.72000122070312,164.82000732421875,166.75,165.3699951171875,5645000.0,150.97259521484375
2018-01-25,166.77999877929688,165.19000244140625,165.91000366210938,165.47000122070312,3302500.0,151.0638885498047
2018-01-26,167.41000366210938,165.7899932861328,166.1199951171875,167.33999633789062,3787900.0,152.77110290527344
2018-01-29,168.38999938964844,166.00999450683594,167.4499969482422,166.8000030517578,3517000.0,152.27810668945312
2018-01-30,166.77000427246094,163.16000366210938,166.2100067138672,163.6199951171875,4902300.0,149.3749542236328
2018-01-31,164.99000549316406,162.75999450683594,163.75,163.6999969482422,4072800.0,149.44798278808594
2018-02-01,164.1300048828125,161.89999389648438,163.19000244140625,162.39999389648438,4434200.0,148.2611846923828
2018-02-02,162.0,158.8699951171875,161.6999969482422,159.02999877929688,5251900.0,145.18455505371094
2018-02-05,158.5,150.0,157.88999938964844,152.52999877929688,8746600.0,139.25047302246094
2018-02-06,155.49000549316406,149.11000061035156,150.2899932861328,155.33999633789062,9867700.0,141.81582641601562
2018-02-07,155.33999633789062,153.27999877929688,154.1699981689453,153.85000610351562,6149200.0,140.45556640625
2018-02-08,153.16000366210938,147.5,152.47999572753906,147.58999633789062,6779100.0,136.0671844482422
2018-02-09,150.5399932861328,144.39999389648438,148.60000610351562,149.50999450683594,7828300.0,137.83729553222656
2018-02-12,152.39999389648438,150.3000030517578,150.89999389648438,151.39999389648438,5881400.0,139.5797119140625
2018-02-13,151.17999267578125,149.63999938964844,150.89999389648438,150.75,4891000.0,138.98048400878906
2018-02-14,155.0,150.0,150.19000244140625,154.75999450683594,5479000.0,142.67739868164062
2018-02-15,156.86000061035156,153.6999969482422,155.5,156.00999450683594,5623600.0,143.82981872558594
2018-02-16,157.7899932861328,155.69000244140625,155.7100067138672,156.17999267578125,4282900.0,143.9865264892578
2018-02-20,155.9600067138672,153.8699951171875,155.7899932861328,155.16000366210938,4489600.0,143.04615783691406
2018-02-21,156.7899932861328,153.89999389648438,155.42999267578125,153.9600067138672,3728600.0,141.93988037109375
2018-02-22,155.0399932861328,152.7899932861328,154.5,153.17999267578125,4024600.0,141.22073364257812
2018-02-23,155.85000610351562,154.07000732421875,154.3000030517578,155.52000427246094,3256100.0,143.37806701660156
2018-02-26,158.8800048828125,155.50999450683594,155.80999755859375,158.5800018310547,3610300.0,146.19918823242188
2018-02-27,159.77999877929688,156.52999877929688,158.4600067138672,156.5500030517578,4237300.0,144.32765197753906
2018-02-28,158.13999938964844,155.8000030517578,157.5,155.8300018310547,3803500.0,143.6638641357422
2018-03-01,156.97000122070312,152.7899932861328,155.52999877929688,153.80999755859375,4039300.0,141.8015594482422
2018-03-02,154.75999450683594,151.8800048828125,152.7899932861328,154.49000549316406,3261100.0,142.42849731445312
2018-03-05,157.49000549316406,153.75,154.1199951171875,156.9499969482422,3670600.0,144.69639587402344
2018-03-06,157.88999938964844,155.16000366210938,157.27999877929688,155.72000122070312,3685700.0,143.5624542236328
2018-03-07,158.8300018310547,154.72999572753906,155.0,158.32000732421875,4607700.0,145.95948791503906
2018-03-08,159.57000732421875,155.07000732421875,159.0,156.2100067138672,6455600.0,144.0142059326172
2018-03-09,159.5800018310547,157.3000030517578,157.47000122070312,159.30999755859375,5022200.0,146.87216186523438
2018-03-12,161.02000427246094,158.8699951171875,159.63999938964844,160.25999450683594,5063500.0,147.7480010986328
2018-03-13,162.11000061035156,158.80999755859375,160.08999633789062,159.32000732421875,4185600.0,146.88137817382812
2018-03-14,160.67999267578125,157.74000549316406,160.1699981689453,158.1199951171875,3631800.0,145.77508544921875
2018-03-15,161.25,158.52000427246094,158.7100067138672,159.61000061035156,3870600.0,147.14874267578125
2018-03-16,161.97999572753906,159.63999938964844,160.05999755859375,160.25999450683594,9262700.0,147.7480010986328
2018-03-19,159.88999938964844,156.4499969482422,159.7100067138672,157.35000610351562,5482000.0,145.065185546875
2018-03-20,157.92999267578125,155.2899932861328,157.52000427246094,156.1999969482422,4336700.0,144.0049591064453
2018-03-21,158.1999969482422,155.9199981689453,156.57000732421875,156.69000244140625,3482200.0,144.4567108154297
2018-03-22,155.25,152.0,155.0,152.08999633789062,4746300.0,140.21583557128906
2018-03-23,152.5800018310547,148.5399932861328,152.25,148.88999938964844,4440900.0,137.2657012939453
2018-03-26,153.66000366210938,150.27999877929688,151.2100067138672,153.3699951171875,4103900.0,141.3959197998047
2018-03-27,154.8699951171875,151.16000366210938,153.9499969482422,151.91000366210938,3883700.0,140.04989624023438
2018-03-28,153.86000061035156,151.88999938964844,152.07000732421875,152.52000427246094,3664800.0,140.61228942871094
2018-03-29,153.88999938964844,151.0800018310547,153.07000732421875,153.42999267578125,3420000.0,141.45123291015625
2018-04-02,153.3800048828125,148.42999267578125,153.33999633789062,150.07000732421875,5150400.0,138.3535614013672
2018-04-03,151.0,148.3000030517578,150.8000030517578,149.85000610351562,4135700.0,138.1507568359375
2018-04-04,154.47000122070312,147.4499969482422,147.88999938964844,154.1199951171875,4805300.0,142.08737182617188
2018-04-05,154.9199981689453,153.33999633789062,154.44000244140625,154.02999877929688,3185400.0,142.00439453125
2018-04-06,153.9499969482422,149.5399932861328,153.4600067138672,150.57000732421875,3672900.0,138.81454467773438
2018-04-09,154.66000366210938,151.74000549316406,151.8000030517578,152.69000244140625,4413200.0,140.76901245117188
2018-04-10,156.60000610351562,154.75,155.02999877929688,155.38999938964844,3806400.0,143.2582244873047
2018-04-11,155.77999877929688,153.8800048828125,154.3699951171875,155.36000061035156,3306500.0,143.2305450439453
2018-04-12,158.97999572753906,156.6699981689453,156.75,158.07000732421875,5639400.0,145.72898864746094
2018-04-13,159.22000122070312,155.91000366210938,158.6699981689453,156.7100067138672,4057100.0,144.4751739501953
2018-04-16,159.13999938964844,157.6699981689453,157.99000549316406,157.88999938964844,4186800.0,145.5630340576172
2018-04-17,162.0,158.50999450683594,158.82000732421875,160.91000366210938,10207500.0,148.34725952148438
2018-04-18,152.6300048828125,148.25999450683594,152.13999938964844,148.7899932861328,20381700.0,137.17349243164062
2018-04-19,149.2100067138672,146.6199951171875,149.19000244140625,147.6999969482422,8086100.0,136.16859436035156
2018-04-20,147.97000122070312,144.50999450683594,147.89999389648438,144.89999389648438,8265600.0,133.5872039794922
2018-04-23,145.9600067138672,144.3300018310547,145.02999877929688,145.86000061035156,5315600.0,134.47225952148438
2018-04-24,147.3000030517578,144.52999877929688,146.50999450683594,145.55999755859375,4916500.0,134.1956787109375
2018-04-25,146.39999389648438,144.11000061035156,145.7899932861328,145.94000244140625,7326400.0,134.5460205078125
2018-04-26,147.36000061035156,146.1999969482422,146.60000610351562,146.72000122070312,4265800.0,135.2650909423828
2018-04-27,147.25,145.66000366210938,146.83999633789062,146.47999572753906,3205500.0,135.0438690185547
2018-04-30,147.3800048828125,144.9600067138672,146.86000061035156,144.9600067138672,4415500.0,133.6425323486328
2018-05-01,145.02000427246094,143.47000122070312,144.64999389648438,145.0,4433400.0,133.67938232421875
2018-05-02,144.82000732421875,142.07000732421875,144.4600067138672,142.4499969482422,5194900.0,131.3284912109375
2018-05-03,142.22999572753906,139.89999389648438,142.1300048828125,141.99000549316406,5018600.0,130.90440368652344
2018-05-04,144.35000610351562,140.27999877929688,141.10000610351562,143.91000366210938,4402200.0,132.67446899414062
2018-05-07,144.32000732421875,142.63999938964844,144.0,143.22000122070312,3657000.0,132.03836059570312
2018-05-08,143.50999450683594,142.05999755859375,143.0,143.0,5369100.0,131.83555603027344
2018-05-09,143.02000427246094,141.27999877929688,141.89999389648438,142.61000061035156,4196000.0,132.93548583984375
2018-05-10,144.3300018310547,143.00999450683594,143.14999389648438,144.24000549316406,3726600.0,134.4549102783203
2018-05-11,144.85000610351562,143.5800018310547,144.11000061035156,144.13999938964844,3073200.0,134.3616943359375
2018-05-14,145.1199951171875,144.13999938964844,144.47000122070312,144.3000030517578,3216100.0,134.51083374023438
2018-05-15,143.99000549316406,142.9199981689453,143.5,143.74000549316406,4089400.0,133.98883056640625
2018-05-16,145.02999877929688,143.27000427246094,143.6999969482422,144.6300048828125,3168700.0,134.81846618652344
2018-05-17,145.19000244140625,143.77000427246094,144.5,144.5,3147700.0,134.697265625
2018-05-18,144.94000244140625,143.99000549316406,144.47000122070312,144.0800018310547,2682200.0,134.30577087402344
2018-05-21,146.0399932861328,144.67999267578125,144.9499969482422,145.49000549316406,2894700.0,135.62013244628906
2018-05-22,146.1999969482422,145.0,145.52000427246094,145.08999633789062,2284000.0,135.24725341796875
2018-05-23,144.6999969482422,143.47999572753906,144.35000610351562,144.6699981689453,3459700.0,134.85574340820312
2018-05-24,144.47999572753906,142.9499969482422,144.38999938964844,144.07000732421875,3398700.0,134.29644775390625
2018-05-25,144.57000732421875,143.4600067138672,143.89999389648438,143.63999938964844,4914300.0,133.89559936523438
2018-05-29,142.88999938964844,140.2100067138672,142.52999877929688,141.22000122070312,4537600.0,131.63978576660156
2018-05-30,143.10000610351562,141.82000732421875,141.89999389648438,142.6199951171875,5118500.0,132.94480895996094
2018-05-31,142.80999755859375,141.0500030517578,142.80999755859375,141.30999755859375,6830300.0,131.7236785888672
2018-06-01,142.83999633789062,141.6199951171875,142.42999267578125,141.9499969482422,3857500.0,132.32025146484375
2018-06-04,143.1699981689453,142.17999267578125,142.3000030517578,143.0399932861328,3035300.0,133.3363037109375
2018-06-05,144.0800018310547,143.0399932861328,143.0500030517578,143.6999969482422,2836000.0,133.95152282714844
2018-06-06,144.72000122070312,143.5399932861328,144.33999633789062,144.7100067138672,3220100.0,134.8930206298828
2018-06-07,146.6999969482422,144.92999267578125,145.0,145.36000061035156,4316500.0,135.49893188476562
2018-06-08,146.42999267578125,144.3699951171875,145.0,146.13999938964844,5210500.0,136.22601318359375
2018-06-11,147.41000366210938,146.13999938964844,146.6199951171875,146.5800018310547,3260000.0,136.63616943359375
2018-06-12,147.52000427246094,146.6199951171875,147.10000610351562,146.8699951171875,2640500.0,136.90646362304688
2018-06-13,147.47000122070312,146.1999969482422,146.7899932861328,146.35000610351562,2968200.0,136.42178344726562
2018-06-14,146.97999572753906,145.08999633789062,146.64999389648438,145.1999969482422,3326300.0,135.3497772216797
2018-06-15,145.47000122070312,143.6999969482422,144.89999389648438,145.38999938964844,9116000.0,135.52688598632812
2018-06-18,144.52000427246094,143.13999938964844,144.17999267578125,144.47999572753906,4286400.0,134.67861938476562
2018-06-19,144.22000122070312,142.9499969482422,143.1199951171875,143.89999389648438,3487000.0,134.13795471191406
2018-06-20,144.52000427246094,142.41000366210938,144.22000122070312,142.6300048828125,3329900.0,132.95413208007812
2018-06-21,143.13999938964844,140.8300018310547,142.58999633789062,141.25,3887700.0,131.66773986816406
2018-06-22,141.80999755859375,140.77999877929688,141.63999938964844,141.27999877929688,5611300.0,131.69570922851562
2018-06-25,140.39999389648438,138.27999877929688,140.39999389648438,138.7899932861328,8937100.0,129.37461853027344
2018-06-26,139.85000610351562,138.3300018310547,139.36000061035156,139.0800018310547,4139500.0,129.6449432373047
2018-06-27,139.77999877929688,137.4499969482422,139.11000061035156,137.47999572753906,4101800.0,128.1534881591797
2018-06-28,140.5399932861328,137.9499969482422,138.10000610351562,140.0399932861328,4523700.0,130.53981018066406
2018-06-29,141.36000061035156,139.61000061035156,140.32000732421875,139.6999969482422,3710100.0,130.222900390625
2018-07-02,140.22000122070312,138.1999969482422,138.27999877929688,139.86000061035156,3405400.0,130.37203979492188
2018-07-03,140.94000244140625,139.3699951171875,140.64999389648438,139.57000732421875,1963200.0,130.10171508789062
2018-07-05,141.42999267578125,139.92999267578125,140.47999572753906,141.42999267578125,3744700.0,131.83554077148438
2018-07-06,142.94000244140625,141.1699981689453,141.52999877929688,142.47999572753906,2849000.0,132.81430053710938
2018-07-09,144.72000122070312,142.47000122070312,142.58999633789062,144.38999938964844,3904700.0,134.59474182128906
2018-07-10,145.58999633789062,144.25999450683594,144.50999450683594,144.7100067138672,3777000.0,134.8930206298828
2018-07-11,146.19000244140625,144.0,144.0,144.94000244140625,3526600.0,135.107421875
2018-07-12,146.8300018310547,145.74000549316406,145.85000610351562,146.4499969482422,3119500.0,136.51498413085938
2018-07-13,146.97999572753906,145.8000030517578,146.4499969482422,145.89999389648438,3062600.0,136.00228881835938
2018-07-16,145.7899932861328,144.2100067138672,145.6699981689453,145.4600067138672,3468800.0,135.59214782714844
2018-07-17,145.0,143.33999633789062,144.75,143.49000549316406,5096700.0,133.75576782226562
2018-07-18,144.8000030517578,142.74000549316406,143.50999450683594,144.52000427246094,6935300.0,134.71591186523438
2018-07-19,150.5399932861328,147.25,147.85000610351562,149.24000549316406,14655800.0,139.11572265625
2018-07-20,148.86000061035156,146.25999450683594,148.5800018310547,146.35000610351562,6414600.0,136.42178344726562
2018-07-23,146.6999969482422,145.00999450683594,146.35000610351562,145.6999969482422,3897900.0,135.81585693359375
2018-07-24,147.0399932861328,145.9199981689453,146.6999969482422,146.3800048828125,3891600.0,136.44972229003906
2018-07-25,146.64999389648438,145.5,146.00999450683594,146.6199951171875,3630900.0,136.67343139648438
2018-07-26,149.27000427246094,146.6300048828125,147.42999267578125,146.7100067138672,4778000.0,136.75735473632812
2018-07-27,147.13999938964844,144.66000366210938,146.88999938964844,145.14999389648438,3749300.0,135.3031768798828
2018-07-30,146.24000549316406,144.69000244140625,144.8000030517578,145.49000549316406,3608200.0,135.62013244628906
2018-07-31,145.8000030517578,144.16000366210938,145.74000549316406,144.92999267578125,5474200.0,135.09811401367188
2018-08-01,145.19000244140625,143.33999633789062,144.75999450683594,143.5,3388400.0,133.76510620117188
2018-08-02,143.36000061035156,142.3300018310547,142.86000061035156,142.9600067138672,3841400.0,133.26174926757812
2018-08-03,147.9199981689453,143.0,143.24000549316406,147.6999969482422,8053600.0,137.68019104003906
2018-08-06,147.1999969482422,145.57000732421875,146.9499969482422,146.02999877929688,3913700.0,136.12347412109375
2018-08-07,147.63999938964844,146.35000610351562,146.64999389648438,147.00999450683594,3508800.0,137.03700256347656
2018-08-08,147.42999267578125,146.24000549316406,147.3300018310547,146.88999938964844,3581100.0,136.92514038085938
2018-08-09,145.94000244140625,144.72999572753906,145.52999877929688,144.77000427246094,3093500.0,136.40692138671875
2018-08-10,145.07000732421875,143.8800048828125,144.5,144.47999572753906,3003100.0,136.13365173339844
2018-08-13,144.3000030517578,142.52999877929688,144.14999389648438,142.7100067138672,2858500.0,134.46591186523438
2018-08-14,143.82000732421875,142.92999267578125,143.0,143.36000061035156,2860000.0,135.07835388183594
2018-08-15,144.0,142.0,142.5500030517578,143.91000366210938,4241500.0,135.59657287597656
2018-08-16,145.67999267578125,144.3699951171875,144.3699951171875,145.33999633789062,5250700.0,136.94398498535156
2018-08-17,146.38999938964844,144.69000244140625,144.7899932861328,146.05999755859375,2678600.0,137.62240600585938
2018-08-20,147.16000366210938,146.14999389648438,146.3699951171875,146.50999450683594,2499700.0,138.04638671875
2018-08-21,147.1199951171875,145.88999938964844,147.0,145.97000122070312,3106900.0,137.53758239746094
2018-08-22,146.16000366210938,145.19000244140625,146.00999450683594,145.24000549316406,2389000.0,136.8497772216797
2018-08-23,145.52000427246094,144.75,145.0399932861328,145.3699951171875,2220400.0,136.9722442626953
2018-08-24,146.08999633789062,144.8699951171875,145.4600067138672,146.0399932861328,2776600.0,137.60353088378906
2018-08-27,147.6199951171875,146.52000427246094,146.94000244140625,146.69000244140625,3491600.0,138.2159881591797
2018-08-28,146.99000549316406,146.19000244140625,146.9499969482422,146.58999633789062,2455300.0,138.12176513671875
2018-08-29,147.92999267578125,146.60000610351562,146.8699951171875,147.5399932861328,3153800.0,139.01687622070312
2018-08-30,147.3000030517578,145.25,147.02999877929688,145.92999267578125,3340400.0,137.49989318847656
2018-08-31,146.77999877929688,145.5399932861328,145.72000122070312,146.47999572753906,3488500.0,138.0181121826172
2018-09-04,146.19000244140625,144.80999755859375,145.97999572753906,145.67999267578125,3326200.0,137.26431274414062
2018-09-05,146.75,145.0500030517578,145.19000244140625,146.66000366210938,3126500.0,138.18772888183594
2018-09-06,147.66000366210938,145.5399932861328,146.8800048828125,146.38999938964844,4248800.0,137.93333435058594
2018-09-07,146.5,145.1199951171875,145.94000244140625,145.4499969482422,4693100.0,137.04762268066406
2018-09-10,147.3000030517578,145.55999755859375,146.60000610351562,145.64999389648438,3618300.0,137.23606872558594
2018-09-11,146.99000549316406,145.25,146.0,146.49000549316406,3374700.0,138.0275421142578
2018-09-12,147.97999572753906,146.02999877929688,146.3699951171875,146.57000732421875,4506700.0,138.10293579101562
2018-09-13,149.0,147.1199951171875,147.35000610351562,148.9499969482422,5346500.0,140.34542846679688
2018-09-14,149.3000030517578,147.77999877929688,148.85000610351562,148.3300018310547,3452100.0,139.76124572753906
2018-09-17,149.07000732421875,147.77000427246094,148.44000244140625,147.94000244140625,3551900.0,139.39378356933594
2018-09-18,148.99000549316406,147.47000122070312,147.75999450683594,148.55999755859375,3629400.0,139.9779815673828
2018-09-19,149.9600067138672,148.22999572753906,148.6300048828125,149.05999755859375,4246200.0,140.44908142089844
2018-09-20,151.3800048828125,149.44000244140625,149.5800018310547,151.14999389648438,5952200.0,142.41835021972656
2018-09-21,152.60000610351562,150.74000549316406,151.47999572753906,151.35000610351562,19947500.0,142.6068115234375
2018-09-24,151.1999969482422,149.4600067138672,151.10000610351562,150.02999877929688,4265000.0,141.363037109375
2018-09-25,150.41000366210938,148.36000061035156,149.91000366210938,148.91000366210938,4397500.0,140.30776977539062
2018-09-26,153.35000610351562,151.33999633789062,152.39999389648438,151.61000061035156,7401900.0,142.85177612304688
2018-09-27,152.38999938964844,151.16000366210938,152.00999450683594,151.5,3477600.0,142.74813842773438
2018-09-28,151.6300048828125,150.7899932861328,151.16000366210938,151.2100067138672,3305800.0,142.4748992919922
2018-10-01,153.4199981689453,151.7100067138672,151.7100067138672,153.0,3757400.0,144.16146850585938
2018-10-02,153.83999633789062,152.5,152.99000549316406,153.75,3029900.0,144.86814880371094
2018-10-03,154.36000061035156,152.8000030517578,154.0,153.22000122070312,3315300.0,144.36874389648438
2018-10-04,152.8000030517578,150.36000061035156,151.69000244140625,151.30999755859375,4237900.0,142.569091796875
2018-10-05,151.7899932861328,147.8699951171875,150.89999389648438,149.02999877929688,4602200.0,140.4208221435547
2018-10-08,149.07000732421875,147.17999267578125,148.5,148.38999938964844,3239300.0,139.81776428222656
2018-10-09,148.36000061035156,146.92999267578125,148.0800018310547,147.24000549316406,3642400.0,138.73422241210938
2018-10-10,147.69000244140625,142.5,147.5,142.69000244140625,5547700.0,134.44705200195312
2018-10-11,144.19000244140625,138.77999877929688,142.6199951171875,139.02000427246094,8710500.0,130.98907470703125
2018-10-12,141.5399932861328,139.0800018310547,141.1199951171875,140.85000610351562,6563400.0,132.71334838867188
2018-10-15,142.25999450683594,140.13999938964844,140.3800048828125,141.1300048828125,4965500.0,132.97720336914062
2018-10-16,145.4499969482422,141.5800018310547,142.92999267578125,145.1199951171875,8695500.0,136.73667907714844
2018-10-17,137.14999389648438,133.4199981689453,135.88999938964844,134.0500030517578,19464000.0,126.30618286132812
2018-10-18,133.39999389648438,130.0399932861328,132.72999572753906,130.5500030517578,10011700.0,123.00836944580078
2018-10-19,131.88999938964844,127.95999908447266,130.64999389648438,129.10000610351562,7791600.0,121.64214324951172
2018-10-22,130.44000244140625,128.39999389648438,129.5800018310547,130.02000427246094,5719500.0,122.50898742675781
2018-10-23,131.89999389648438,128.41000366210938,129.02000427246094,131.2100067138672,6463600.0,123.6302490234375
2018-10-24,131.69000244140625,127.0,131.1699981689453,127.20999908447266,5710300.0,119.86131286621094
2018-10-25,127.79000091552734,125.13999938964844,127.25,126.44999694824219,10304300.0,119.14521789550781
2018-10-26,125.77999877929688,123.70999908447266,125.20999908447266,124.79000091552734,8767000.0,117.58111572265625
2018-10-29,123.94999694824219,118.30000305175781,119.33999633789062,119.63999938964844,20450400.0,112.72862243652344
2018-10-30,121.5,115.1500015258789,120.4800033569336,115.4000015258789,21458600.0,108.73355865478516
2018-10-31,116.5,114.08999633789062,116.48999786376953,115.43000030517578,21645000.0,108.76182556152344
2018-11-01,117.0,115.11000061035156,115.5,116.83000183105469,13626700.0,110.08094787597656
2018-11-02,117.75,114.54000091552734,117.51000213623047,115.66999816894531,10592700.0,108.98795318603516
2018-11-05,120.7699966430664,116.0,116.0999984741211,120.05999755859375,9144600.0,113.12435150146484
2018-11-06,123.80999755859375,120.30999755859375,120.69999694824219,123.12000274658203,9597400.0,116.0075912475586
2018-11-07,125.05999755859375,122.33000183105469,123.79000091552734,124.83999633789062,12382700.0,117.62821960449219
2018-11-08,124.4000015258789,122.62999725341797,122.66000366210938,123.37999725341797,10396400.0,117.73318481445312
2018-11-09,124.56999969482422,121.95999908447266,123.61000061035156,123.54000091552734,6961800.0,117.88587188720703
2018-11-12,123.56999969482422,120.6500015258789,123.5,120.9000015258789,5379100.0,115.36669158935547
2018-11-13,122.25,119.9000015258789,121.19000244140625,120.83999633789062,4084400.0,115.30943298339844
2018-11-14,121.93000030517578,119.7699966430664,121.11000061035156,120.19999694824219,4762300.0,114.69873046875
2018-11-15,121.44000244140625,119.51000213623047,119.66000366210938,121.44000244140625,5207900.0,115.88198852539062
2018-11-16,121.8499984741211,120.54000091552734,120.88999938964844,121.56999969482422,4076300.0,116.00602722167969
2018-11-19,122.18000030517578,119.7699966430664,121.62999725341797,120.30999755859375,4131200.0,114.80369567871094
2018-11-20,119.48999786376953,116.69999694824219,118.48999786376953,117.19999694824219,6233800.0,111.83602905273438
2018-11-21,119.51000213623047,117.38999938964844,117.61000061035156,118.56999969482422,5335800.0,113.1433334350586
2018-11-23,118.33999633789062,116.91000366210938,118.08999633789062,117.19000244140625,2334700.0,111.82649230957031
2018-11-26,120.25,118.05999755859375,118.37000274658203,119.55999755859375,5011100.0,114.08802032470703
2018-11-27,120.04000091552734,118.37000274658203,118.37999725341797,120.02999877929688,4903800.0,114.53650665283203
2018-11-28,123.08999633789062,120.22000122070312,121.01000213623047,123.0,5104500.0,117.3705825805664
2018-11-29,123.12000274658203,121.4000015258789,122.44000244140625,121.4800033569336,5200100.0,115.92015075683594
2018-11-30,124.69000244140625,121.4800033569336,121.66000366210938,124.2699966430664,7251600.0,118.58245086669922
2018-12-03,126.58999633789062,124.36000061035156,125.66999816894531,125.30999755859375,5846400.0,119.57486724853516
2018-12-04,124.91999816894531,121.33000183105469,124.48999786376953,121.5999984741211,6000700.0,116.03465270996094
2018-12-06,123.91000366210938,119.30000305175781,119.72000122070312,123.91000366210938,6938000.0,118.23893737792969
2018-12-07,124.05000305175781,118.87000274658203,123.9000015258789,119.33999633789062,7019600.0,113.87808990478516
2018-12-10,121.68000030517578,118.5199966430664,119.73999786376953,121.12999725341797,6549500.0,115.58616638183594
2018-12-11,123.80999755859375,120.0,123.25,120.88999938964844,5043100.0,115.35714721679688
2018-12-12,122.87999725341797,121.0,122.51000213623047,121.16000366210938,3560500.0,115.61479187011719
2018-12-13,121.79000091552734,120.16999816894531,121.26000213623047,120.7300033569336,3993600.0,115.20448303222656
2018-12-14,121.11000061035156,119.44000244140625,119.5,119.9000015258789,4554200.0,114.41246032714844
2018-12-17,119.77999877929688,115.06999969482422,119.06999969482422,116.0999984741211,7374500.0,110.786376953125
2018-12-18,118.2300033569336,116.0199966430664,116.9000015258789,116.6500015258789,6290200.0,111.31121063232422
2018-12-19,120.2699966430664,115.97000122070312,117.1500015258789,116.43000030517578,6979800.0,111.10128021240234
2018-12-20,116.44999694824219,111.69999694824219,115.69999694824219,113.0199966430664,8454400.0,107.84733581542969
2018-12-21,115.27999877929688,110.44000244140625,112.5,110.94000244140625,10386500.0,105.86254119873047
2018-12-24,111.0,107.5,109.9000015258789,107.56999969482422,3821400.0,102.64677429199219
2018-12-26,111.38999938964844,105.94000244140625,108.0,111.38999938964844,6645800.0,106.29193878173828
2018-12-27,113.77999877929688,109.47000122070312,109.98999786376953,113.77999877929688,6045600.0,108.57255554199219
2018-12-28,114.80000305175781,112.5,114.22000122070312,113.02999877929688,5117500.0,107.85688018798828
2018-12-31,114.3499984741211,112.41999816894531,113.33000183105469,113.66999816894531,4982800.0,108.46759033203125
2019-01-02,115.9800033569336,111.69000244140625,112.01000213623047,115.20999908447266,4239900.0,109.9371109008789
2019-01-03,114.87999725341797,112.69000244140625,114.52999877929688,112.91000366210938,4346700.0,107.74237060546875
2019-01-04,117.48999786376953,114.44000244140625,114.91000366210938,117.31999969482422,4477800.0,111.9505386352539
2019-01-07,118.83000183105469,116.66999816894531,117.5,118.1500015258789,3751200.0,112.7425537109375
2019-01-08,120.56999969482422,118.9800033569336,119.66000366210938,119.83000183105469,4763600.0,114.34565734863281
2019-01-09,121.4000015258789,119.87000274658203,120.91000366210938,120.69000244140625,3633700.0,115.16630554199219
2019-01-10,121.86000061035156,119.94999694824219,120.08000183105469,121.79000091552734,3910000.0,116.21595764160156
2019-01-11,121.62000274658203,120.19999694824219,121.58000183105469,121.45999908447266,3722400.0,115.90106201171875
2019-01-14,120.6500015258789,119.76000213623047,120.51000213623047,120.38999938964844,5228700.0,114.88003540039062
2019-01-15,121.93000030517578,120.81999969482422,120.95999908447266,121.7300033569336,3507500.0,116.1587142944336
2019-01-16,122.0,120.83000183105469,121.58000183105469,121.62000274658203,3841100.0,116.05374145507812
2019-01-17,122.41000366210938,120.55000305175781,120.55999755859375,122.19000244140625,5029900.0,116.59765625
2019-01-18,124.72000122070312,122.70999908447266,123.2699966430664,123.81999969482422,6008500.0,118.1530532836914
2019-01-22,123.80000305175781,121.54000091552734,123.30000305175781,122.5199966430664,10052400.0,116.91254425048828
2019-01-23,135.0,130.30999755859375,131.3699951171875,132.88999938964844,22063700.0,126.80792999267578
2019-01-24,133.2100067138672,131.42999267578125,132.6300048828125,132.52999877929688,6322900.0,126.46440887451172
2019-01-25,134.44000244140625,132.42999267578125,132.8699951171875,133.97000122070312,5707400.0,127.83850860595703
2019-01-28,134.80999755859375,132.5800018310547,133.10000610351562,134.27000427246094,5357700.0,128.1248016357422
2019-01-29,135.41000366210938,133.60000610351562,134.2899932861328,134.3300018310547,5037100.0,128.18202209472656
2019-01-30,135.02999877929688,133.25,134.0,134.3800048828125,4500900.0,128.22975158691406
2019-01-31,134.72000122070312,133.74000549316406,134.4499969482422,134.4199981689453,4884000.0,128.26791381835938
2019-02-01,135.1999969482422,133.35000610351562,134.97000122070312,134.10000610351562,3806000.0,127.96257019042969
2019-02-04,135.1999969482422,132.99000549316406,134.02000427246094,135.19000244140625,3966600.0,129.00267028808594
2019-02-05,135.82000732421875,134.9199981689453,135.27999877929688,135.5500030517578,5398900.0,129.34619140625
2019-02-06,136.64999389648438,135.1699981689453,135.22000122070312,136.32000732421875,4879700.0,130.08096313476562
2019-02-07,134.47000122070312,132.1199951171875,133.5500030517578,133.19000244140625,4379400.0,128.57501220703125
2019-02-08,133.7100067138672,132.19000244140625,132.33999633789062,133.7100067138672,3249800.0,129.07699584960938
2019-02-11,135.14999389648438,133.91000366210938,134.2899932861328,133.99000549316406,3095100.0,129.34730529785156
2019-02-12,136.1999969482422,134.86000061035156,135.14999389648438,136.0500030517578,3317200.0,131.33592224121094
2019-02-13,137.9199981689453,136.41000366210938,136.9199981689453,137.52000427246094,4253000.0,132.75498962402344
2019-02-14,137.60000610351562,136.2100067138672,137.1699981689453,136.47999572753906,2789400.0,131.75100708007812
2019-02-15,138.19000244140625,137.38999938964844,137.5800018310547,138.02999877929688,3844100.0,133.247314453125
2019-02-19,138.6999969482422,137.36000061035156,137.80999755859375,138.6999969482422,3385700.0,133.8940887451172
2019-02-20,139.24000549316406,137.22000122070312,138.75999450683594,138.0,3802000.0,133.21835327148438
2019-02-21,138.35000610351562,137.35000610351562,137.82000732421875,137.83999633789062,2937300.0,133.06390380859375
2019-02-22,139.3800048828125,138.42999267578125,138.72999572753906,139.25,3113700.0,134.425048828125
2019-02-25,140.47000122070312,139.32000732421875,140.0,139.4600067138672,3194200.0,134.6277618408203
2019-02-26,140.49000549316406,139.47000122070312,139.6699981689453,139.72000122070312,3060400.0,134.8787384033203
2019-02-27,139.57000732421875,138.39999389648438,139.25,139.1699981689453,2530900.0,134.34780883789062
2019-02-28,139.05999755859375,137.72000122070312,138.77000427246094,138.1300048828125,3457800.0,133.34385681152344
2019-03-01,140.0399932861328,138.63999938964844,139.30999755859375,139.1999969482422,3030000.0,134.3767547607422
2019-03-04,140.0800018310547,137.1699981689453,139.99000549316406,138.42999267578125,3406900.0,133.63345336914062
2019-03-05,138.74000549316406,137.55999755859375,138.3699951171875,137.8800048828125,4250300.0,133.10250854492188
2019-03-06,138.38999938964844,136.72000122070312,138.1199951171875,136.97999572753906,2768300.0,132.2336883544922
2019-03-07,136.88999938964844,134.6300048828125,136.61000061035156,135.36000061035156,4358800.0,130.66983032226562
2019-03-08,135.24000549316406,133.5800018310547,134.2100067138672,135.08999633789062,3773600.0,130.4091796875
2019-03-11,137.72999572753906,135.83999633789062,136.02999877929688,137.7100067138672,3939300.0,132.93841552734375
2019-03-12,139.6999969482422,137.86000061035156,138.52000427246094,138.27999877929688,3954700.0,133.4886474609375
2019-03-13,139.32000732421875,137.85000610351562,138.0500030517578,138.55999755859375,3173200.0,133.75894165039062
2019-03-14,138.94000244140625,138.05999755859375,138.50999450683594,138.7899932861328,2738600.0,133.98097229003906
2019-03-15,140.3300018310547,139.22999572753906,139.3699951171875,139.42999267578125,7153700.0,134.59878540039062
2019-03-18,140.3699951171875,138.72000122070312,139.8300018310547,140.2100067138672,3268500.0,135.35177612304688
2019-03-19,141.6999969482422,140.0,140.9600067138672,140.49000549316406,3482300.0,135.6220703125
2019-03-20,140.6999969482422,138.97999572753906,140.52999877929688,139.60000610351562,3649500.0,134.76292419433594
2019-03-21,142.1199951171875,138.8800048828125,139.10000610351562,141.44000244140625,3605400.0,136.53915405273438
2019-03-22,141.44000244140625,138.89999389648438,140.97000122070312,139.4499969482422,3877200.0,134.61810302734375
2019-03-25,139.91000366210938,138.35000610351562,139.05999755859375,139.17999267578125,2839800.0,134.3574676513672
2019-03-26,141.02000427246094,139.4199981689453,139.92999267578125,140.22000122070312,2553700.0,135.36143493652344
2019-03-27,140.49000549316406,138.39999389648438,140.41000366210938,139.24000549316406,3098200.0,134.41539001464844
2019-03-28,140.44000244140625,139.10000610351562,139.91000366210938,139.9199981689453,2663900.0,135.0718231201172
2019-03-29,141.22000122070312,140.14999389648438,140.5,141.10000610351562,3101400.0,136.21095275878906
2019-04-01,143.41000366210938,141.50999450683594,141.50999450683594,143.3000030517578,3984300.0,138.334716796875
2019-04-02,143.9499969482422,142.60000610351562,143.35000610351562,143.0,2404800.0,138.04510498046875
2019-04-03,144.22000122070312,143.00999450683594,143.64999389648438,143.6300048828125,2681200.0,138.6532745361328
2019-04-04,144.13999938964844,142.5399932861328,143.6199951171875,142.77999877929688,2771100.0,137.8327178955078
2019-04-05,143.5,142.4600067138672,143.2899932861328,143.27999877929688,2731800.0,138.31541442871094
2019-04-08,143.4199981689453,142.8699951171875,143.02000427246094,143.38999938964844,2118200.0,138.42160034179688
2019-04-09,142.9499969482422,141.83999633789062,142.66000366210938,142.11000061035156,3038500.0,137.18594360351562
2019-04-10,143.5,141.97999572753906,142.1999969482422,143.02000427246094,2678000.0,138.0644073486328
2019-04-11,144.11000061035156,143.02999877929688,143.8000030517578,143.77999877929688,2942000.0,138.79808044433594
2019-04-12,144.44000244140625,143.6999969482422,144.25999450683594,144.35000610351562,2898900.0,139.34832763671875
2019-04-15,144.4600067138672,143.27000427246094,144.39999389648438,143.89999389648438,3603200.0,138.91390991210938
2019-04-16,145.38999938964844,144.02000427246094,144.39999389648438,145.13999938964844,6301700.0,140.1109619140625
2019-04-17,141.97999572753906,136.25999450683594,137.3699951171875,139.11000061035156,12525700.0,134.28990173339844
2019-04-18,140.49000549316406,138.6999969482422,139.0,140.3300018310547,4960000.0,135.46762084960938
2019-04-22,140.55999755859375,138.47999572753906,139.4199981689453,138.88999938964844,4494000.0,134.0775146484375
2019-04-23,140.9199981689453,138.94000244140625,139.14999389648438,140.44000244140625,4462200.0,135.5738067626953
2019-04-24,141.30999755859375,139.77999877929688,140.60000610351562,139.9499969482422,2774900.0,135.10076904296875
2019-04-25,139.75,137.7100067138672,139.6999969482422,138.6300048828125,2910100.0,133.82652282714844
2019-04-26,139.88999938964844,138.80999755859375,139.33999633789062,139.44000244140625,2319800.0,134.60845947265625
2019-04-29,139.6300048828125,138.80999755859375,139.14999389648438,139.0500030517578,2958300.0,134.2319793701172
2019-04-30,140.44000244140625,138.67999267578125,139.11000061035156,140.27000427246094,4638800.0,135.40969848632812
2019-05-01,141.80999755859375,140.1699981689453,140.5500030517578,140.55999755859375,3053700.0,135.68963623046875
2019-05-02,141.27999877929688,139.41000366210938,140.5,139.58999633789062,3541400.0,134.7532501220703
2019-05-03,141.0,139.6300048828125,139.6999969482422,140.25,2579900.0,135.39039611816406
2019-05-06,140.69000244140625,137.89999389648438,138.3000030517578,140.3800048828125,2793300.0,135.51588439941406
2019-05-07,139.50999450683594,136.19000244140625,139.14999389648438,137.63999938964844,4726800.0,132.87083435058594
2019-05-08,138.6999969482422,137.1300048828125,137.77000427246094,138.0,3818900.0,133.21835327148438
2019-05-09,135.5800018310547,133.02999877929688,134.88999938964844,135.33999633789062,4192700.0,132.20245361328125
2019-05-10,135.75,132.4199981689453,134.8800048828125,135.32000732421875,3977600.0,132.1829376220703
2019-05-13,133.57000732421875,130.9600067138672,133.27999877929688,131.4199981689453,4958000.0,128.3733367919922
2019-05-14,134.32000732421875,131.67999267578125,131.82000732421875,133.30999755859375,3280400.0,130.21951293945312
2019-05-15,134.58999633789062,132.3699951171875,132.58999633789062,134.39999389648438,2551000.0,131.28424072265625
2019-05-16,136.11000061035156,134.63999938964844,134.74000549316406,135.8800048828125,3017300.0,132.72994995117188
2019-05-17,135.41000366210938,133.94000244140625,134.67999267578125,134.32000732421875,2619100.0,131.20611572265625
2019-05-20,135.42999267578125,132.92999267578125,133.52999877929688,135.1199951171875,3264500.0,131.98756408691406
2019-05-21,137.05999755859375,135.7899932861328,136.1199951171875,136.4499969482422,2503500.0,133.28672790527344
2019-05-22,136.75,135.7100067138672,136.0,136.35000610351562,1849800.0,133.18905639648438
2019-05-23,135.1300048828125,130.44000244140625,135.1300048828125,132.38999938964844,5343400.0,129.3208465576172
2019-05-24,134.25,131.58999633789062,133.52999877929688,132.27999877929688,2596100.0,129.21339416503906
2019-05-28,132.63999938964844,130.27000427246094,132.1300048828125,130.4600067138672,4908800.0,127.43560791015625
2019-05-29,130.27999877929688,128.32000732421875,130.0,129.69000244140625,3679000.0,126.6834487915039
2019-05-30,129.97000122070312,128.92999267578125,129.74000549316406,129.57000732421875,2741900.0,126.56622314453125
2019-05-31,128.44000244140625,126.8499984741211,128.44000244140625,126.98999786376953,3539300.0,124.04602813720703
2019-06-03,128.55999755859375,127.05999755859375,127.0999984741211,128.27000427246094,4266900.0,125.2963638305664
2019-06-04,132.74000549316406,129.08999633789062,129.55999755859375,132.69000244140625,3913500.0,129.61390686035156
2019-06-05,133.61000061035156,130.47000122070312,133.3800048828125,131.49000549316406,3161300.0,128.4417266845703
2019-06-06,132.64999389648438,130.89999389648438,132.19000244140625,132.22000122070312,2298200.0,129.15478515625
2019-06-07,134.72000122070312,132.2100067138672,132.47000122070312,133.30999755859375,2553400.0,130.21951293945312
2019-06-10,135.35000610351562,133.91000366210938,134.3800048828125,134.74000549316406,2911300.0,131.61636352539062
2019-06-11,136.4600067138672,135.0500030517578,135.32000732421875,135.9499969482422,3407300.0,132.79832458496094
2019-06-12,135.94000244140625,134.41000366210938,135.55999755859375,134.8699951171875,2254700.0,131.74334716796875
2019-06-13,136.27000427246094,135.08999633789062,135.1300048828125,135.75999450683594,2955300.0,132.6127166748047
2019-06-14,135.8800048828125,134.42999267578125,135.44000244140625,135.14999389648438,2193300.0,132.01686096191406
2019-06-17,136.02999877929688,134.6999969482422,135.38999938964844,134.9499969482422,2194100.0,131.82150268554688
2019-06-18,137.19000244140625,135.1999969482422,135.1999969482422,136.3800048828125,2914700.0,133.21835327148438
2019-06-19,138.36000061035156,136.24000549316406,136.42999267578125,137.0800018310547,2382400.0,133.90211486816406
2019-06-20,139.5399932861328,138.1999969482422,138.92999267578125,138.85000610351562,3071000.0,135.63108825683594
2019-06-21,139.5399932861328,138.38999938964844,138.44000244140625,139.1999969482422,5288700.0,135.97296142578125
2019-06-24,140.14999389648438,139.0500030517578,139.1999969482422,139.35000610351562,2186000.0,136.1195068359375
2019-06-25,139.5500030517578,138.1300048828125,139.4600067138672,138.36000061035156,2801200.0,135.15245056152344
2019-06-26,139.67999267578125,138.41000366210938,138.8699951171875,138.52000427246094,2284600.0,135.30874633789062
2019-06-27,139.3000030517578,137.9499969482422,138.72000122070312,138.52000427246094,2149800.0,135.30874633789062
2019-06-28,139.13999938964844,137.83999633789062,138.57000732421875,137.89999389648438,6153900.0,134.70310974121094
2019-07-01,141.49000549316406,139.27999877929688,139.60000610351562,139.8800048828125,3377700.0,136.63720703125
2019-07-02,140.42999267578125,139.47000122070312,139.75,140.22000122070312,2409700.0,136.96932983398438
2019-07-03,141.82000732421875,140.42999267578125,140.72000122070312,141.5399932861328,1930400.0,138.2587127685547
2019-07-05,141.49000549316406,139.91000366210938,140.8699951171875,141.3800048828125,2134700.0,138.10244750976562
2019-07-08,141.2899932861328,140.27000427246094,141.0500030517578,140.57000732421875,2395300.0,137.31121826171875
2019-07-09,140.99000549316406,139.1300048828125,140.61000061035156,139.3300018310547,3365200.0,136.09996032714844
2019-07-10,141.91000366210938,139.7899932861328,140.0,140.47000122070312,2513900.0,137.21353149414062
2019-07-11,141.5800018310547,140.3000030517578,140.7899932861328,141.24000549316406,2132900.0,137.9656982421875
2019-07-12,142.9199981689453,141.66000366210938,141.9199981689453,142.74000549316406,2786200.0,139.430908203125
2019-07-15,143.50999450683594,142.1199951171875,142.88999938964844,143.32000732421875,2368300.0,139.9974822998047
2019-07-16,144.0399932861328,143.02000427246094,143.1699981689453,143.52999877929688,3474700.0,140.2025909423828
2019-07-17,143.8000030517578,141.9499969482422,143.61000061035156,143.07000732421875,6064300.0,139.75326538085938
2019-07-18,150.30999755859375,142.1999969482422,142.5,149.6300048828125,12695400.0,146.1611785888672
2019-07-19,151.5800018310547,149.5500030517578,149.9600067138672,149.67999267578125,7290700.0,146.2100067138672
2019-07-22,151.94000244140625,149.6999969482422,150.16000366210938,149.74000549316406,4092600.0,146.2686309814453
2019-07-23,150.72000122070312,148.3800048828125,150.57000732421875,150.3800048828125,3742200.0,146.893798828125
2019-07-24,151.4499969482422,149.1999969482422,150.1199951171875,150.02999877929688,2952400.0,146.55189514160156
2019-07-25,150.6199951171875,148.61000061035156,149.82000732421875,150.38999938964844,3102100.0,146.903564453125
2019-07-26,151.41000366210938,150.10000610351562,151.0,151.36000061035156,2904300.0,147.85107421875
2019-07-29,151.47999572753906,150.32000732421875,151.11000061035156,150.8800048828125,2075500.0,147.3822021484375
2019-07-30,150.39999389648438,149.22000122070312,150.0,149.77000427246094,2632700.0,146.29794311523438
2019-07-31,150.17999267578125,146.38999938964844,149.6999969482422,148.24000549316406,3722900.0,144.8034210205078
2019-08-01,152.82000732421875,148.5,148.89999389648438,150.32000732421875,6344000.0,146.83518981933594
2019-08-02,152.9499969482422,145.58999633789062,149.02999877929688,147.25,8080100.0,143.8363494873047
2019-08-05,145.10000610351562,139.14999389648438,144.97999572753906,140.75999450683594,7114900.0,137.49681091308594
2019-08-06,142.47000122070312,139.30999755859375,142.02999877929688,140.72999572753906,5070700.0,137.46749877929688
2019-08-07,139.5800018310547,136.41000366210938,138.74000549316406,139.11000061035156,5931900.0,135.8850555419922
2019-08-08,140.4199981689453,137.75999450683594,138.4499969482422,140.10000610351562,5261100.0,138.464599609375
2019-08-09,139.30999755859375,135.35000610351562,139.27000427246094,136.1300048828125,5244600.0,134.5409393310547
2019-08-12,135.8699951171875,133.17999267578125,135.66000366210938,134.1199951171875,3895600.0,132.5543975830078
2019-08-13,136.57000732421875,132.80999755859375,133.8000030517578,135.7899932861328,4522100.0,134.20489501953125
2019-08-14,134.16000366210938,130.97999572753906,133.91000366210938,131.25,5114200.0,129.7178955078125
2019-08-15,132.3699951171875,130.25,131.22000122070312,131.9199981689453,3738900.0,130.3800811767578
2019-08-16,134.58999633789062,132.9499969482422,133.0399932861328,133.75999450683594,3012000.0,132.19859313964844
2019-08-19,136.3300018310547,134.8800048828125,134.8800048828125,135.0399932861328,3165100.0,133.46365356445312
2019-08-20,135.27999877929688,132.80999755859375,135.24000549316406,133.0,3018600.0,131.4474639892578
2019-08-21,135.94000244140625,133.8000030517578,134.9600067138672,134.25,2805700.0,132.68287658691406
2019-08-22,135.67999267578125,133.80999755859375,134.69000244140625,134.32000732421875,2694900.0,132.7520751953125
2019-08-23,134.25999450683594,128.8300018310547,133.6300048828125,129.57000732421875,4818400.0,128.05751037597656
2019-08-26,131.3000030517578,129.16000366210938,131.0500030517578,129.99000549316406,2833900.0,128.4726104736328
2019-08-27,131.6999969482422,130.30999755859375,131.1999969482422,131.1699981689453,4728000.0,129.63882446289062
2019-08-28,132.88999938964844,130.0399932861328,130.44000244140625,132.75999450683594,2713600.0,131.21026611328125
2019-08-29,135.69000244140625,134.0399932861328,134.17999267578125,134.8800048828125,2971800.0,133.30552673339844
2019-08-30,136.07000732421875,134.36000061035156,135.5800018310547,135.52999877929688,2960600.0,133.94793701171875
2019-09-03,134.89999389648438,133.3300018310547,134.85000610351562,134.10000610351562,2827900.0,132.53463745117188
2019-09-04,136.42999267578125,135.14999389648438,135.7100067138672,136.32000732421875,2247900.0,134.72872924804688
2019-09-05,141.6999969482422,138.0500030517578,138.3000030517578,140.97000122070312,5011600.0,139.32443237304688
2019-09-06,141.52999877929688,140.4600067138672,141.52000427246094,140.57000732421875,2576800.0,138.92910766601562
2019-09-09,143.02000427246094,140.4600067138672,140.58999633789062,142.60000610351562,4226600.0,140.93540954589844
2019-09-10,145.4600067138672,142.9600067138672,143.0,145.0500030517578,4979700.0,143.3568115234375
2019-09-11,145.1199951171875,142.7100067138672,144.85000610351562,143.60000610351562,3869700.0,141.92373657226562
2019-09-12,144.0399932861328,141.8800048828125,144.02999877929688,143.6199951171875,2505400.0,141.94349670410156
2019-09-13,144.64999389648438,143.25999450683594,144.32000732421875,143.6699981689453,2206600.0,141.992919921875
2019-09-16,143.63999938964844,142.27000427246094,142.55999755859375,142.47999572753906,1928500.0,140.81680297851562
2019-09-17,142.47999572753906,140.66000366210938,142.47999572753906,142.1999969482422,2933200.0,140.54006958007812
2019-09-18,142.3000030517578,140.50999450683594,142.0500030517578,142.22000122070312,1983600.0,140.55984497070312
2019-09-19,145.02999877929688,142.4499969482422,142.4600067138672,142.97000122070312,3089900.0,141.30108642578125
2019-09-20,143.8300018310547,141.82000732421875,143.25,141.8800048828125,5193400.0,140.22381591796875
2019-09-23,142.22000122070312,140.55999755859375,141.19000244140625,142.07000732421875,1817900.0,140.41160583496094
2019-09-24,142.88999938964844,141.07000732421875,142.5,141.67999267578125,3231600.0,140.02613830566406
2019-09-25,143.6300048828125,140.86000061035156,141.74000549316406,143.16000366210938,2526700.0,141.48887634277344
2019-09-26,143.8800048828125,141.41000366210938,143.1699981689453,143.5500030517578,2309800.0,141.87432861328125
2019-09-27,145.08999633789062,142.3800048828125,144.41000366210938,143.24000549316406,2356800.0,141.5679473876953
2019-09-30,146.57000732421875,143.72999572753906,143.72999572753906,145.4199981689453,3988400.0,143.7224884033203
2019-10-01,147.35000610351562,143.5399932861328,145.58999633789062,143.66000366210938,2960800.0,141.9830322265625
2019-10-02,142.27000427246094,140.57000732421875,142.19000244140625,141.69000244140625,3340800.0,140.03602600097656
2019-10-03,142.07000732421875,139.17999267578125,141.6199951171875,142.02000427246094,2928800.0,140.3621826171875
2019-10-04,143.05999755859375,141.02999877929688,142.05999755859375,142.99000549316406,2413600.0,141.32086181640625
2019-10-07,142.6999969482422,141.22000122070312,142.25999450683594,141.27999877929688,2426500.0,139.6308135986328
2019-10-08,140.47000122070312,138.25,140.24000549316406,138.3800048828125,3225400.0,136.76467895507812
2019-10-09,140.3300018310547,138.7899932861328,139.77000427246094,139.6699981689453,2620800.0,138.03961181640625
2019-10-10,141.77999877929688,139.55999755859375,139.77000427246094,141.1300048828125,2593700.0,139.48257446289062
2019-10-11,144.5,142.61000061035156,142.77000427246094,142.75999450683594,2996800.0,141.09353637695312
2019-10-14,142.42999267578125,141.32000732421875,142.30999755859375,142.0399932861328,2309500.0,140.38194274902344
2019-10-15,143.72000122070312,141.80999755859375,142.5399932861328,143.0,3025500.0,141.3307342529297
2019-10-16,142.9499969482422,141.38999938964844,142.49000549316406,142.11000061035156,5332600.0,140.4511260986328
2019-10-17,136.0,132.91000366210938,135.0,134.25999450683594,15759800.0,132.69276428222656
2019-10-18,134.49000549316406,132.25,134.22000122070312,134.08999633789062,7177500.0,132.52474975585938
2019-10-21,133.10000610351562,130.89999389648438,132.61000061035156,132.5800018310547,6306100.0,131.03237915039062
2019-10-22,134.0500030517578,131.61000061035156,132.5500030517578,133.9600067138672,4161600.0,132.39627075195312
2019-10-23,134.57000732421875,132.6999969482422,133.52000427246094,134.3800048828125,3610900.0,132.81137084960938
2019-10-24,135.07000732421875,133.3000030517578,134.8300018310547,134.07000732421875,2598500.0,132.50498962402344
2019-10-25,135.92999267578125,134.10000610351562,134.1199951171875,135.44000244140625,2579100.0,133.85899353027344
2019-10-28,136.6300048828125,135.4499969482422,136.0,135.97000122070312,3225700.0,134.38279724121094
2019-10-29,135.57000732421875,133.44000244140625,135.4199981689453,133.82000732421875,4160700.0,132.25790405273438
2019-10-30,135.27999877929688,133.1999969482422,133.8300018310547,135.25,2252700.0,133.67120361328125
2019-10-31,135.25,133.22999572753906,135.11000061035156,133.72999572753906,3412100.0,132.1689453125
2019-11-01,135.55999755859375,134.08999633789062,134.5,135.52999877929688,3089800.0,133.94793701171875
2019-11-04,137.74000549316406,136.22999572753906,136.24000549316406,137.6699981689453,3335400.0,136.06295776367188
2019-11-05,138.75999450683594,137.6300048828125,137.8000030517578,137.88999938964844,3015000.0,136.2803955078125
2019-11-06,138.77999877929688,137.5500030517578,138.0,138.77999877929688,4477300.0,137.16000366210938
2019-11-07,139.13999938964844,137.5800018310547,137.8699951171875,137.69000244140625,4073800.0,137.69000244140625
2019-11-08,137.61000061035156,136.16000366210938,137.5800018310547,137.61000061035156,2278400.0,137.61000061035156
2019-11-11,137.1999969482422,135.0,137.1999969482422,135.47000122070312,2568000.0,135.47000122070312
2019-11-12,136.66000366210938,135.02000427246094,135.8699951171875,135.58999633789062,3046500.0,135.58999633789062
2019-11-13,135.5800018310547,133.85000610351562,135.38999938964844,134.47999572753906,2918400.0,134.47999572753906
2019-11-14,134.3300018310547,133.3300018310547,134.1300048828125,134.0,4231300.0,134.0
2019-11-15,135.1199951171875,134.02999877929688,134.38999938964844,134.39999389648438,3262500.0,134.39999389648438
2019-11-18,134.47999572753906,133.22999572753906,134.3000030517578,134.30999755859375,3210400.0,134.30999755859375
2019-11-19,135.3800048828125,134.4600067138672,134.8800048828125,134.52000427246094,2995000.0,134.52000427246094
2019-11-20,134.4600067138672,132.75,134.05999755859375,133.1999969482422,4138200.0,133.1999969482422
2019-11-21,134.1699981689453,132.97999572753906,133.39999389648438,133.83999633789062,3345300.0,133.83999633789062
2019-11-22,134.64999389648438,133.58999633789062,134.19000244140625,134.33999633789062,3297500.0,134.33999633789062
2019-11-25,136.0,134.35000610351562,134.47000122070312,135.97000122070312,2590100.0,135.97000122070312
2019-11-26,136.14999389648438,134.77000427246094,136.14999389648438,135.08999633789062,3793200.0,135.08999633789062
2019-11-27,135.7100067138672,133.6199951171875,135.35000610351562,133.77000427246094,3280900.0,133.77000427246094
2019-11-29,134.52000427246094,133.02999877929688,133.60000610351562,134.4499969482422,1825300.0,134.4499969482422
2019-12-02,134.5,132.47999572753906,134.4499969482422,132.91000366210938,3067100.0,132.91000366210938
2019-12-03,132.44000244140625,130.69000244140625,132.0,132.1199951171875,3642500.0,132.1199951171875
2019-12-04,133.67999267578125,131.9600067138672,132.86000061035156,131.99000549316406,3530000.0,131.99000549316406
2019-12-05,133.24000549316406,131.6300048828125,132.99000549316406,131.91000366210938,3595400.0,131.91000366210938
2019-12-06,133.88999938964844,132.6999969482422,132.75,133.22000122070312,3437500.0,133.22000122070312
2019-12-09,134.58999633789062,133.25999450683594,133.35000610351562,133.9199981689453,2968500.0,133.9199981689453
2019-12-10,134.83999633789062,133.55999755859375,133.9199981689453,133.91000366210938,3480400.0,133.91000366210938
2019-12-11,134.50999450683594,133.6699981689453,134.11000061035156,133.75999450683594,3953300.0,133.75999450683594
2019-12-12,135.66000366210938,133.66000366210938,133.6999969482422,135.32000732421875,4824100.0,135.32000732421875
2019-12-13,135.5,134.00999450683594,134.75,134.2100067138672,2535000.0,134.2100067138672
2019-12-16,135.4499969482422,133.85000610351562,134.94000244140625,134.1300048828125,3049200.0,134.1300048828125
2019-12-17,134.69000244140625,133.4600067138672,134.27999877929688,134.22000122070312,2907200.0,134.22000122070312
2019-12-18,135.0,134.14999389648438,134.5500030517578,134.41000366210938,3101800.0,134.41000366210938
2019-12-19,134.72999572753906,134.19000244140625,134.4600067138672,134.55999755859375,3866500.0,134.55999755859375
2019-12-20,136.4199981689453,134.9499969482422,135.74000549316406,135.58999633789062,7111800.0,135.58999633789062
2019-12-23,136.14999389648438,135.0,135.77999877929688,135.5500030517578,2803200.0,135.5500030517578
2019-12-24,135.6199951171875,134.61000061035156,135.61000061035156,134.97999572753906,1202100.0,134.97999572753906
2019-12-26,135.30999755859375,134.64999389648438,134.97999572753906,134.91000366210938,2129700.0,134.91000366210938
2019-12-27,135.75,134.8699951171875,135.0,135.27000427246094,2752200.0,135.27000427246094
2019-12-30,135.3000030517578,132.5,135.1999969482422,132.80999755859375,4118900.0,132.80999755859375
2019-12-31,134.1199951171875,132.39999389648438,132.52999877929688,134.0399932861328,3777500.0,134.0399932861328
2020-01-02,135.9199981689453,134.77000427246094,135.0,135.4199981689453,3148600.0,135.4199981689453
2020-01-03,134.86000061035156,133.55999755859375,133.57000732421875,134.33999633789062,2373700.0,134.33999633789062
2020-01-06,134.24000549316406,133.1999969482422,133.4199981689453,134.10000610351562,2425500.0,134.10000610351562
2020-01-07,134.9600067138672,133.39999389648438,133.69000244140625,134.19000244140625,3090800.0,134.19000244140625
2020-01-08,135.86000061035156,133.9199981689453,134.50999450683594,135.30999755859375,4346000.0,135.30999755859375
2020-01-09,136.7899932861328,135.30999755859375,135.74000549316406,136.74000549316406,3730600.0,136.74000549316406
2020-01-10,137.8699951171875,136.30999755859375,137.0,136.69000244140625,3255400.0,136.69000244140625
2020-01-13,136.63999938964844,135.07000732421875,135.47999572753906,136.60000610351562,3531000.0,136.60000610351562
2020-01-14,137.13999938964844,135.5500030517578,136.27999877929688,135.82000732421875,3681000.0,135.82000732421875
2020-01-15,138.05999755859375,135.7100067138672,136.0,136.6199951171875,4045900.0,136.6199951171875
2020-01-16,138.19000244140625,137.00999450683594,137.32000732421875,137.97999572753906,4320900.0,137.97999572753906
2020-01-17,138.3300018310547,136.16000366210938,136.5399932861328,138.30999755859375,5623300.0,138.30999755859375
2020-01-21,139.35000610351562,137.60000610351562,137.80999755859375,139.1699981689453,7244100.0,139.1699981689453
2020-01-22,145.7899932861328,142.5500030517578,143.32000732421875,143.88999938964844,16470400.0,143.88999938964844
2020-01-23,144.41000366210938,142.14999389648438,144.1999969482422,142.8699951171875,5657800.0,142.8699951171875
2020-01-24,143.9199981689453,140.4600067138672,143.38999938964844,140.55999755859375,5580200.0,140.55999755859375
2020-01-27,140.07000732421875,138.10000610351562,138.5,138.6199951171875,4166600.0,138.6199951171875
2020-01-28,140.47000122070312,138.75,139.5,139.5500030517578,3451600.0,139.5500030517578
2020-01-29,139.5800018310547,137.60000610351562,139.1699981689453,137.69000244140625,3053800.0,137.69000244140625
2020-01-30,136.97000122070312,134.97000122070312,136.75999450683594,136.77000427246094,5057900.0,136.77000427246094
2020-01-31,144.0500030517578,140.7899932861328,142.89999389648438,143.72999572753906,18987100.0,143.72999572753906
