Date,High,Low,Open,Close,Volume,Adj Close
2017-02-03,36.81999969482422,36.45000076293945,36.689998626708984,36.52000045776367,21038100.0,34.041019439697266
2017-02-06,36.5099983215332,36.150001525878906,36.5099983215332,36.27000045776367,21427000.0,33.8079948425293
2017-02-07,36.52000045776367,36.2400016784668,36.45000076293945,36.349998474121094,18581900.0,33.88255310058594
2017-02-08,36.650001525878906,36.13999938964844,36.34000015258789,36.380001068115234,20807400.0,33.910526275634766
2017-02-09,36.5,35.400001525878906,36.5,35.459999084472656,47802700.0,33.052974700927734
2017-02-10,35.43000030517578,34.84000015258789,35.2599983215332,35.34000015258789,44106500.0,32.94112014770508
2017-02-13,35.849998474121094,35.34000015258789,35.56999969482422,35.79999923706055,28180600.0,33.36989974975586
2017-02-14,35.959999084472656,35.529998779296875,35.84000015258789,35.93000030517578,25734800.0,33.49106979370117
2017-02-15,36.060001373291016,35.66999816894531,35.97999954223633,36.04999923706055,18452200.0,33.60292434692383
2017-02-16,36.560001373291016,36.099998474121094,36.18000030517578,36.40999984741211,21317500.0,33.93848419189453
2017-02-17,36.47999954223633,36.099998474121094,36.31999969482422,36.47999954223633,18909900.0,34.00373077392578
2017-02-21,36.650001525878906,36.33000183105469,36.529998779296875,36.52000045776367,20556000.0,34.041019439697266
2017-02-22,36.400001525878906,35.790000915527344,36.34000015258789,36.06999969482422,29904400.0,33.62156295776367
2017-02-23,36.29999923706055,35.900001525878906,36.2400016784668,36.18000030517578,22775000.0,33.72410202026367
2017-02-24,36.529998779296875,35.95000076293945,36.13999938964844,36.529998779296875,18617600.0,34.05034637451172
2017-02-27,36.68000030517578,36.27000045776367,36.41999816894531,36.5099983215332,14065200.0,34.03170394897461
2017-02-28,36.459999084472656,36.0,36.41999816894531,36.20000076293945,24977000.0,33.742740631103516
2017-03-01,36.099998474121094,35.439998626708984,35.849998474121094,35.93000030517578,34085900.0,33.49106979370117
2017-03-02,36.02000045776367,35.650001525878906,35.93000030517578,35.90999984741211,23602100.0,33.47243118286133
2017-03-03,36.09000015258789,35.66999816894531,35.939998626708984,35.900001525878906,17538100.0,33.463104248046875
2017-03-06,35.79999923706055,35.41999816894531,35.790000915527344,35.56999969482422,24416700.0,33.15550231933594
2017-03-07,35.79999923706055,35.38999938964844,35.540000915527344,35.79999923706055,23434900.0,33.36989974975586
2017-03-08,35.900001525878906,35.529998779296875,35.66999816894531,35.619998931884766,20920100.0,33.202110290527344
2017-03-09,35.939998626708984,35.5,35.599998474121094,35.81999969482422,23616800.0,33.38853454589844
2017-03-10,36.29999923706055,35.779998779296875,36.119998931884766,35.90999984741211,25402300.0,33.47243118286133
2017-03-13,36.040000915527344,34.939998626708984,35.849998474121094,35.15999984741211,53582900.0,32.77333068847656
2017-03-14,35.22999954223633,34.65999984741211,35.060001373291016,35.18000030517578,28586900.0,32.79197692871094
2017-03-15,35.16999816894531,34.68000030517578,34.939998626708984,35.099998474121094,27996100.0,32.7174072265625
2017-03-16,35.36000061035156,35.06999969482422,35.16999816894531,35.13999938964844,19616100.0,32.754695892333984
2017-03-17,35.33000183105469,35.099998474121094,35.310001373291016,35.27000045776367,30778900.0,32.87586975097656
2017-03-20,35.630001068115234,35.2599983215332,35.369998931884766,35.43000030517578,17322300.0,33.0250129699707
2017-03-21,35.599998474121094,35.0,35.59000015258789,35.040000915527344,22814500.0,32.66148376464844
2017-03-22,35.459999084472656,35.0,35.220001220703125,35.369998931884766,19144500.0,32.96908187866211
2017-03-23,35.4900016784668,35.02000045776367,35.4900016784668,35.27000045776367,20640400.0,32.87586975097656
2017-03-24,35.72999954223633,35.119998931884766,35.650001525878906,35.15999984741211,22188000.0,32.77333068847656
2017-03-27,35.5,34.939998626708984,35.06999969482422,35.38999938964844,16992200.0,32.98773193359375
2017-03-28,35.709999084472656,35.209999084472656,35.34000015258789,35.599998474121094,18398100.0,33.1834716796875
2017-03-29,35.70000076293945,35.439998626708984,35.52000045776367,35.56999969482422,17202600.0,33.15550231933594
2017-03-30,35.88999938964844,35.52000045776367,35.58000183105469,35.75,16433000.0,33.323280334472656
2017-03-31,36.25,35.7400016784668,35.75,36.06999969482422,21438400.0,33.62156295776367
2017-04-03,36.7400016784668,36.119998931884766,36.189998626708984,36.15999984741211,32013600.0,33.70545959472656
2017-04-04,36.380001068115234,35.9900016784668,36.119998931884766,36.279998779296875,18918000.0,33.81730651855469
2017-04-05,36.7599983215332,36.16999816894531,36.43000030517578,36.220001220703125,22455500.0,33.761390686035156
2017-04-06,36.279998779296875,36.029998779296875,36.130001068115234,36.029998779296875,20198200.0,33.584285736083984
2017-04-07,36.31999969482422,35.9900016784668,36.06999969482422,36.029998779296875,15689500.0,33.584285736083984
2017-04-10,36.09000015258789,35.61000061035156,36.02000045776367,35.79999923706055,19973700.0,33.36989974975586
2017-04-11,35.790000915527344,35.209999084472656,35.77000045776367,35.7400016784668,22711800.0,33.31397247314453
2017-04-12,36.0099983215332,35.5,35.869998931884766,35.630001068115234,19289800.0,33.21143341064453
2017-04-13,35.7599983215332,35.25,35.54999923706055,35.25,15764000.0,32.85723114013672
2017-04-17,35.59000015258789,35.33000183105469,35.439998626708984,35.47999954223633,12560700.0,33.071617126464844
2017-04-18,35.810001373291016,35.29999923706055,35.43000030517578,35.77000045776367,12321100.0,33.3419303894043
2017-04-19,36.220001220703125,35.88999938964844,35.970001220703125,35.90999984741211,16594600.0,33.47243118286133
2017-04-20,36.27000045776367,35.86000061035156,36.18000030517578,36.18000030517578,22968300.0,33.72410202026367
2017-04-21,36.41999816894531,35.849998474121094,36.20000076293945,36.31999969482422,20390500.0,33.85459518432617
2017-04-24,36.849998474121094,36.459999084472656,36.66999816894531,36.75,26305800.0,34.255409240722656
2017-04-25,37.0,36.65999984741211,36.77000045776367,36.869998931884766,22066800.0,34.36726379394531
2017-04-26,37.22999954223633,36.779998779296875,36.779998779296875,36.93000030517578,27241000.0,34.42319107055664
2017-04-27,37.5,36.779998779296875,36.869998931884766,37.43000030517578,39890000.0,34.88924789428711
2017-04-28,36.4900016784668,35.880001068115234,36.099998474121094,36.150001525878906,56769300.0,33.69614028930664
2017-05-01,36.400001525878906,35.939998626708984,36.11000061035156,36.310001373291016,24825600.0,33.845279693603516
2017-05-02,37.029998779296875,36.349998474121094,36.369998931884766,36.970001220703125,35813000.0,34.460479736328125
2017-05-03,37.16999816894531,36.619998931884766,36.720001220703125,36.97999954223633,22040300.0,34.72622299194336
2017-05-04,37.11000061035156,36.63999938964844,36.9900016784668,36.849998474121094,16437100.0,34.60415267944336
2017-05-05,36.93000030517578,36.5,36.86000061035156,36.81999969482422,18119200.0,34.57597732543945
2017-05-08,36.849998474121094,36.47999954223633,36.72999954223633,36.540000915527344,17660200.0,34.31304168701172
2017-05-09,36.75,36.279998779296875,36.47999954223633,36.369998931884766,17819100.0,34.153411865234375
2017-05-10,36.380001068115234,35.93000030517578,36.27000045776367,36.0099983215332,25133800.0,33.81534194946289
2017-05-11,36.0,35.45000076293945,35.90999984741211,35.689998626708984,21508900.0,33.51484298706055
2017-05-12,35.7400016784668,35.400001525878906,35.720001220703125,35.529998779296875,19730800.0,33.36459732055664
2017-05-15,35.720001220703125,35.41999816894531,35.529998779296875,35.630001068115234,22120100.0,33.458499908447266
2017-05-16,35.88999938964844,35.41999816894531,35.75,35.81999969482422,22291800.0,33.63692855834961
2017-05-17,35.9900016784668,35.02000045776367,35.66999816894531,35.040000915527344,26670200.0,32.90446090698242
2017-05-18,35.470001220703125,35.08000183105469,35.189998626708984,35.220001220703125,17171900.0,33.07349395751953
2017-05-19,35.54999923706055,35.130001068115234,35.150001525878906,35.400001525878906,18340100.0,33.24252700805664
2017-05-22,36.11000061035156,35.380001068115234,35.47999954223633,35.77000045776367,14638100.0,33.589969635009766
2017-05-23,35.9900016784668,35.560001373291016,35.869998931884766,35.86000061035156,16903700.0,33.67448425292969
2017-05-24,36.18000030517578,35.88999938964844,35.97999954223633,36.119998931884766,20640600.0,33.91864013671875
2017-05-25,36.38999938964844,36.060001373291016,36.119998931884766,36.2599983215332,13148500.0,34.05010223388672
2017-05-26,36.33000183105469,36.130001068115234,36.2599983215332,36.2599983215332,11145500.0,34.05010223388672
2017-05-30,36.439998626708984,36.09000015258789,36.27000045776367,36.18000030517578,13026900.0,33.9749870300293
2017-05-31,36.380001068115234,35.869998931884766,36.310001373291016,36.11000061035156,17741900.0,33.90924835205078
2017-06-01,36.130001068115234,35.79999923706055,36.119998931884766,36.119998931884766,17510900.0,33.91864013671875
2017-06-02,36.33000183105469,36.0,36.27000045776367,36.31999969482422,19127400.0,34.1064567565918
2017-06-05,36.5,36.20000076293945,36.29999923706055,36.34000015258789,11685700.0,34.1252326965332
2017-06-06,36.45000076293945,35.97999954223633,36.15999984741211,36.130001068115234,18420900.0,33.92803192138672
2017-06-07,36.56999969482422,36.099998474121094,36.130001068115234,36.2599983215332,17192000.0,34.05010223388672
2017-06-08,36.529998779296875,36.15999984741211,36.34000015258789,36.47999954223633,17154200.0,34.25669860839844
2017-06-09,36.560001373291016,35.310001373291016,36.5,35.709999084472656,33322100.0,33.53363037109375
2017-06-12,36.0099983215332,35.40999984741211,35.59000015258789,35.72999954223633,28488300.0,33.55241012573242
2017-06-13,35.95000076293945,35.529998779296875,35.68000030517578,35.880001068115234,20588200.0,33.693267822265625
2017-06-14,36.04999923706055,35.220001220703125,35.9900016784668,35.529998779296875,19149000.0,33.36459732055664
2017-06-15,35.47999954223633,35.13999938964844,35.209999084472656,35.310001373291016,20410000.0,33.15800476074219
2017-06-16,35.33000183105469,35.0099983215332,35.279998779296875,35.209999084472656,30762800.0,33.06410217285156
2017-06-19,35.61000061035156,35.31999969482422,35.61000061035156,35.5099983215332,21583800.0,33.34581756591797
2017-06-20,35.45000076293945,34.84000015258789,35.45000076293945,34.86000061035156,21536500.0,32.73543167114258
2017-06-21,34.599998474121094,34.09000015258789,34.33000183105469,34.58000183105469,27138500.0,32.472496032714844
2017-06-22,34.630001068115234,34.290000915527344,34.560001373291016,34.36000061035156,24602900.0,32.265907287597656
2017-06-23,34.54999923706055,34.099998474121094,34.209999084472656,34.189998626708984,29260900.0,32.10626220703125
2017-06-26,34.5099983215332,34.029998779296875,34.2599983215332,34.06999969482422,18854800.0,31.993576049804688
2017-06-27,34.150001525878906,33.650001525878906,34.0,33.650001525878906,27078900.0,31.59917640686035
2017-06-28,34.2400016784668,33.7400016784668,33.77000045776367,34.20000076293945,25940100.0,32.115657806396484
2017-06-29,34.099998474121094,33.34000015258789,33.91999816894531,33.540000915527344,25215700.0,31.49588394165039
2017-06-30,33.93000030517578,33.529998779296875,33.869998931884766,33.7400016784668,24432000.0,31.68369483947754
2017-07-03,34.029998779296875,33.43000030517578,33.5099983215332,33.459999084472656,12676900.0,31.42075538635254
2017-07-05,34.43000030517578,33.4900016784668,33.52000045776367,34.34000015258789,30010800.0,32.24713134765625
2017-07-06,34.290000915527344,33.560001373291016,34.119998931884766,33.630001068115234,20733200.0,31.580400466918945
2017-07-07,34.119998931884766,33.70000076293945,33.70000076293945,33.880001068115234,18304500.0,31.815160751342773
2017-07-10,33.7400016784668,33.22999954223633,33.25,33.650001525878906,29918400.0,31.59917640686035
2017-07-11,33.93000030517578,33.43000030517578,33.63999938964844,33.91999816894531,25737500.0,31.852720260620117
2017-07-12,34.38999938964844,33.939998626708984,34.279998779296875,34.25,23768300.0,32.162601470947266
2017-07-13,34.400001525878906,34.119998931884766,34.33000183105469,34.2400016784668,15046200.0,32.15321731567383
2017-07-14,34.709999084472656,34.27000045776367,34.47999954223633,34.68000030517578,16316400.0,32.566402435302734
2017-07-17,34.7400016784668,34.36000061035156,34.7400016784668,34.470001220703125,21044400.0,32.36920166015625
2017-07-18,34.58000183105469,34.25,34.43000030517578,34.529998779296875,14362800.0,32.425540924072266
2017-07-19,34.68000030517578,34.459999084472656,34.68000030517578,34.560001373291016,17036200.0,32.45372009277344
2017-07-20,34.84000015258789,34.47999954223633,34.540000915527344,34.75,17506200.0,32.63213348388672
2017-07-21,34.81999969482422,34.400001525878906,34.540000915527344,34.72999954223633,22245000.0,32.61335754394531
2017-07-24,34.79999923706055,34.380001068115234,34.72999954223633,34.5,16146300.0,32.397369384765625
2017-07-25,34.7400016784668,34.400001525878906,34.54999923706055,34.66999816894531,18096700.0,32.55701446533203
2017-07-26,34.970001220703125,34.59000015258789,34.70000076293945,34.75,15499300.0,32.63213348388672
2017-07-27,35.25,34.66999816894531,34.779998779296875,34.970001220703125,43062800.0,32.83872604370117
2017-07-28,35.86000061035156,35.0,35.130001068115234,35.310001373291016,36291500.0,33.15800476074219
2017-07-31,35.7400016784668,35.31999969482422,35.470001220703125,35.470001220703125,27057000.0,33.30825424194336
2017-08-01,36.43000030517578,35.56999969482422,35.65999984741211,36.349998474121094,38710200.0,34.134620666503906
2017-08-02,36.66999816894531,36.060001373291016,36.33000183105469,36.63999938964844,35004300.0,34.406944274902344
2017-08-03,36.59000015258789,36.150001525878906,36.54999923706055,36.4900016784668,26611300.0,34.523319244384766
2017-08-04,36.560001373291016,36.099998474121094,36.45000076293945,36.29999923706055,20520300.0,34.34355926513672
2017-08-07,36.54999923706055,36.220001220703125,36.38999938964844,36.43000030517578,18169300.0,34.466552734375
2017-08-08,36.70000076293945,36.29999923706055,36.369998931884766,36.40999984741211,22819900.0,34.447635650634766
2017-08-09,36.65999984741211,36.02000045776367,36.279998779296875,36.59000015258789,22796800.0,34.6179313659668
2017-08-10,36.560001373291016,36.11000061035156,36.400001525878906,36.13999938964844,22693300.0,34.19218826293945
2017-08-11,36.400001525878906,35.790000915527344,36.2599983215332,35.869998931884766,19275100.0,33.936737060546875
2017-08-14,36.470001220703125,36.08000183105469,36.119998931884766,36.34000015258789,18469400.0,34.38140106201172
2017-08-15,36.31999969482422,35.81999969482422,36.29999923706055,36.0,21706600.0,34.05972671508789
2017-08-16,36.06999969482422,35.560001373291016,35.97999954223633,35.810001373291016,22014000.0,33.879966735839844
2017-08-17,35.68000030517578,35.16999816894531,35.599998474121094,35.16999816894531,19525000.0,33.27445602416992
2017-08-18,35.310001373291016,34.9900016784668,35.290000915527344,35.0099983215332,16231400.0,33.123085021972656
2017-08-21,35.279998779296875,34.70000076293945,35.09000015258789,34.91999816894531,26493300.0,33.037933349609375
2017-08-22,35.189998626708984,34.619998931884766,35.02000045776367,34.650001525878906,26097800.0,32.782493591308594
2017-08-23,34.810001373291016,34.380001068115234,34.540000915527344,34.65999984741211,19648100.0,32.791954040527344
2017-08-24,34.88999938964844,34.54999923706055,34.70000076293945,34.709999084472656,14301900.0,32.83924865722656
2017-08-25,34.93000030517578,34.58000183105469,34.81999969482422,34.66999816894531,14726800.0,32.80141067504883
2017-08-28,34.79999923706055,34.59000015258789,34.779998779296875,34.650001525878906,20712900.0,32.782493591308594
2017-08-29,34.75,34.459999084472656,34.5099983215332,34.72999954223633,15843700.0,32.858177185058594
2017-08-30,34.959999084472656,34.630001068115234,34.75,34.88999938964844,18565000.0,33.009552001953125
2017-08-31,35.18000030517578,34.869998931884766,34.939998626708984,35.06999969482422,16366800.0,33.179847717285156
2017-09-01,35.38999938964844,35.06999969482422,35.2400016784668,35.09000015258789,12822000.0,33.19877624511719
2017-09-05,35.33000183105469,34.93000030517578,35.02000045776367,35.02000045776367,18772000.0,33.13254165649414
2017-09-06,35.939998626708984,35.11000061035156,35.220001220703125,35.7599983215332,28076400.0,33.83265686035156
2017-09-07,35.95000076293945,35.33000183105469,35.880001068115234,35.540000915527344,16297100.0,33.6245231628418
2017-09-08,35.540000915527344,35.08000183105469,35.41999816894531,35.189998626708984,14125000.0,33.29338455200195
2017-09-11,36.0,35.13999938964844,35.4900016784668,35.77000045776367,20037600.0,33.842124938964844
2017-09-12,36.34000015258789,35.7400016784668,35.880001068115234,36.09000015258789,19489900.0,34.14487838745117
2017-09-13,36.400001525878906,35.970001220703125,36.0,36.33000183105469,15509800.0,34.371944427490234
2017-09-14,36.70000076293945,36.15999984741211,36.189998626708984,36.47999954223633,18093900.0,34.513858795166016
2017-09-15,37.08000183105469,36.220001220703125,36.54999923706055,37.0,33596100.0,35.005828857421875
2017-09-18,37.33000183105469,36.79999923706055,37.0,37.0,19393800.0,35.005828857421875
2017-09-19,37.29999923706055,37.02000045776367,37.20000076293945,37.22999954223633,23850500.0,35.22343826293945
2017-09-20,37.290000915527344,36.65999984741211,37.22999954223633,37.06999969482422,23957500.0,35.072059631347656
2017-09-21,37.27000045776367,36.849998474121094,36.9900016784668,37.20000076293945,22954200.0,35.1950569152832
2017-09-22,37.220001220703125,36.95000076293945,36.95000076293945,37.18000030517578,21631800.0,35.17613220214844
2017-09-25,37.22999954223633,36.849998474121094,37.04999923706055,37.15999984741211,23180800.0,35.15721130371094
2017-09-26,37.63999938964844,37.0,37.209999084472656,37.470001220703125,29790400.0,35.450504302978516
2017-09-27,37.689998626708984,37.099998474121094,37.619998931884766,37.540000915527344,25981400.0,35.516727447509766
2017-09-28,37.880001068115234,37.290000915527344,37.31999969482422,37.83000183105469,21171400.0,35.791107177734375
2017-09-29,38.150001525878906,37.70000076293945,37.84000015258789,38.08000183105469,23217300.0,36.02762985229492
2017-10-02,39.09000015258789,38.08000183105469,38.119998931884766,39.040000915527344,37394500.0,36.93588638305664
2017-10-03,39.70000076293945,38.95000076293945,38.95000076293945,39.380001068115234,34002200.0,37.25756072998047
2017-10-04,39.400001525878906,38.86000061035156,39.38999938964844,39.34000015258789,28368800.0,37.2197151184082
2017-10-05,39.650001525878906,39.209999084472656,39.5,39.529998779296875,17710300.0,37.39947509765625
2017-10-06,39.88999938964844,39.41999816894531,39.599998474121094,39.630001068115234,18887500.0,37.494083404541016
2017-10-09,39.880001068115234,39.52000045776367,39.68000030517578,39.86000061035156,18494100.0,37.71168899536133
2017-10-10,39.95000076293945,39.380001068115234,39.93000030517578,39.650001525878906,29890000.0,37.51300811767578
2017-10-11,39.66999816894531,39.060001373291016,39.47999954223633,39.29999923706055,30754700.0,37.1818733215332
2017-10-12,39.38999938964844,38.97999954223633,39.349998474121094,39.189998626708984,18286900.0,37.077789306640625
2017-10-13,39.810001373291016,39.279998779296875,39.439998626708984,39.66999816894531,16829400.0,37.531925201416016
2017-10-16,39.790000915527344,39.439998626708984,39.709999084472656,39.7599983215332,12489100.0,37.6170768737793
2017-10-17,39.869998931884766,39.369998931884766,39.560001373291016,39.790000915527344,15532800.0,37.64545822143555
2017-10-18,40.290000915527344,39.599998474121094,39.79999923706055,40.25,21424600.0,38.080665588378906
2017-10-19,40.33000183105469,39.83000183105469,39.880001068115234,40.09000015258789,19222700.0,37.92929458618164
2017-10-20,40.45000076293945,40.099998474121094,40.33000183105469,40.43000030517578,18335700.0,38.2509651184082
2017-10-23,41.040000915527344,40.400001525878906,40.54999923706055,40.83000183105469,28647000.0,38.6294059753418
2017-10-24,41.04999923706055,40.720001220703125,41.0,40.95000076293945,19652400.0,38.742942810058594
2017-10-25,41.060001373291016,40.4900016784668,40.88999938964844,40.779998779296875,24031700.0,38.58210372924805
2017-10-26,41.58000183105469,40.709999084472656,40.90999984741211,41.349998474121094,38247400.0,39.12138366699219
2017-10-27,45.0,43.099998474121094,43.29999923706055,44.400001525878906,90028300.0,42.00699996948242
2017-10-30,45.189998626708984,43.880001068115234,44.47999954223633,44.369998931884766,48161500.0,41.97861099243164
2017-10-31,45.79999923706055,44.650001525878906,45.20000076293945,45.4900016784668,47000900.0,43.03825378417969
2017-11-01,46.709999084472656,45.59000015258789,45.970001220703125,46.709999084472656,47813700.0,44.19249725341797
2017-11-02,47.22999954223633,46.209999084472656,46.61000061035156,47.099998474121094,44602300.0,44.56147766113281
2017-11-03,47.29999923706055,45.599998474121094,47.20000076293945,46.34000015258789,39298100.0,43.84244155883789
2017-11-06,46.7400016784668,46.09000015258789,46.599998474121094,46.70000076293945,34035000.0,44.44487380981445
2017-11-07,47.09000015258789,46.38999938964844,46.70000076293945,46.779998779296875,24461400.0,44.52101135253906
2017-11-08,46.70000076293945,46.279998779296875,46.619998931884766,46.70000076293945,21565800.0,44.44487380981445
2017-11-09,46.38999938964844,45.650001525878906,46.04999923706055,46.29999923706055,25570400.0,44.064186096191406
2017-11-10,46.09000015258789,45.380001068115234,46.040000915527344,45.58000183105469,24095400.0,43.37895584106445
2017-11-13,45.939998626708984,45.25,45.2599983215332,45.75,18999000.0,43.54074478149414
2017-11-14,45.91999816894531,45.31999969482422,45.70000076293945,45.86000061035156,22201200.0,43.64543533325195
2017-11-15,45.810001373291016,45.16999816894531,45.38999938964844,45.459999084472656,17157200.0,43.26475143432617
2017-11-16,46.06999969482422,45.459999084472656,45.630001068115234,45.650001525878906,26439400.0,43.445579528808594
2017-11-17,45.619998931884766,44.619998931884766,45.5,44.630001068115234,63798000.0,42.47483444213867
2017-11-20,45.119998931884766,44.5,44.72999954223633,44.619998931884766,22420000.0,42.46531677246094
2017-11-21,45.220001220703125,44.709999084472656,44.720001220703125,44.939998626708984,21871000.0,42.769859313964844
2017-11-22,44.95000076293945,44.540000915527344,44.939998626708984,44.650001525878906,19538300.0,42.493865966796875
2017-11-24,44.779998779296875,44.43000030517578,44.54999923706055,44.75,6465800.0,42.58903884887695
2017-11-27,44.61000061035156,44.27000045776367,44.41999816894531,44.4900016784668,18202100.0,42.341590881347656
2017-11-28,44.84000015258789,44.31999969482422,44.650001525878906,44.72999954223633,20194100.0,42.57000732421875
2017-11-29,45.09000015258789,43.77000045776367,44.849998474121094,43.95000076293945,27036900.0,41.827674865722656
2017-11-30,45.20000076293945,44.33000183105469,44.36000061035156,44.84000015258789,34145300.0,42.67469024658203
2017-12-01,44.84000015258789,43.529998779296875,44.72999954223633,44.68000030517578,26656300.0,42.52241897583008
2017-12-04,45.29999923706055,44.33000183105469,45.02000045776367,44.4900016784668,28000800.0,42.341590881347656
2017-12-05,44.900001525878906,43.22999954223633,44.599998474121094,43.439998626708984,30626900.0,41.3422966003418
2017-12-06,43.720001220703125,42.66999816894531,43.13999938964844,43.45000076293945,27710800.0,41.35182189941406
2017-12-07,43.599998474121094,42.779998779296875,43.459999084472656,43.08000183105469,32708400.0,40.99967956542969
2017-12-08,43.58000183105469,43.11000061035156,43.349998474121094,43.349998474121094,23154700.0,41.25664520263672
2017-12-11,43.779998779296875,43.25,43.279998779296875,43.65999984741211,20425900.0,41.551673889160156
2017-12-12,43.619998931884766,43.08000183105469,43.470001220703125,43.33000183105469,16557400.0,41.237606048583984
2017-12-13,43.65999984741211,43.2400016784668,43.650001525878906,43.34000015258789,21399500.0,41.247127532958984
2017-12-14,43.56999969482422,43.02000045776367,43.43000030517578,43.2599983215332,19644900.0,41.170989990234375
2017-12-15,44.84000015258789,43.06999969482422,43.400001525878906,44.560001373291016,47477000.0,42.4082145690918
2017-12-18,46.349998474121094,45.040000915527344,45.150001525878906,46.2599983215332,50369300.0,44.026119232177734
2017-12-19,47.2599983215332,45.88999938964844,46.29999923706055,47.040000915527344,41421100.0,44.76845169067383
2017-12-20,47.63999938964844,46.65999984741211,47.470001220703125,47.560001373291016,40935000.0,45.263343811035156
2017-12-21,47.59000015258789,46.560001373291016,47.540000915527344,46.7599983215332,42963500.0,44.501976013183594
2017-12-22,47.02000045776367,46.02000045776367,46.33000183105469,46.70000076293945,33913500.0,44.44487380981445
2017-12-26,46.470001220703125,45.95000076293945,46.279998779296875,46.08000183105469,15533300.0,43.85481262207031
2017-12-27,46.36000061035156,46.0,46.11000061035156,46.11000061035156,13359700.0,43.88336181640625
2017-12-28,46.36000061035156,45.95000076293945,46.36000061035156,46.220001220703125,9504400.0,43.98805618286133
2017-12-29,46.4900016784668,46.09000015258789,46.209999084472656,46.15999984741211,17394500.0,43.93095016479492
2018-01-02,46.900001525878906,46.209999084472656,46.380001068115234,46.849998474121094,23370800.0,44.58762741088867
2018-01-03,46.209999084472656,43.650001525878906,45.470001220703125,45.2599983215332,116479000.0,43.07440948486328
2018-01-04,44.650001525878906,42.689998626708984,43.52000045776367,44.43000030517578,89209100.0,42.28449249267578
2018-01-05,45.150001525878906,43.900001525878906,44.43000030517578,44.7400016784668,41824000.0,42.57952117919922
2018-01-08,44.84000015258789,43.959999084472656,44.27000045776367,44.7400016784668,33733800.0,42.57952117919922
2018-01-09,44.84000015258789,43.4900016784668,44.70000076293945,43.619998931884766,44282300.0,41.513607025146484
2018-01-10,43.599998474121094,42.439998626708984,43.33000183105469,42.5,45735000.0,40.447689056396484
2018-01-11,43.58000183105469,42.45000076293945,42.79999923706055,43.40999984741211,35371500.0,41.313743591308594
2018-01-12,43.599998474121094,43.0099983215332,43.45000076293945,43.2400016784668,29973600.0,41.15195846557617
2018-01-16,43.790000915527344,42.88999938964844,43.54999923706055,43.13999938964844,38367200.0,41.056785583496094
2018-01-17,44.45000076293945,43.5099983215332,43.54999923706055,44.38999938964844,32368600.0,42.24641799926758
2018-01-18,44.7400016784668,44.16999816894531,44.400001525878906,44.47999954223633,26826500.0,42.33208084106445
2018-01-19,44.88999938964844,44.25,44.619998931884766,44.81999969482422,25780200.0,42.655662536621094
2018-01-22,45.790000915527344,44.790000915527344,44.79999923706055,45.75,27706800.0,43.54074478149414
2018-01-23,46.09000015258789,45.630001068115234,45.810001373291016,46.060001373291016,22135100.0,43.83578109741211
2018-01-24,46.130001068115234,44.959999084472656,45.900001525878906,45.5099983215332,32464200.0,43.31233215332031
2018-01-25,46.369998931884766,45.16999816894531,45.880001068115234,45.29999923706055,36758700.0,43.11247634887695
2018-01-26,50.150001525878906,48.119998931884766,48.380001068115234,50.08000183105469,86916100.0,47.66165542602539
2018-01-29,50.849998474121094,49.369998931884766,49.599998474121094,49.97999954223633,46304000.0,47.56648254394531
2018-01-30,50.060001373291016,48.7400016784668,49.47999954223633,48.790000915527344,32814600.0,46.4339485168457
2018-01-31,49.25,47.560001373291016,49.22999954223633,48.13999938964844,41619900.0,45.815338134765625
2018-02-01,48.470001220703125,47.45000076293945,47.70000076293945,47.650001525878906,28840400.0,45.3489990234375
2018-02-02,47.790000915527344,46.099998474121094,47.31999969482422,46.150001525878906,28663000.0,43.92142868041992
2018-02-05,47.2599983215332,44.5,46.349998474121094,44.52000045776367,47869000.0,42.370140075683594
2018-02-06,44.93000030517578,43.029998779296875,44.02000045776367,44.90999984741211,58145400.0,43.03127670288086
2018-02-07,46.29999923706055,44.34000015258789,44.58000183105469,45.20000076293945,37508400.0,43.309146881103516
2018-02-08,45.41999816894531,42.7400016784668,45.279998779296875,42.75,43151300.0,40.96163558959961
2018-02-09,44.279998779296875,42.040000915527344,43.5,43.95000076293945,49301100.0,42.111446380615234
2018-02-12,45.15999984741211,44.09000015258789,44.150001525878906,44.83000183105469,28379500.0,42.954627990722656
2018-02-13,44.779998779296875,44.2599983215332,44.59000015258789,44.459999084472656,19517600.0,42.60010528564453
2018-02-14,45.5099983215332,44.040000915527344,44.06999969482422,45.380001068115234,19922000.0,43.48161697387695
2018-02-15,45.9900016784668,44.95000076293945,45.880001068115234,45.91999816894531,23536800.0,43.9990234375
2018-02-16,46.59000015258789,45.5099983215332,45.81999969482422,45.560001373291016,21475200.0,43.65408706665039
2018-02-20,46.709999084472656,45.38999938964844,45.459999084472656,46.31999969482422,25512000.0,44.382293701171875
2018-02-21,47.060001373291016,45.91999816894531,46.66999816894531,45.939998626708984,27527500.0,44.018192291259766
2018-02-22,46.560001373291016,45.619998931884766,46.13999938964844,45.79999923706055,16946400.0,43.88405227661133
2018-02-23,47.790000915527344,46.310001373291016,46.34000015258789,47.72999954223633,26040900.0,45.73331069946289
2018-02-26,49.130001068115234,48.099998474121094,48.20000076293945,49.11000061035156,26992300.0,47.05558395385742
2018-02-27,50.900001525878906,49.310001373291016,49.369998931884766,49.90999984741211,43624100.0,47.822113037109375
2018-02-28,50.34000015258789,49.279998779296875,50.18000030517578,49.290000915527344,35541200.0,47.228057861328125
2018-03-01,49.720001220703125,47.470001220703125,49.5,47.84000015258789,36326600.0,45.838714599609375
2018-03-02,49.04999923706055,46.959999084472656,47.20000076293945,48.97999954223633,33310600.0,46.9310188293457
2018-03-05,49.79999923706055,48.040000915527344,48.56999969482422,49.75,30826500.0,47.6688117980957
2018-03-06,51.33000183105469,50.150001525878906,50.15999984741211,50.709999084472656,39132300.0,48.588645935058594
2018-03-07,51.4900016784668,50.099998474121094,50.18000030517578,51.31999969482422,31801900.0,49.17313003540039
2018-03-08,52.08000183105469,50.470001220703125,51.790000915527344,50.7400016784668,29481200.0,48.617401123046875
2018-03-09,52.29999923706055,51.0,51.27000045776367,52.189998626708984,32727900.0,50.00674057006836
2018-03-12,51.95000076293945,50.5,51.86000061035156,51.52000045776367,32044400.0,49.3647575378418
2018-03-13,53.779998779296875,51.38999938964844,52.52000045776367,51.779998779296875,45573900.0,49.61388397216797
2018-03-14,52.18000030517578,51.310001373291016,52.060001373291016,51.86000061035156,24993500.0,49.69054412841797
2018-03-15,52.29999923706055,50.880001068115234,52.22999954223633,50.880001068115234,25631200.0,48.75154495239258
2018-03-16,51.70000076293945,50.9900016784668,51.16999816894531,51.16999816894531,42559800.0,49.02940368652344
2018-03-19,51.22999954223633,49.93000030517578,50.7400016784668,50.83000183105469,31115200.0,48.70362854003906
2018-03-20,51.810001373291016,50.849998474121094,50.880001068115234,51.54999923706055,22215000.0,49.39351272583008
2018-03-21,52.16999816894531,51.16999816894531,51.54999923706055,51.560001373291016,23239500.0,49.40309524536133
2018-03-22,51.959999084472656,50.599998474121094,50.7400016784668,50.83000183105469,30916000.0,48.70362854003906
2018-03-23,50.9900016784668,49.36000061035156,50.59000015258789,49.36000061035156,37683900.0,47.295127868652344
2018-03-26,52.4900016784668,50.31999969482422,50.7400016784668,52.47999954223633,39306200.0,50.28460693359375
2018-03-27,53.25,50.779998779296875,53.0099983215332,51.189998626708984,38777000.0,49.04856491088867
2018-03-28,50.70000076293945,49.0099983215332,50.5,49.599998474121094,37970900.0,47.525081634521484
2018-03-29,52.08000183105469,49.869998931884766,49.97999954223633,52.08000183105469,45265800.0,49.901344299316406
2018-04-02,52.040000915527344,47.290000915527344,51.689998626708984,48.91999816894531,67187800.0,46.87352752685547
2018-04-03,49.959999084472656,48.40999984741211,49.0,49.75,39432400.0,47.6688117980957
2018-04-04,50.15999984741211,48.0099983215332,48.099998474121094,49.9900016784668,30370000.0,47.898765563964844
2018-04-05,50.720001220703125,49.970001220703125,50.0099983215332,50.380001068115234,25115400.0,48.2724609375
2018-04-06,50.400001525878906,48.5,49.790000915527344,48.790000915527344,28215200.0,46.748966217041016
2018-04-09,51.11000061035156,49.15999984741211,49.15999984741211,49.54999923706055,31437000.0,47.4771728515625
2018-04-10,51.4900016784668,50.34000015258789,51.119998931884766,51.27000045776367,25906400.0,49.12522506713867
2018-04-11,51.72999954223633,50.81999969482422,50.9900016784668,51.099998474121094,17568400.0,48.96232986450195
2018-04-12,53.27000045776367,51.45000076293945,51.4900016784668,52.720001220703125,29781400.0,50.514564514160156
2018-04-13,53.209999084472656,51.599998474121094,53.060001373291016,51.86000061035156,20884900.0,49.69054412841797
2018-04-16,52.529998779296875,51.790000915527344,52.290000915527344,52.400001525878906,18855500.0,50.207950592041016
2018-04-17,53.70000076293945,52.88999938964844,52.90999984741211,53.540000915527344,21228700.0,51.300262451171875
2018-04-18,54.36000061035156,53.34000015258789,53.52000045776367,53.61000061035156,22164700.0,51.36733627319336
2018-04-19,52.959999084472656,51.61000061035156,52.95000076293945,52.220001220703125,25422400.0,50.035484313964844
2018-04-20,52.279998779296875,50.880001068115234,52.16999816894531,51.529998779296875,26910100.0,49.37434768676758
2018-04-23,51.88999938964844,50.849998474121094,51.689998626708984,51.099998474121094,21706700.0,48.96232986450195
2018-04-24,53.63999938964844,51.13999938964844,51.869998931884766,51.45000076293945,42494700.0,49.29768753051758
2018-04-25,52.099998474121094,50.599998474121094,51.86000061035156,51.380001068115234,25752800.0,49.23061752319336
2018-04-26,53.27000045776367,52.06999969482422,52.2599983215332,53.04999923706055,39575000.0,50.83076477050781
2018-04-27,55.790000915527344,52.22999954223633,55.439998626708984,52.72999954223633,69888100.0,50.524147033691406
2018-04-30,53.369998931884766,51.209999084472656,52.560001373291016,51.619998931884766,36417400.0,49.4605827331543
2018-05-01,53.41999816894531,51.439998626708984,51.63999938964844,53.33000183105469,27600800.0,51.09904479980469
2018-05-02,53.20000076293945,52.150001525878906,53.09000015258789,52.310001373291016,25778300.0,50.1217155456543
2018-05-03,52.560001373291016,51.209999084472656,51.88999938964844,52.279998779296875,28561000.0,50.09296798706055
2018-05-04,52.84000015258789,51.0,51.619998931884766,52.779998779296875,25642500.0,50.86392593383789
2018-05-07,53.58000183105469,52.83000183105469,52.86000061035156,53.33000183105469,20285700.0,51.39396286010742
2018-05-08,53.630001068115234,52.79999923706055,53.290000915527344,53.630001068115234,21026800.0,51.68307113647461
2018-05-09,54.369998931884766,53.189998626708984,53.7599983215332,54.34000015258789,19827500.0,52.36729431152344
2018-05-10,55.0,54.099998474121094,54.54999923706055,54.97999954223633,18715900.0,52.98406219482422
2018-05-11,55.189998626708984,54.43000030517578,54.619998931884766,54.66999816894531,15405000.0,52.6853141784668
2018-05-14,55.2400016784668,54.7400016784668,54.77000045776367,54.900001525878906,21878200.0,52.90696334838867
2018-05-15,54.75,53.560001373291016,54.58000183105469,53.91999816894531,21712600.0,51.96254348754883
2018-05-16,54.70000076293945,53.959999084472656,54.16999816894531,54.63999938964844,16260500.0,52.656402587890625
2018-05-17,55.439998626708984,54.41999816894531,54.54999923706055,54.810001373291016,16872600.0,52.820228576660156
2018-05-18,54.540000915527344,53.470001220703125,54.529998779296875,53.5,23679900.0,51.55778503417969
2018-05-21,55.220001220703125,53.86000061035156,54.36000061035156,54.31999969482422,25367400.0,52.3480224609375
2018-05-22,55.04999923706055,54.04999923706055,54.72999954223633,54.45000076293945,19009600.0,52.47330093383789
2018-05-23,55.22999954223633,53.84000015258789,54.0,55.209999084472656,20555400.0,53.205711364746094
2018-05-24,55.29999923706055,54.130001068115234,55.18000030517578,54.75,19667100.0,52.76241683959961
2018-05-25,55.5,54.540000915527344,54.79999923706055,55.439998626708984,18550000.0,53.42736053466797
2018-05-29,55.810001373291016,54.810001373291016,55.119998931884766,55.31999969482422,24253500.0,53.31171417236328
2018-05-30,56.20000076293945,55.619998931884766,55.88999938964844,55.68000030517578,24711500.0,53.65864944458008
2018-05-31,55.86000061035156,55.060001373291016,55.66999816894531,55.20000076293945,30962100.0,53.196075439453125
2018-06-01,57.099998474121094,55.79999923706055,55.84000015258789,57.08000183105469,31183200.0,55.00782775878906
2018-06-04,57.599998474121094,56.779998779296875,57.0099983215332,56.83000183105469,22538100.0,54.76689910888672
2018-06-05,57.119998931884766,56.220001220703125,56.900001525878906,56.529998779296875,21687000.0,54.47779083251953
2018-06-06,57.060001373291016,56.08000183105469,56.529998779296875,57.029998779296875,22955400.0,54.95964431762695
2018-06-07,57.0,55.619998931884766,56.91999816894531,55.880001068115234,27596100.0,53.851383209228516
2018-06-08,55.70000076293945,54.65999984741211,55.560001373291016,55.04999923706055,30822900.0,53.05152130126953
2018-06-11,55.09000015258789,54.2599983215332,54.79999923706055,54.52000045776367,25752400.0,52.5407600402832
2018-06-12,55.029998779296875,54.220001220703125,54.869998931884766,54.81999969482422,23294900.0,52.829872131347656
2018-06-13,55.70000076293945,54.90999984741211,54.97999954223633,55.029998779296875,22631400.0,53.03224563598633
2018-06-14,55.86000061035156,55.18000030517578,55.45000076293945,55.540000915527344,23419800.0,53.52373504638672
2018-06-15,55.380001068115234,54.58000183105469,55.16999816894531,55.11000061035156,39194700.0,53.109336853027344
2018-06-18,54.29999923706055,52.34000015258789,54.29999923706055,53.220001220703125,40764400.0,51.28795623779297
2018-06-19,52.95000076293945,51.880001068115234,52.13999938964844,52.93000030517578,31780900.0,51.00848388671875
2018-06-20,53.75,52.689998626708984,53.189998626708984,53.459999084472656,21403000.0,51.51924133300781
2018-06-21,54.529998779296875,51.939998626708984,54.380001068115234,52.189998626708984,44435600.0,50.295345306396484
2018-06-22,53.09000015258789,52.29999923706055,52.619998931884766,52.5,34682100.0,50.594093322753906
2018-06-25,51.75,49.90999984741211,51.16999816894531,50.709999084472656,45356500.0,48.86906814575195
2018-06-26,50.40999984741211,49.36000061035156,49.95000076293945,49.66999816894531,37543000.0,47.86682891845703
2018-06-27,50.060001373291016,48.75,49.34000015258789,48.7599983215332,33338800.0,46.989864349365234
2018-06-28,49.4900016784668,48.5,48.58000183105469,49.25,29055700.0,47.46207809448242
2018-06-29,50.11000061035156,49.5,49.529998779296875,49.709999084472656,28906500.0,47.90538024902344
2018-07-02,50.27000045776367,48.83000183105469,49.040000915527344,50.20000076293945,23755500.0,48.37759017944336
2018-07-03,50.86000061035156,49.43000030517578,50.58000183105469,49.470001220703125,16327900.0,47.674095153808594
2018-07-05,50.959999084472656,49.75,49.97999954223633,50.75,26163500.0,48.907623291015625
2018-07-06,51.5,50.400001525878906,50.77000045776367,51.369998931884766,19968000.0,49.5051155090332
2018-07-09,51.88999938964844,51.0,51.63999938964844,51.86000061035156,21361600.0,49.97732925415039
2018-07-10,52.2599983215332,51.84000015258789,52.099998474121094,52.15999984741211,17362900.0,50.26643371582031
2018-07-11,51.869998931884766,51.189998626708984,51.689998626708984,51.20000076293945,18665600.0,49.34128952026367
2018-07-12,52.47999954223633,51.72999954223633,52.04999923706055,52.349998474121094,20292700.0,50.44953536987305
2018-07-13,52.41999816894531,51.7599983215332,52.400001525878906,52.220001220703125,13749300.0,50.32426452636719
2018-07-16,52.31999969482422,51.869998931884766,52.150001525878906,52.0099983215332,15951500.0,50.121883392333984
2018-07-17,51.880001068115234,51.0099983215332,51.04999923706055,51.75,15754500.0,49.87132263183594
2018-07-18,51.970001220703125,51.470001220703125,51.869998931884766,51.720001220703125,14649000.0,49.84241485595703
2018-07-19,52.0099983215332,51.04999923706055,51.599998474121094,51.97999954223633,15954600.0,50.09296798706055
2018-07-20,52.06999969482422,51.33000183105469,51.83000183105469,51.90999984741211,17380500.0,50.0255126953125
2018-07-23,52.5,51.33000183105469,51.77000045776367,52.310001373291016,15945500.0,50.41099548339844
2018-07-24,53.29999923706055,52.08000183105469,52.7599983215332,52.18000030517578,17788700.0,50.28571319580078
2018-07-25,52.45000076293945,51.09000015258789,52.209999084472656,52.43000030517578,19854800.0,50.52663803100586
2018-07-26,53.18000030517578,51.869998931884766,52.45000076293945,52.15999984741211,28282500.0,50.26643371582031
2018-07-27,49.20000076293945,47.47999954223633,48.7599983215332,47.68000030517578,67816700.0,45.949073791503906
2018-07-30,47.9900016784668,46.43000030517578,47.630001068115234,47.689998626708984,35696600.0,45.958709716796875
2018-07-31,48.68000030517578,47.689998626708984,48.2400016784668,48.099998474121094,36581200.0,46.35382843017578
2018-08-01,48.90999984741211,48.0,48.060001373291016,48.810001373291016,28060700.0,47.03805160522461
2018-08-02,49.52000045776367,48.20000076293945,48.5,49.47999954223633,26452500.0,47.68372344970703
2018-08-03,49.779998779296875,49.16999816894531,49.5,49.630001068115234,22008200.0,47.82828140258789
2018-08-06,49.310001373291016,48.31999969482422,48.77000045776367,49.29999923706055,26669000.0,47.799198150634766
2018-08-07,49.83000183105469,49.40999984741211,49.43000030517578,49.70000076293945,28322700.0,48.18701934814453
2018-08-08,50.130001068115234,49.439998626708984,49.599998474121094,49.959999084472656,21990600.0,48.43910217285156
2018-08-09,50.599998474121094,49.720001220703125,49.86000061035156,50.13999938964844,23795600.0,48.61362838745117
2018-08-10,49.16999816894531,48.29999923706055,48.5099983215332,48.849998474121094,28712400.0,47.36288833618164
2018-08-13,49.2400016784668,48.380001068115234,48.91999816894531,48.45000076293945,17070600.0,46.975074768066406
2018-08-14,48.7599983215332,47.650001525878906,48.66999816894531,48.119998931884766,23061600.0,46.655120849609375
2018-08-15,48.0,46.900001525878906,47.779998779296875,47.459999084472656,26739900.0,46.01520919799805
2018-08-16,47.95000076293945,47.04999923706055,47.75,47.16999816894531,24358000.0,45.73403549194336
2018-08-17,47.38999938964844,46.33000183105469,47.0,47.099998474121094,26382000.0,45.66616439819336
2018-08-20,47.119998931884766,46.189998626708984,47.04999923706055,46.5,24334000.0,45.084434509277344
2018-08-21,47.849998474121094,46.63999938964844,46.65999984741211,47.619998931884766,19254300.0,46.17033767700195
2018-08-22,47.349998474121094,46.91999816894531,47.25,47.04999923706055,23182500.0,45.6176872253418
2018-08-23,47.16999816894531,46.709999084472656,46.86000061035156,46.97999954223633,31343200.0,45.54981994628906
2018-08-24,47.88999938964844,47.08000183105469,47.290000915527344,47.65999984741211,18214700.0,46.20912170410156
2018-08-27,48.38999938964844,47.630001068115234,48.0,48.349998474121094,17170300.0,46.878116607666016
2018-08-28,48.790000915527344,48.310001373291016,48.54999923706055,48.56999969482422,13472400.0,47.0914192199707
2018-08-29,48.86000061035156,48.400001525878906,48.70000076293945,48.75,13479100.0,47.26593780517578
2018-08-30,48.83000183105469,48.09000015258789,48.52000045776367,48.2400016784668,16418800.0,46.77146911621094
2018-08-31,48.560001373291016,47.91999816894531,47.959999084472656,48.43000030517578,16484000.0,46.95568084716797
2018-09-04,48.43000030517578,47.560001373291016,48.380001068115234,47.959999084472656,15682900.0,46.49999237060547
2018-09-05,48.119998931884766,47.470001220703125,47.75,47.720001220703125,20857200.0,46.26729202270508
2018-09-06,47.959999084472656,47.209999084472656,47.7599983215332,47.2599983215332,19318100.0,45.8213005065918
2018-09-07,47.47999954223633,46.36000061035156,46.90999984741211,46.45000076293945,25958300.0,45.03596115112305
2018-09-10,46.7599983215332,46.22999954223633,46.560001373291016,46.29999923706055,21522400.0,44.89051818847656
2018-09-11,46.029998779296875,44.88999938964844,46.0,44.93000030517578,32455300.0,43.56222915649414
2018-09-12,44.97999954223633,44.060001373291016,44.560001373291016,44.93000030517578,29778700.0,43.56222915649414
2018-09-13,45.849998474121094,45.11000061035156,45.68000030517578,45.56999969482422,18657100.0,44.18274688720703
2018-09-14,45.970001220703125,45.349998474121094,45.779998779296875,45.540000915527344,22998700.0,44.15365982055664
2018-09-17,45.900001525878906,45.189998626708984,45.290000915527344,45.41999816894531,17603200.0,44.03731155395508
2018-09-18,46.529998779296875,45.40999984741211,45.58000183105469,46.099998474121094,20528100.0,44.69660949707031
2018-09-19,46.439998626708984,45.88999938964844,46.09000015258789,46.150001525878906,15918900.0,44.74509048461914
2018-09-20,47.36000061035156,46.52000045776367,46.779998779296875,47.20000076293945,21999300.0,45.76312255859375
2018-09-21,47.41999816894531,46.369998931884766,47.119998931884766,46.65999984741211,52650600.0,45.239566802978516
2018-09-24,47.0,46.150001525878906,46.310001373291016,46.90999984741211,17847000.0,45.48194885253906
2018-09-25,46.38999938964844,45.79999923706055,46.220001220703125,45.90999984741211,23389900.0,44.51239776611328
2018-09-26,46.29999923706055,45.58000183105469,46.040000915527344,45.70000076293945,23957700.0,44.30878448486328
2018-09-27,46.16999816894531,45.72999954223633,45.90999984741211,45.880001068115234,15415500.0,44.48331069946289
2018-09-28,47.75,45.459999084472656,45.619998931884766,47.290000915527344,46223500.0,45.85038757324219
2018-10-01,47.220001220703125,46.20000076293945,46.790000915527344,46.45000076293945,23796200.0,45.03596115112305
2018-10-02,48.880001068115234,47.31999969482422,47.5099983215332,48.099998474121094,42121100.0,46.6357307434082
2018-10-03,49.720001220703125,48.560001373291016,48.619998931884766,48.7599983215332,39211900.0,47.275634765625
2018-10-04,48.86000061035156,47.619998931884766,48.84000015258789,48.130001068115234,30108300.0,46.66481399536133
2018-10-05,48.34000015258789,46.65999984741211,48.22999954223633,47.029998779296875,28901400.0,45.59830093383789
2018-10-08,47.349998474121094,46.52000045776367,46.959999084472656,47.029998779296875,19376800.0,45.59830093383789
2018-10-09,47.619998931884766,46.540000915527344,47.18000030517578,46.54999923706055,23285700.0,45.132911682128906
2018-10-10,46.119998931884766,44.79999923706055,46.060001373291016,44.79999923706055,43109500.0,43.43618392944336
2018-10-11,45.61000061035156,43.72999954223633,45.150001525878906,44.22999954223633,43648800.0,42.883541107177734
2018-10-12,45.34000015258789,44.22999954223633,45.27000045776367,44.880001068115234,32087400.0,43.51375198364258
2018-10-15,45.13999938964844,44.439998626708984,44.630001068115234,44.529998779296875,21633000.0,43.17440414428711
2018-10-16,46.0099983215332,44.83000183105469,44.900001525878906,45.939998626708984,21472000.0,44.541481018066406
2018-10-17,46.33000183105469,45.540000915527344,46.0,45.88999938964844,23124400.0,44.493003845214844
2018-10-18,45.75,44.83000183105469,45.650001525878906,44.970001220703125,26638800.0,43.601016998291016
2018-10-19,45.18000030517578,43.86000061035156,45.02000045776367,44.0,28368500.0,42.66054153442383
2018-10-22,45.34000015258789,44.099998474121094,44.5,45.0099983215332,34508800.0,43.63978958129883
2018-10-23,45.09000015258789,43.90999984741211,44.18000030517578,44.5,38590300.0,43.14531707763672
2018-10-24,44.36000061035156,42.36000061035156,44.15999984741211,42.41999816894531,33631800.0,41.128639221191406
2018-10-25,44.939998626708984,43.279998779296875,43.540000915527344,44.310001373291016,48255300.0,42.96110534667969
2018-10-26,46.439998626708984,44.70000076293945,45.59000015258789,45.689998626708984,67280400.0,44.29909133911133
2018-10-29,46.75,44.439998626708984,46.5,45.400001525878906,35732200.0,44.017921447753906
2018-10-30,47.880001068115234,45.459999084472656,45.529998779296875,47.7599983215332,43975200.0,46.30607604980469
2018-10-31,48.560001373291016,46.83000183105469,48.290000915527344,46.880001068115234,33369100.0,45.4528694152832
2018-11-01,48.470001220703125,46.86000061035156,46.95000076293945,48.220001220703125,28335300.0,46.7520751953125
2018-11-02,48.25,46.75,48.130001068115234,47.11000061035156,30759800.0,45.675865173339844
2018-11-05,48.25,46.91999816894531,47.34000015258789,47.970001220703125,23751200.0,46.50968551635742
2018-11-06,47.91999816894531,47.029998779296875,47.79999923706055,47.25,23839600.0,46.09990310668945
2018-11-07,48.75,47.59000015258789,47.630001068115234,48.720001220703125,29913200.0,47.53412628173828
2018-11-08,49.290000915527344,48.459999084472656,48.4900016784668,48.9900016784668,26581700.0,47.79755401611328
2018-11-09,49.029998779296875,47.869998931884766,48.790000915527344,48.11000061035156,21761400.0,46.9389762878418
2018-11-12,47.79999923706055,46.599998474121094,47.709999084472656,46.650001525878906,24412800.0,45.51451110839844
2018-11-13,48.25,46.9900016784668,46.9900016784668,47.38999938964844,29315900.0,46.23649978637695
2018-11-14,47.970001220703125,46.88999938964844,47.849998474121094,47.09000015258789,25632700.0,45.94380569458008
2018-11-15,48.2400016784668,46.720001220703125,47.0099983215332,48.11000061035156,29581000.0,46.9389762878418
2018-11-16,49.04999923706055,47.689998626708984,47.77000045776367,48.83000183105469,31670600.0,47.64145278930664
2018-11-19,49.150001525878906,47.779998779296875,48.61000061035156,48.0,26859000.0,46.83164978027344
2018-11-20,48.119998931884766,47.09000015258789,47.400001525878906,47.38999938964844,29200800.0,46.23649978637695
2018-11-21,47.880001068115234,47.02000045776367,47.849998474121094,47.029998779296875,19011400.0,45.88526153564453
2018-11-23,47.06999969482422,46.52000045776367,46.689998626708984,46.540000915527344,8906900.0,45.407188415527344
2018-11-26,47.459999084472656,46.70000076293945,47.27000045776367,47.45000076293945,20723000.0,46.295040130615234
2018-11-27,48.220001220703125,46.59000015258789,46.939998626708984,48.06999969482422,27621000.0,46.89994430541992
2018-11-28,48.880001068115234,47.650001525878906,47.939998626708984,48.86000061035156,28003200.0,47.670719146728516
2018-11-29,48.560001373291016,47.630001068115234,48.4900016784668,47.70000076293945,23592500.0,46.5389518737793
2018-11-30,49.31999969482422,47.560001373291016,47.95000076293945,49.310001373291016,43313700.0,48.10976791381836
2018-12-03,50.5,49.529998779296875,50.0,50.130001068115234,30870400.0,48.90980911254883
2018-12-04,49.599998474121094,47.68000030517578,49.52000045776367,47.75,35397700.0,46.58773422241211
2018-12-06,48.38999938964844,46.52000045776367,46.79999923706055,48.369998931884766,31661700.0,47.19264221191406
2018-12-07,48.060001373291016,46.22999954223633,47.939998626708984,46.2400016784668,34016400.0,45.11449432373047
2018-12-10,47.459999084472656,46.0099983215332,46.279998779296875,47.209999084472656,23289000.0,46.060882568359375
2018-12-11,48.59000015258789,47.130001068115234,47.900001525878906,47.380001068115234,23851000.0,46.226741790771484
2018-12-12,48.63999938964844,47.40999984741211,48.58000183105469,47.83000183105469,31305000.0,46.66579055786133
2018-12-13,48.58000183105469,47.86000061035156,48.2599983215332,48.290000915527344,19526000.0,47.11459732055664
2018-12-14,48.7599983215332,47.849998474121094,47.88999938964844,47.86000061035156,26372100.0,46.69506072998047
2018-12-17,48.40999984741211,46.65999984741211,47.86000061035156,47.08000183105469,26598700.0,45.934043884277344
2018-12-18,48.45000076293945,47.36000061035156,47.470001220703125,47.7400016784668,29014300.0,46.57798385620117
2018-12-19,47.72999954223633,45.380001068115234,47.4900016784668,45.56999969482422,39717600.0,44.46080017089844
2018-12-20,46.310001373291016,45.0099983215332,45.40999984741211,45.540000915527344,37750900.0,44.4315299987793
2018-12-21,46.650001525878906,44.79999923706055,45.75,44.84000015258789,52768300.0,43.74856948852539
2018-12-24,45.16999816894531,43.540000915527344,44.630001068115234,43.59000015258789,19241600.0,42.528995513916016
2018-12-26,46.20000076293945,43.5099983215332,44.0,46.189998626708984,28677600.0,45.06570816040039
2018-12-27,46.380001068115234,44.66999816894531,45.619998931884766,46.36000061035156,29970700.0,45.231571197509766
2018-12-28,47.7400016784668,46.29999923706055,46.5099983215332,46.75,24758700.0,45.61207580566406
2018-12-31,47.47999954223633,46.54999923706055,47.09000015258789,46.93000030517578,20490400.0,45.787696838378906
2019-01-02,47.470001220703125,45.77000045776367,45.959999084472656,47.08000183105469,18774600.0,45.934043884277344
2019-01-03,46.279998779296875,44.38999938964844,46.150001525878906,44.4900016784668,32267300.0,43.40708541870117
2019-01-04,47.56999969482422,45.540000915527344,45.84000015258789,47.220001220703125,35447300.0,46.070640563964844
2019-01-07,48.0,46.75,47.099998474121094,47.439998626708984,22736800.0,46.2852783203125
2019-01-08,48.029998779296875,46.779998779296875,47.79999923706055,47.7400016784668,22749200.0,46.57798385620117
2019-01-09,48.56999969482422,47.779998779296875,47.959999084472656,48.0099983215332,22554500.0,46.84140396118164
2019-01-10,48.650001525878906,47.40999984741211,47.75,48.560001373291016,27202600.0,47.378021240234375
2019-01-11,49.290000915527344,48.04999923706055,48.099998474121094,48.93000030517578,21751300.0,47.739013671875
2019-01-14,48.83000183105469,48.29999923706055,48.459999084472656,48.349998474121094,19193900.0,47.17313003540039
2019-01-15,49.130001068115234,48.439998626708984,48.709999084472656,48.599998474121094,22480800.0,47.41704559326172
2019-01-16,48.88999938964844,48.08000183105469,48.599998474121094,48.130001068115234,19057700.0,46.95848846435547
2019-01-17,48.84000015258789,47.90999984741211,48.0,48.470001220703125,17448700.0,47.29021072387695
2019-01-18,49.380001068115234,48.689998626708984,49.11000061035156,49.189998626708984,29874600.0,47.9926872253418
2019-01-22,48.97999954223633,47.869998931884766,48.959999084472656,48.27000045776367,25940700.0,47.09507751464844
2019-01-23,48.79999923706055,47.52000045776367,48.40999984741211,47.939998626708984,18960700.0,46.773109436035156
2019-01-24,50.040000915527344,48.599998474121094,48.70000076293945,49.7599983215332,50578300.0,48.54881286621094
2019-01-25,47.43000030517578,45.75,46.849998474121094,47.040000915527344,86455700.0,45.89501953125
2019-01-28,46.72999954223633,46.04999923706055,46.130001068115234,46.709999084472656,35928700.0,45.57305145263672
2019-01-29,46.970001220703125,46.33000183105469,46.779998779296875,46.540000915527344,20988300.0,45.407188415527344
2019-01-30,47.68000030517578,46.45000076293945,46.68000030517578,47.540000915527344,26931700.0,46.382850646972656
2019-01-31,47.18000030517578,46.099998474121094,46.70000076293945,47.119998931884766,43051300.0,45.97307586669922
2019-02-01,49.04999923706055,47.0099983215332,47.060001373291016,48.72999954223633,37442900.0,47.543880462646484
2019-02-04,49.2400016784668,48.2400016784668,48.619998931884766,49.220001220703125,20905000.0,48.02195358276367
2019-02-05,50.720001220703125,49.18000030517578,49.18000030517578,50.0099983215332,31641600.0,48.792728424072266
2019-02-06,50.63999938964844,49.81999969482422,49.95000076293945,49.900001525878906,21647800.0,48.99400329589844
2019-02-07,49.849998474121094,48.68000030517578,49.5,49.22999954223633,27825900.0,48.33616638183594
2019-02-08,49.02000045776367,48.0099983215332,48.77000045776367,48.84000015258789,18851200.0,47.9532470703125
2019-02-11,49.31999969482422,48.58000183105469,49.02000045776367,48.77000045776367,18004100.0,47.884521484375
2019-02-12,50.13999938964844,49.27000045776367,49.36000061035156,50.0099983215332,18050100.0,49.10200500488281
2019-02-13,50.810001373291016,50.0,50.130001068115234,50.470001220703125,17712800.0,49.553653717041016
2019-02-14,51.040000915527344,50.349998474121094,50.40999984741211,50.810001373291016,17545400.0,49.88748550415039
2019-02-15,51.66999816894531,51.09000015258789,51.25,51.65999984741211,22520400.0,50.7220458984375
2019-02-19,51.709999084472656,51.34000015258789,51.349998474121094,51.400001525878906,15611800.0,50.46677017211914
2019-02-20,51.72999954223633,51.060001373291016,51.630001068115234,51.38999938964844,21607700.0,50.45695114135742
2019-02-21,51.84000015258789,51.209999084472656,51.31999969482422,51.40999984741211,16162100.0,50.476585388183594
2019-02-22,52.97999954223633,52.060001373291016,52.70000076293945,52.4900016784668,31934100.0,51.53697967529297
2019-02-25,53.61000061035156,52.86000061035156,53.060001373291016,53.099998474121094,20711800.0,52.13590621948242
2019-02-26,53.369998931884766,52.90999984741211,53.0099983215332,53.22999954223633,16082200.0,52.26354217529297
2019-02-27,53.380001068115234,52.5099983215332,52.7599983215332,53.2400016784668,17590300.0,52.27336502075195
2019-02-28,53.18000030517578,52.810001373291016,52.91999816894531,52.959999084472656,18388800.0,51.998443603515625
2019-03-01,53.68000030517578,52.88999938964844,53.439998626708984,53.29999923706055,18359300.0,52.332271575927734
2019-03-04,54.099998474121094,53.209999084472656,53.75,53.939998626708984,21706100.0,52.96065139770508
2019-03-05,53.9900016784668,53.11000061035156,53.849998474121094,53.68000030517578,21057700.0,52.70537185668945
2019-03-06,53.650001525878906,52.939998626708984,53.630001068115234,52.95000076293945,14740500.0,51.98862838745117
2019-03-07,52.9900016784668,52.36000061035156,52.77000045776367,52.599998474121094,17803000.0,51.644981384277344
2019-03-08,52.560001373291016,51.70000076293945,51.970001220703125,52.47999954223633,16793900.0,51.52716064453125
2019-03-11,53.650001525878906,52.56999969482422,52.880001068115234,53.349998474121094,18963000.0,52.3813591003418
2019-03-12,53.959999084472656,53.18000030517578,53.34000015258789,53.56999969482422,20782100.0,52.59737014770508
2019-03-13,54.56999969482422,53.650001525878906,54.0,54.369998931884766,25522300.0,53.38284683227539
2019-03-14,54.45000076293945,53.33000183105469,54.29999923706055,53.439998626708984,26647100.0,52.469730377197266
2019-03-15,54.689998626708984,53.68000030517578,53.68000030517578,54.33000183105469,46512500.0,53.34357452392578
2019-03-18,54.5099983215332,53.869998931884766,54.41999816894531,54.099998474121094,16274000.0,53.11774826049805
2019-03-19,54.650001525878906,54.0,54.470001220703125,54.16999816894531,18274800.0,53.18647766113281
2019-03-20,54.400001525878906,53.61000061035156,54.060001373291016,53.81999969482422,24325300.0,52.84283447265625
2019-03-21,54.9900016784668,53.84000015258789,53.91999816894531,54.63999938964844,19127200.0,53.64794158935547
2019-03-22,54.619998931884766,53.209999084472656,54.400001525878906,53.2599983215332,21438400.0,52.29299545288086
2019-03-25,53.54999923706055,52.380001068115234,52.970001220703125,52.779998779296875,16971400.0,51.821712493896484
2019-03-26,53.77000045776367,53.040000915527344,53.31999969482422,53.439998626708984,17724300.0,52.469730377197266
2019-03-27,53.86000061035156,52.939998626708984,53.59000015258789,53.15999984741211,19656000.0,52.1948127746582
2019-03-28,53.439998626708984,52.77000045776367,53.25,53.11000061035156,13607900.0,52.14572525024414
2019-03-29,54.040000915527344,53.47999954223633,53.79999923706055,53.70000076293945,18736100.0,52.725013732910156
2019-04-01,54.56999969482422,54.099998474121094,54.34000015258789,54.5099983215332,17830400.0,53.520301818847656
2019-04-02,54.79999923706055,54.22999954223633,54.529998779296875,54.36000061035156,13704500.0,53.37302780151367
2019-04-03,55.9900016784668,54.88999938964844,55.029998779296875,55.47999954223633,24552800.0,54.472694396972656
2019-04-04,56.13999938964844,55.27000045776367,55.27000045776367,55.91999816894531,16520500.0,54.904701232910156
2019-04-05,55.95000076293945,54.869998931884766,55.75,55.599998474121094,19268400.0,54.59051513671875
2019-04-08,55.7400016784668,55.20000076293945,55.279998779296875,55.68000030517578,11758800.0,54.669063568115234
2019-04-09,55.43000030517578,54.900001525878906,55.349998474121094,55.31999969482422,13339700.0,54.31559753417969
2019-04-10,55.86000061035156,55.31999969482422,55.31999969482422,55.75,13084000.0,54.737789154052734
2019-04-11,56.06999969482422,55.630001068115234,55.7599983215332,55.79999923706055,10845800.0,54.78688430786133
2019-04-12,56.4900016784668,55.84000015258789,56.209999084472656,56.41999816894531,12910200.0,55.39562225341797
2019-04-15,56.560001373291016,55.91999816894531,56.459999084472656,56.279998779296875,11676900.0,55.2581672668457
2019-04-16,57.470001220703125,56.06999969482422,56.65999984741211,56.709999084472656,30301900.0,55.68035888671875
2019-04-17,59.59000015258789,58.119998931884766,58.439998626708984,58.560001373291016,38788400.0,57.49677276611328
2019-04-18,58.880001068115234,58.119998931884766,58.709999084472656,58.4900016784668,20464200.0,57.428043365478516
2019-04-22,58.83000183105469,57.880001068115234,58.150001525878906,58.81999969482422,12327500.0,57.75204849243164
2019-04-23,58.97999954223633,58.5,58.88999938964844,58.779998779296875,17739900.0,57.71277618408203
2019-04-24,59.290000915527344,58.13999938964844,58.52000045776367,58.720001220703125,17723700.0,57.653865814208984
2019-04-25,58.380001068115234,57.22999954223633,58.29999923706055,57.61000061035156,27949900.0,56.564022064208984
2019-04-26,53.09000015258789,51.52000045776367,52.7400016784668,52.43000030517578,72364500.0,51.47807312011719
2019-04-29,52.43000030517578,51.0,52.16999816894531,51.11000061035156,42142300.0,50.18203353881836
2019-04-30,51.43000030517578,50.869998931884766,51.0,51.040000915527344,27130900.0,50.11330795288086
2019-05-01,51.599998474121094,50.7400016784668,51.099998474121094,50.7599983215332,20467600.0,49.8383903503418
2019-05-02,51.33000183105469,50.119998931884766,50.79999923706055,50.54999923706055,22655400.0,49.6322021484375
2019-05-03,51.81999969482422,50.72999954223633,51.08000183105469,51.75,25656600.0,50.81041717529297
2019-05-06,51.279998779296875,50.189998626708984,50.25,51.220001220703125,26245200.0,50.598026275634766
2019-05-07,50.880001068115234,49.93000030517578,50.599998474121094,50.47999954223633,29713400.0,49.86701202392578
2019-05-08,50.790000915527344,49.06999969482422,50.20000076293945,49.2400016784668,36812400.0,48.64207077026367
2019-05-09,48.290000915527344,46.04999923706055,47.900001525878906,46.619998931884766,59642200.0,46.05388259887695
2019-05-10,46.79999923706055,45.099998474121094,46.439998626708984,46.20000076293945,42522800.0,45.63898468017578
2019-05-13,45.63999938964844,44.70000076293945,45.33000183105469,44.7599983215332,39091900.0,44.216468811035156
2019-05-14,45.4900016784668,44.869998931884766,45.18000030517578,45.16999816894531,24706500.0,44.621490478515625
2019-05-15,45.75,44.7599983215332,44.91999816894531,45.619998931884766,23407900.0,45.06602478027344
2019-05-16,45.95000076293945,45.41999816894531,45.470001220703125,45.529998779296875,19954700.0,44.97711944580078
2019-05-17,45.72999954223633,44.7599983215332,45.18000030517578,44.88999938964844,22500400.0,44.34489059448242
2019-05-20,44.52000045776367,43.45000076293945,44.0,43.560001373291016,28675000.0,43.03104019165039
2019-05-21,44.779998779296875,44.18000030517578,44.34000015258789,44.459999084472656,25543400.0,43.92011260986328
2019-05-22,44.459999084472656,43.849998474121094,44.150001525878906,44.0,16932500.0,43.4656982421875
2019-05-23,44.7400016784668,42.86000061035156,43.369998931884766,44.529998779296875,35783900.0,43.989261627197266
2019-05-24,45.04999923706055,44.4900016784668,44.59000015258789,44.56999969482422,27168100.0,44.028778076171875
2019-05-28,44.689998626708984,43.29999923706055,44.65999984741211,43.56999969482422,34779900.0,43.04092025756836
2019-05-29,44.529998779296875,43.33000183105469,43.349998474121094,44.22999954223633,28450300.0,43.69290542602539
2019-05-30,45.029998779296875,44.22999954223633,44.29999923706055,44.72999954223633,21618900.0,44.18683624267578
2019-05-31,44.970001220703125,43.93000030517578,44.18000030517578,44.040000915527344,25532500.0,43.50521469116211
2019-06-03,44.59000015258789,43.20000076293945,44.25,43.459999084472656,31155700.0,42.932254791259766
2019-06-04,44.86000061035156,43.77000045776367,44.15999984741211,44.790000915527344,28094900.0,44.2461051940918
2019-06-05,45.18000030517578,44.189998626708984,45.11000061035156,44.54999923706055,20802000.0,44.00901794433594
2019-06-06,45.16999816894531,44.5099983215332,44.75,45.099998474121094,19076200.0,44.55234146118164
2019-06-07,46.119998931884766,45.099998474121094,45.25,46.029998779296875,24370300.0,45.471046447753906
2019-06-10,47.189998626708984,46.20000076293945,46.22999954223633,46.79999923706055,20806100.0,46.23169708251953
2019-06-11,47.31999969482422,46.52000045776367,47.2599983215332,46.849998474121094,18415500.0,46.281089782714844
2019-06-12,46.66999816894531,46.25,46.66999816894531,46.31999969482422,15899100.0,45.75752639770508
2019-06-13,46.959999084472656,46.529998779296875,46.599998474121094,46.70000076293945,12267600.0,46.132911682128906
2019-06-14,46.41999816894531,45.54999923706055,45.83000183105469,46.189998626708984,15381100.0,45.62910461425781
2019-06-17,46.529998779296875,45.79999923706055,46.13999938964844,46.130001068115234,12643300.0,45.5698356628418
2019-06-18,48.0,46.599998474121094,46.75,47.369998931884766,25732300.0,46.79477310180664
2019-06-19,47.58000183105469,47.0,47.47999954223633,47.06999969482422,17436400.0,46.49842071533203
2019-06-20,48.04999923706055,46.869998931884766,47.869998931884766,47.189998626708984,20126800.0,46.61696243286133
2019-06-21,47.72999954223633,46.79999923706055,46.95000076293945,47.459999084472656,31096300.0,46.88368225097656
2019-06-24,47.849998474121094,47.16999816894531,47.400001525878906,47.630001068115234,14479900.0,47.05162048339844
2019-06-25,47.68000030517578,46.79999923706055,47.560001373291016,46.849998474121094,16665600.0,46.281089782714844
2019-06-26,48.47999954223633,47.560001373291016,47.650001525878906,48.189998626708984,21886300.0,47.604820251464844
2019-06-27,48.41999816894531,47.2400016784668,48.150001525878906,47.459999084472656,23062900.0,46.88368225097656
2019-06-28,48.20000076293945,47.68000030517578,47.77000045776367,47.869998931884766,26646200.0,47.28870391845703
2019-07-01,49.45000076293945,47.75,49.290000915527344,48.04999923706055,27505400.0,47.46651840209961
2019-07-02,48.220001220703125,47.689998626708984,47.90999984741211,48.119998931884766,15381600.0,47.535667419433594
2019-07-03,48.560001373291016,48.0,48.18000030517578,48.52000045776367,10739100.0,47.93081283569336
2019-07-05,48.18000030517578,47.439998626708984,48.029998779296875,48.08000183105469,14339200.0,47.49615478515625
2019-07-08,47.95000076293945,47.06999969482422,47.619998931884766,47.81999969482422,16564300.0,47.23931121826172
2019-07-09,47.79999923706055,47.130001068115234,47.36000061035156,47.75,17853200.0,47.170162200927734
2019-07-10,48.61000061035156,47.900001525878906,47.91999816894531,48.209999084472656,16032300.0,47.624576568603516
2019-07-11,48.779998779296875,48.310001373291016,48.560001373291016,48.599998474121094,16615100.0,48.00983810424805
2019-07-12,49.93000030517578,48.810001373291016,49.0,49.91999816894531,20148700.0,49.31380844116211
2019-07-15,50.25,49.77000045776367,50.0,50.119998931884766,14345100.0,49.511383056640625
2019-07-16,50.0,48.959999084472656,49.90999984741211,49.16999816894531,17131400.0,48.57291793823242
2019-07-17,49.70000076293945,49.2400016784668,49.5,49.38999938964844,11928600.0,48.790245056152344
2019-07-18,49.9900016784668,48.88999938964844,49.279998779296875,49.939998626708984,15679600.0,49.33356475830078
2019-07-19,50.65999984741211,49.90999984741211,49.959999084472656,50.27000045776367,29141100.0,49.65956115722656
2019-07-22,51.52000045776367,49.88999938964844,50.0099983215332,51.349998474121094,21688000.0,50.726444244384766
2019-07-23,52.0,51.29999923706055,52.0,51.75,18413500.0,51.12158966064453
2019-07-24,52.970001220703125,51.79999923706055,51.97999954223633,52.91999816894531,20896400.0,52.27737808227539
2019-07-25,52.599998474121094,51.880001068115234,52.5099983215332,52.15999984741211,27765400.0,51.526607513427734
2019-07-26,53.5,51.529998779296875,52.689998626708984,51.59000015258789,36401500.0,50.963531494140625
2019-07-29,52.560001373291016,50.779998779296875,51.529998779296875,52.5099983215332,21897500.0,51.87236022949219
2019-07-30,52.310001373291016,51.560001373291016,51.709999084472656,51.70000076293945,16487700.0,51.07219696044922
2019-07-31,51.720001220703125,50.04999923706055,51.5099983215332,50.54999923706055,24169800.0,49.936161041259766
2019-08-01,51.88999938964844,49.470001220703125,50.52000045776367,49.5,34020800.0,48.8989143371582
2019-08-02,49.36000061035156,48.5,49.09000015258789,48.68000030517578,27690400.0,48.0888671875
2019-08-05,47.959999084472656,46.56999969482422,47.7599983215332,46.970001220703125,38936600.0,46.399635314941406
2019-08-06,47.560001373291016,46.77000045776367,47.150001525878906,46.959999084472656,26119600.0,46.702964782714844
2019-08-07,46.880001068115234,45.970001220703125,46.29999923706055,46.72999954223633,29440400.0,46.47422409057617
2019-08-08,47.369998931884766,45.90999984741211,46.15999984741211,47.16999816894531,30643700.0,46.91181182861328
2019-08-09,47.0,45.779998779296875,46.939998626708984,45.97999954223633,24975500.0,45.728328704833984
2019-08-12,46.06999969482422,45.439998626708984,45.7599983215332,45.599998474121094,18490300.0,45.350406646728516
2019-08-13,47.04999923706055,45.36000061035156,45.4900016784668,46.84000015258789,28959500.0,46.583621978759766
2019-08-14,46.630001068115234,45.650001525878906,46.060001373291016,45.869998931884766,25650200.0,45.61893081665039
2019-08-15,46.18000030517578,45.439998626708984,46.099998474121094,45.70000076293945,21896000.0,45.44986343383789
2019-08-16,46.68000030517578,46.060001373291016,46.34000015258789,46.5,22701800.0,46.2454833984375
2019-08-19,47.599998474121094,47.040000915527344,47.459999084472656,47.22999954223633,21403600.0,46.97148513793945
2019-08-20,47.119998931884766,46.459999084472656,47.029998779296875,46.599998474121094,23113300.0,46.344932556152344
2019-08-21,47.290000915527344,46.88999938964844,47.11000061035156,47.150001525878906,15915000.0,46.89192581176758
2019-08-22,47.43000030517578,46.689998626708984,47.279998779296875,46.779998779296875,19783000.0,46.523948669433594
2019-08-23,46.630001068115234,44.79999923706055,46.349998474121094,44.959999084472656,32814000.0,44.71390914916992
2019-08-26,45.81999969482422,45.25,45.81999969482422,45.560001373291016,22080500.0,45.310630798339844
2019-08-27,46.119998931884766,45.5,45.869998931884766,45.790000915527344,16925500.0,45.539371490478516
2019-08-28,45.90999984741211,45.369998931884766,45.70000076293945,45.790000915527344,14888800.0,45.539371490478516
2019-08-29,47.220001220703125,46.400001525878906,46.459999084472656,46.869998931884766,17803800.0,46.61345672607422
2019-08-30,47.790000915527344,47.15999984741211,47.2400016784668,47.40999984741211,16922600.0,47.1505012512207
2019-09-03,47.220001220703125,46.5,47.119998931884766,46.97999954223633,15003800.0,46.72285461425781
2019-09-04,48.95000076293945,47.540000915527344,47.560001373291016,48.91999816894531,23450700.0,48.6522331237793
2019-09-05,51.16999816894531,49.869998931884766,49.93000030517578,50.099998474121094,30014200.0,49.825775146484375
2019-09-06,50.9900016784668,50.06999969482422,50.25,50.91999816894531,17067900.0,50.64128875732422
2019-09-09,52.029998779296875,51.02000045776367,51.060001373291016,51.59000015258789,20749700.0,51.307621002197266
2019-09-10,51.84000015258789,50.83000183105469,51.33000183105469,51.81999969482422,18532000.0,51.53636169433594
2019-09-11,52.790000915527344,51.380001068115234,51.599998474121094,52.790000915527344,18968900.0,52.50105667114258
2019-09-12,53.33000183105469,52.06999969482422,53.0,53.0099983215332,23308700.0,52.7198486328125
2019-09-13,53.0,52.22999954223633,52.7599983215332,52.540000915527344,18010800.0,52.25242233276367
2019-09-16,52.290000915527344,51.70000076293945,51.900001525878906,52.20000076293945,13354600.0,51.914283752441406
2019-09-17,52.13999938964844,51.349998474121094,52.04999923706055,51.95000076293945,19641100.0,51.665653228759766
2019-09-18,52.130001068115234,51.15999984741211,52.130001068115234,51.7400016784668,14906800.0,51.45680236816406
2019-09-19,51.9900016784668,51.5,51.70000076293945,51.56999969482422,11428400.0,51.2877311706543
2019-09-20,51.880001068115234,50.560001373291016,51.599998474121094,50.720001220703125,37067900.0,50.442386627197266
2019-09-23,51.22999954223633,50.38999938964844,50.83000183105469,50.900001525878906,18916600.0,50.62139892578125
2019-09-24,51.18000030517578,49.63999938964844,51.099998474121094,49.81999969482422,28197400.0,49.54730987548828
2019-09-25,51.209999084472656,49.41999816894531,49.75,51.02000045776367,19486700.0,50.74074172973633
2019-09-26,51.150001525878906,50.34000015258789,50.97999954223633,50.91999816894531,11351800.0,50.64128875732422
2019-09-27,51.220001220703125,50.34000015258789,50.630001068115234,50.779998779296875,14845700.0,50.50205612182617
2019-09-30,51.599998474121094,50.939998626708984,51.189998626708984,51.529998779296875,13652100.0,51.24795150756836
2019-10-01,52.2400016784668,50.43000030517578,51.970001220703125,50.7599983215332,18413100.0,50.48216247558594
2019-10-02,50.369998931884766,48.97999954223633,50.310001373291016,49.38999938964844,20078700.0,49.11966323852539
2019-10-03,50.06999969482422,48.529998779296875,49.5,50.029998779296875,16320100.0,49.756160736083984
2019-10-04,50.970001220703125,50.029998779296875,50.349998474121094,50.91999816894531,12644900.0,50.64128875732422
2019-10-07,51.22999954223633,50.560001373291016,50.70000076293945,50.619998931884766,12081400.0,50.34292984008789
2019-10-08,50.47999954223633,49.61000061035156,50.15999984741211,49.72999954223633,17409100.0,49.457801818847656
2019-10-09,50.790000915527344,50.150001525878906,50.470001220703125,50.47999954223633,11834900.0,50.203697204589844
2019-10-10,51.779998779296875,50.400001525878906,50.40999984741211,51.11000061035156,13907900.0,50.83024978637695
2019-10-11,52.790000915527344,51.81999969482422,52.0,52.09000015258789,24072500.0,51.80488586425781
2019-10-14,51.95000076293945,51.439998626708984,51.900001525878906,51.63999938964844,15016800.0,51.35734939575195
2019-10-15,53.06999969482422,51.83000183105469,51.93000030517578,52.650001525878906,18878100.0,52.361820220947266
2019-10-16,52.560001373291016,52.119998931884766,52.349998474121094,52.45000076293945,14769300.0,52.16291427612305
2019-10-17,52.84000015258789,51.380001068115234,52.63999938964844,51.86000061035156,16533900.0,51.57614517211914
2019-10-18,51.81999969482422,51.029998779296875,51.75,51.36000061035156,16974100.0,51.078880310058594
2019-10-21,52.16999816894531,51.34000015258789,51.52000045776367,52.130001068115234,12189000.0,51.844669342041016
2019-10-22,52.31999969482422,51.88999938964844,51.900001525878906,52.0099983215332,13114300.0,51.72532272338867
2019-10-23,51.959999084472656,51.20000076293945,51.369998931884766,51.720001220703125,15887500.0,51.436912536621094
2019-10-24,52.43000030517578,51.43000030517578,52.09000015258789,52.22999954223633,23413000.0,51.94411849975586
2019-10-25,56.61000061035156,53.91999816894531,54.189998626708984,56.459999084472656,59767700.0,56.15096664428711
2019-10-28,56.810001373291016,56.060001373291016,56.380001068115234,56.7599983215332,32307500.0,56.44932174682617
2019-10-29,57.2400016784668,56.2400016784668,56.369998931884766,56.34000015258789,18155800.0,56.03162384033203
2019-10-30,56.630001068115234,55.619998931884766,56.31999969482422,56.599998474121094,15248000.0,56.290199279785156
2019-10-31,56.599998474121094,55.619998931884766,56.33000183105469,56.529998779296875,19249700.0,56.2205810546875
2019-11-01,56.650001525878906,55.619998931884766,55.939998626708984,56.5099983215332,17953500.0,56.20069122314453
2019-11-04,57.79999923706055,56.849998474121094,56.93000030517578,57.61000061035156,19068000.0,57.294673919677734
2019-11-05,58.349998474121094,57.209999084472656,57.470001220703125,57.54999923706055,20865400.0,57.23500061035156
2019-11-06,57.709999084472656,56.97999954223633,57.4900016784668,57.599998474121094,17721000.0,57.599998474121094
2019-11-07,58.54999923706055,57.86000061035156,58.0,58.04999923706055,16962800.0,58.04999923706055
2019-11-08,58.29999923706055,57.310001373291016,57.849998474121094,58.27000045776367,11888900.0,58.27000045776367
2019-11-11,58.5,57.900001525878906,57.970001220703125,58.349998474121094,11228900.0,58.349998474121094
2019-11-12,58.79999923706055,58.029998779296875,58.400001525878906,58.20000076293945,11952500.0,58.20000076293945
2019-11-13,57.970001220703125,57.349998474121094,57.869998931884766,57.88999938964844,15332700.0,57.88999938964844
2019-11-14,58.040000915527344,57.56999969482422,57.61000061035156,57.810001373291016,12119000.0,57.810001373291016
2019-11-15,58.70000076293945,57.619998931884766,58.16999816894531,57.959999084472656,16112100.0,57.959999084472656
2019-11-18,58.47999954223633,57.56999969482422,57.70000076293945,58.25,16097500.0,58.25
2019-11-19,58.650001525878906,57.75,58.47999954223633,58.349998474121094,17061900.0,58.349998474121094
2019-11-20,58.36000061035156,57.369998931884766,58.2599983215332,57.900001525878906,18542300.0,57.900001525878906
2019-11-21,58.29999923706055,57.40999984741211,57.4900016784668,58.220001220703125,16139000.0,58.220001220703125
2019-11-22,58.650001525878906,57.4900016784668,58.34000015258789,57.61000061035156,15690200.0,57.61000061035156
2019-11-25,58.84000015258789,58.0,58.0,58.810001373291016,15011700.0,58.810001373291016
2019-11-26,59.130001068115234,58.45000076293945,58.95000076293945,58.900001525878906,22338700.0,58.900001525878906
2019-11-27,58.59000015258789,57.90999984741211,58.529998779296875,58.5099983215332,18184200.0,58.5099983215332
2019-11-29,58.29999923706055,57.790000915527344,58.150001525878906,58.04999923706055,9481100.0,58.04999923706055
2019-12-02,58.689998626708984,57.470001220703125,58.54999923706055,57.65999984741211,19154500.0,57.65999984741211
2019-12-03,56.86000061035156,55.75,56.86000061035156,56.06999969482422,25737400.0,56.06999969482422
2019-12-04,56.65999984741211,55.86000061035156,56.65999984741211,56.02000045776367,18881400.0,56.02000045776367
2019-12-05,56.40999984741211,55.7599983215332,56.40999984741211,56.08000183105469,17673700.0,56.08000183105469
2019-12-06,56.9900016784668,56.41999816894531,56.65999984741211,56.810001373291016,16476800.0,56.810001373291016
2019-12-09,56.959999084472656,56.5,56.540000915527344,56.529998779296875,14298600.0,56.529998779296875
2019-12-10,56.83000183105469,56.439998626708984,56.709999084472656,56.59000015258789,16157900.0,56.59000015258789
2019-12-11,57.16999816894531,56.58000183105469,56.90999984741211,57.06999969482422,20051100.0,57.06999969482422
2019-12-12,58.04999923706055,56.61000061035156,56.75,57.54999923706055,27883300.0,57.54999923706055
2019-12-13,58.34000015258789,57.380001068115234,57.54999923706055,57.790000915527344,22795200.0,57.790000915527344
2019-12-16,58.56999969482422,57.650001525878906,58.209999084472656,57.70000076293945,19131200.0,57.70000076293945
2019-12-17,58.099998474121094,57.130001068115234,58.0,57.29999923706055,21653100.0,57.29999923706055
2019-12-18,57.459999084472656,56.939998626708984,57.38999938964844,57.16999816894531,28261000.0,57.16999816894531
2019-12-19,57.9900016784668,56.970001220703125,57.16999816894531,57.959999084472656,18865100.0,57.959999084472656
2019-12-20,59.04999923706055,57.88999938964844,58.31999969482422,58.95000076293945,49953000.0,58.95000076293945
2019-12-23,59.779998779296875,59.040000915527344,59.060001373291016,59.22999954223633,23593000.0,59.22999954223633
2019-12-24,59.47999954223633,59.15999984741211,59.25,59.40999984741211,6313200.0,59.40999984741211
2019-12-26,59.849998474121094,59.349998474121094,59.40999984741211,59.81999969482422,11480300.0,59.81999969482422
2019-12-27,60.47999954223633,59.900001525878906,59.90999984741211,60.08000183105469,14085800.0,60.08000183105469
2019-12-30,60.04999923706055,59.380001068115234,59.9900016784668,59.619998931884766,12750500.0,59.619998931884766
2019-12-31,59.93000030517578,59.36000061035156,59.619998931884766,59.849998474121094,14432900.0,59.849998474121094
2020-01-02,60.970001220703125,60.220001220703125,60.2400016784668,60.84000015258789,18056000.0,60.84000015258789
2020-01-03,60.70000076293945,59.810001373291016,59.810001373291016,60.099998474121094,15293900.0,60.099998474121094
2020-01-06,60.20000076293945,59.33000183105469,59.59000015258789,59.93000030517578,17755200.0,59.93000030517578
2020-01-07,59.79999923706055,58.88999938964844,59.779998779296875,58.93000030517578,21876100.0,58.93000030517578
2020-01-08,59.31999969482422,58.52000045776367,58.88999938964844,58.970001220703125,23133500.0,58.970001220703125
2020-01-09,59.5099983215332,58.83000183105469,59.04999923706055,59.29999923706055,18813300.0,59.29999923706055
2020-01-10,60.08000183105469,58.869998931884766,59.56999969482422,58.939998626708984,15200600.0,58.939998626708984
2020-01-13,59.779998779296875,59.08000183105469,59.16999816894531,59.59000015258789,16453300.0,59.59000015258789
2020-01-14,59.7400016784668,59.189998626708984,59.4900016784668,59.43000030517578,17051200.0,59.43000030517578
2020-01-15,59.650001525878906,58.75,59.29999923706055,58.939998626708984,18498800.0,58.939998626708984
2020-01-16,59.84000015258789,59.06999969482422,59.2599983215332,59.65999984741211,21365500.0,59.65999984741211
2020-01-17,60.0,59.2400016784668,59.97999954223633,59.599998474121094,21803400.0,59.599998474121094
2020-01-21,61.25,59.790000915527344,59.810001373291016,60.54999923706055,28358500.0,60.54999923706055
2020-01-22,62.849998474121094,60.970001220703125,61.040000915527344,62.72999954223633,29475100.0,62.72999954223633
2020-01-23,63.709999084472656,62.810001373291016,62.86000061035156,63.31999969482422,42778700.0,63.31999969482422
2020-01-24,69.29000091552734,66.45999908447266,66.56999969482422,68.47000122070312,84711000.0,68.47000122070312
2020-01-27,67.41999816894531,65.5999984741211,66.72000122070312,65.69000244140625,30764000.0,65.69000244140625
2020-01-28,67.58000183105469,65.94000244140625,66.5,67.30999755859375,30915400.0,67.30999755859375
2020-01-29,68.05999755859375,66.16999816894531,67.62999725341797,66.33000183105469,18055800.0,66.33000183105469
2020-01-30,66.5,64.93000030517578,65.63999938964844,66.47000122070312,18522400.0,66.47000122070312
2020-01-31,65.9800033569336,63.66999816894531,65.80000305175781,63.93000030517578,25259100.0,63.93000030517578
