Date,High,Low,Open,Close,Volume,Adj Close
2017-02-03,113.66000366210938,112.66000366210938,113.5,113.63999938964844,7267600.0,104.88066101074219
2017-02-06,113.58999633789062,112.62000274658203,113.45999908447266,113.4000015258789,6178400.0,104.65916442871094
2017-02-07,113.62000274658203,113.05000305175781,113.5999984741211,113.4800033569336,5507900.0,104.73298645019531
2017-02-08,113.69000244140625,113.1500015258789,113.30000305175781,113.4000015258789,5272000.0,104.65916442871094
2017-02-09,114.6500015258789,113.4000015258789,113.4000015258789,114.08000183105469,5854600.0,105.28675079345703
2017-02-10,115.98999786376953,114.2300033569336,114.31999969482422,115.23999786376953,6438500.0,106.35733795166016
2017-02-13,116.12000274658203,115.22000122070312,115.27999877929688,115.87999725341797,5710800.0,106.947998046875
2017-02-14,116.4000015258789,115.31999969482422,115.44000244140625,116.36000061035156,5539100.0,107.39099884033203
2017-02-15,117.45999908447266,115.58999633789062,115.9000015258789,117.19999694824219,5979700.0,108.16625213623047
2017-02-16,118.27999877929688,117.0,117.0,118.08000183105469,7119300.0,108.97843170166016
2017-02-17,118.9000015258789,118.05000305175781,118.19000244140625,118.86000061035156,8691400.0,109.69830322265625
2017-02-21,119.88999938964844,118.31999969482422,118.4000015258789,119.66000366210938,8595100.0,110.43663787841797
2017-02-22,119.7699966430664,119.25,119.27999877929688,119.5199966430664,5103900.0,110.30741882324219
2017-02-23,121.9000015258789,119.4800033569336,119.5199966430664,121.69999694824219,9980900.0,112.31940460205078
2017-02-24,122.73999786376953,120.9000015258789,121.5,122.7300033569336,10835000.0,114.01953125
2017-02-27,122.87999725341797,122.0999984741211,122.12999725341797,122.4000015258789,5946200.0,113.71293640136719
2017-02-28,122.6500015258789,121.94000244140625,122.01000213623047,122.20999908447266,8885500.0,113.53641510009766
2017-03-01,124.44999694824219,122.41999816894531,122.48999786376953,123.86000061035156,9393900.0,115.06932067871094
2017-03-02,124.36000061035156,123.0199966430664,123.75,123.62999725341797,6950200.0,114.85563659667969
2017-03-03,123.93000030517578,123.2300033569336,123.62999725341797,123.79000091552734,5585200.0,115.00428771972656
2017-03-06,124.43000030517578,122.5999984741211,123.01000213623047,123.70999908447266,6670700.0,114.92996978759766
2017-03-07,124.45999908447266,122.38999938964844,122.58000183105469,123.83000183105469,6644000.0,115.04143524169922
2017-03-08,124.68000030517578,123.5,123.75,124.0999984741211,7909900.0,115.29229736328125
2017-03-09,126.20999908447266,124.16999816894531,124.58000183105469,125.94999694824219,8571100.0,117.010986328125
2017-03-10,126.48999786376953,125.54000091552734,126.04000091552734,126.20999908447266,7395400.0,117.25253295898438
2017-03-13,126.94999694824219,125.79000091552734,125.83000183105469,126.68000030517578,7162500.0,117.6891860961914
2017-03-14,127.75,126.7699966430664,126.86000061035156,127.05000305175781,7679700.0,118.03292846679688
2017-03-15,129.0,126.5999984741211,127.05000305175781,128.9600067138672,8360600.0,119.80736541748047
2017-03-16,128.6999969482422,127.7699966430664,128.44000244140625,128.4600067138672,7610700.0,119.34286499023438
2017-03-17,128.94000244140625,127.94999694824219,128.4499969482422,128.05999755859375,13300800.0,118.97122955322266
2017-03-20,128.4199981689453,127.97000122070312,128.0399932861328,128.07000732421875,5827500.0,118.98052978515625
2017-03-21,128.4499969482422,127.13999938964844,128.3800048828125,127.25,7578600.0,118.21873474121094
2017-03-22,127.6500015258789,126.20999908447266,127.05000305175781,126.26000213623047,10272700.0,117.29898834228516
2017-03-23,127.0,125.66000366210938,126.0999984741211,125.9000015258789,8508100.0,116.96453094482422
2017-03-24,126.36000061035156,125.12999725341797,125.86000061035156,125.4800033569336,6490300.0,116.5743408203125
2017-03-27,126.13999938964844,125.1500015258789,125.16000366210938,125.80000305175781,5004300.0,116.87163543701172
2017-03-28,125.77999877929688,124.77999877929688,125.62000274658203,125.66000366210938,5287600.0,116.74158477783203
2017-03-29,125.33000183105469,124.36000061035156,125.05000305175781,124.91999816894531,3971800.0,116.05408477783203
2017-03-30,125.43000030517578,124.27999877929688,124.73999786376953,124.66000366210938,4711700.0,115.81254577636719
2017-03-31,124.83000183105469,124.02999877929688,124.11000061035156,124.55000305175781,5657600.0,115.71035766601562
2017-04-03,125.30999755859375,124.27999877929688,124.7300033569336,124.69000244140625,4956400.0,115.84041595458984
2017-04-04,124.7699966430664,124.22000122070312,124.51000213623047,124.68000030517578,5358500.0,115.83112335205078
2017-04-05,125.5999984741211,124.41000366210938,124.72000122070312,124.80000305175781,5646300.0,115.94261932373047
2017-04-06,125.45999908447266,124.5,124.8499984741211,125.05000305175781,4324200.0,116.17486572265625
2017-04-07,125.47000122070312,124.83000183105469,125.12000274658203,124.91999816894531,3615100.0,116.05408477783203
2017-04-10,124.94999694824219,124.2300033569336,124.87000274658203,124.33999633789062,4594200.0,115.51525115966797
2017-04-11,124.79000091552734,123.94999694824219,124.26000213623047,124.22000122070312,4161500.0,115.40377044677734
2017-04-12,125.45999908447266,124.36000061035156,124.54000091552734,125.4000015258789,5556600.0,116.50001525878906
2017-04-13,125.6500015258789,124.95999908447266,125.12999725341797,124.98999786376953,5396500.0,116.1191177368164
2017-04-17,125.80999755859375,124.93000030517578,125.0199966430664,125.72000122070312,5367500.0,116.79730987548828
2017-04-18,123.37000274658203,120.94999694824219,123.18000030517578,121.81999969482422,13485700.0,113.17410278320312
2017-04-19,122.27999877929688,121.11000061035156,122.0999984741211,121.37000274658203,6993100.0,112.75602722167969
2017-04-20,122.1500015258789,121.3499984741211,121.86000061035156,121.87000274658203,6330100.0,113.22056579589844
2017-04-21,122.04000091552734,121.54000091552734,121.77999877929688,121.76000213623047,6021700.0,113.11836242675781
2017-04-24,123.20999908447266,122.1500015258789,122.5199966430664,122.88999938964844,5679000.0,114.16816711425781
2017-04-25,123.75,123.01000213623047,123.33999633789062,123.43000030517578,5090000.0,114.66983795166016
2017-04-26,124.26000213623047,123.4800033569336,123.79000091552734,123.51000213623047,5021800.0,114.74417114257812
2017-04-27,124.30999755859375,123.4000015258789,123.58000183105469,123.73999786376953,4225200.0,114.95783996582031
2017-04-28,123.9000015258789,123.12999725341797,123.8499984741211,123.47000122070312,4381800.0,114.7070083618164
2017-05-01,123.77999877929688,123.0,123.4000015258789,123.33999633789062,4556400.0,114.58622741699219
2017-05-02,123.73999786376953,122.88999938964844,123.5199966430664,123.69999694824219,4881600.0,114.92066955566406
2017-05-03,123.69999694824219,123.04000091552734,123.58999633789062,123.33000183105469,3736500.0,114.57695007324219
2017-05-04,123.94999694824219,123.2300033569336,123.69000244140625,123.94999694824219,3753700.0,115.1529312133789
2017-05-05,123.80000305175781,122.86000061035156,123.80000305175781,123.51000213623047,4139800.0,114.74417114257812
2017-05-08,123.80000305175781,123.0199966430664,123.52999877929688,123.25,3608600.0,114.50261688232422
2017-05-09,123.47000122070312,122.87999725341797,123.2300033569336,123.20999908447266,3762500.0,114.46544647216797
2017-05-10,123.05999755859375,122.37999725341797,122.91000366210938,122.80999755859375,4237400.0,114.09384155273438
2017-05-11,123.20999908447266,122.33999633789062,122.5,123.19999694824219,4095900.0,114.4561538696289
2017-05-12,124.0999984741211,123.01000213623047,123.11000061035156,123.63999938964844,4097100.0,114.86492919921875
2017-05-15,127.36000061035156,124.33000183105469,124.41000366210938,126.98999786376953,9854600.0,117.9771728515625
2017-05-16,128.3699951171875,127.05999755859375,127.33999633789062,127.7699966430664,7233800.0,118.70181274414062
2017-05-17,127.88999938964844,126.44999694824219,127.7699966430664,126.66999816894531,6480800.0,117.67987823486328
2017-05-18,127.87000274658203,125.95999908447266,126.45999908447266,126.97000122070312,6571300.0,117.95860290527344
2017-05-19,127.38999938964844,126.44000244140625,127.02999877929688,127.0,6957200.0,117.98646545410156
2017-05-22,127.6500015258789,126.62999725341797,126.62999725341797,127.26000213623047,4858200.0,118.22801208496094
2017-05-23,128.14999389648438,127.30999755859375,127.30999755859375,127.5199966430664,3972500.0,118.46956634521484
2017-05-24,128.0,127.29000091552734,127.79000091552734,127.51000213623047,3965200.0,118.46027374267578
2017-05-25,127.62000274658203,126.33000183105469,126.73999786376953,127.52999877929688,5294300.0,119.26453399658203
2017-05-26,127.66999816894531,126.83000183105469,127.2300033569336,126.91999816894531,4005200.0,118.69406127929688
2017-05-30,127.38999938964844,126.19000244140625,126.69999694824219,127.11000061035156,3665400.0,118.87175750732422
2017-05-31,128.8000030517578,127.3499984741211,127.3499984741211,128.25,8813500.0,119.93787384033203
2017-06-01,128.77999877929688,128.1199951171875,128.32000732421875,128.77999877929688,5790900.0,120.43350982666016
2017-06-02,130.13999938964844,128.8300018310547,129.0500030517578,130.0800018310547,6562600.0,121.6492691040039
2017-06-05,130.52000427246094,129.8000030517578,129.97000122070312,130.36000061035156,4634700.0,121.9111328125
2017-06-06,131.3300018310547,130.02999877929688,130.17999267578125,130.8300018310547,5619100.0,122.35065460205078
2017-06-07,131.47999572753906,130.5800018310547,131.0,130.75,5765200.0,122.27584838867188
2017-06-08,131.39999389648438,129.9600067138672,130.75,130.5500030517578,8101700.0,122.08879089355469
2017-06-09,131.6999969482422,130.30999755859375,130.3699951171875,131.52999877929688,5992500.0,123.00529479980469
2017-06-12,131.8300018310547,131.4199981689453,131.52999877929688,131.82000732421875,8020700.0,123.27649688720703
2017-06-13,132.72999572753906,131.39999389648438,131.75,132.02000427246094,5733800.0,123.46353912353516
2017-06-14,133.55999755859375,132.50999450683594,132.50999450683594,132.77000427246094,7329400.0,124.1649169921875
2017-06-15,133.35000610351562,131.80999755859375,132.0,133.0399932861328,5265000.0,124.41740417480469
2017-06-16,134.60000610351562,133.0399932861328,133.72000122070312,134.35000610351562,12639600.0,125.64253997802734
2017-06-19,134.67999267578125,133.49000549316406,134.14999389648438,134.07000732421875,7488700.0,125.38066864013672
2017-06-20,134.75999450683594,133.89999389648438,133.89999389648438,134.22000122070312,5201200.0,125.52093505859375
2017-06-21,135.11000061035156,134.02000427246094,134.2899932861328,134.91000366210938,5841100.0,126.16622924804688
2017-06-22,137.0,135.27000427246094,135.4499969482422,136.0500030517578,7311000.0,127.23235321044922
2017-06-23,136.50999450683594,135.32000732421875,135.4499969482422,136.42999267578125,9007100.0,127.58769989013672
2017-06-26,136.89999389648438,136.1999969482422,136.47999572753906,136.33999633789062,5561800.0,127.5035400390625
2017-06-27,136.72999572753906,134.99000549316406,136.5,135.00999450683594,6120500.0,126.25973510742188
2017-06-28,136.1999969482422,133.57000732421875,135.9499969482422,133.82000732421875,6557900.0,125.14688873291016
2017-06-29,133.72999572753906,132.30999755859375,133.39999389648438,132.63999938964844,5750000.0,124.0433349609375
2017-06-30,133.1999969482422,132.27999877929688,132.6999969482422,132.2899932861328,5264400.0,123.71601867675781
2017-07-03,133.32000732421875,132.64999389648438,132.7899932861328,132.89999389648438,2931000.0,124.28650665283203
2017-07-05,134.05999755859375,132.4199981689453,132.97999572753906,133.63999938964844,4302700.0,124.97853088378906
2017-07-06,133.97000122070312,132.41000366210938,133.61000061035156,132.52000427246094,4282200.0,123.93114471435547
2017-07-07,133.0,131.69000244140625,132.91000366210938,132.5399932861328,4994100.0,123.9498291015625
2017-07-10,132.8699951171875,131.22999572753906,132.74000549316406,131.5500030517578,4019600.0,123.02400207519531
2017-07-11,131.7899932861328,130.47999572753906,131.42999267578125,131.22999572753906,3733100.0,122.7247314453125
2017-07-12,132.88999938964844,131.77000427246094,132.0399932861328,132.22999572753906,5053200.0,123.659912109375
2017-07-13,132.22000122070312,130.99000549316406,132.10000610351562,131.86000061035156,4424400.0,123.31391143798828
2017-07-14,133.0,131.74000549316406,132.0,132.60000610351562,4383100.0,124.0059585571289
2017-07-17,132.92999267578125,131.75,132.7100067138672,132.14999389648438,4939400.0,123.58509063720703
2017-07-18,134.9499969482422,131.0800018310547,131.6199951171875,134.4600067138672,10256000.0,125.7453842163086
2017-07-19,135.41000366210938,134.52000427246094,134.83999633789062,135.2100067138672,5503300.0,126.4468002319336
2017-07-20,137.0800018310547,135.6199951171875,135.72999572753906,136.57000732421875,6088600.0,127.71866607666016
2017-07-21,136.27000427246094,135.10000610351562,135.3300018310547,135.30999755859375,6773500.0,126.5403060913086
2017-07-24,135.16000366210938,132.85000610351562,134.99000549316406,133.00999450683594,8306700.0,124.38935089111328
2017-07-25,133.85000610351562,131.4499969482422,133.74000549316406,131.8800048828125,6262900.0,123.33261108398438
2017-07-26,132.24000549316406,130.75,131.66000366210938,130.9499969482422,5382200.0,122.46287536621094
2017-07-27,131.14999389648438,129.57000732421875,130.85000610351562,130.8300018310547,5838100.0,122.35065460205078
2017-07-28,131.99000549316406,130.52000427246094,131.13999938964844,131.85000610351562,4970900.0,123.30455017089844
2017-07-31,133.5800018310547,132.10000610351562,132.13999938964844,132.72000122070312,5440800.0,124.11815643310547
2017-08-01,133.35000610351562,132.27999877929688,133.1699981689453,132.50999450683594,3837600.0,123.92176818847656
2017-08-02,132.5,131.5,132.0800018310547,132.16000366210938,4032100.0,123.5944595336914
2017-08-03,133.39999389648438,131.50999450683594,131.91000366210938,133.35000610351562,4327300.0,124.70732116699219
2017-08-04,134.00999450683594,132.8000030517578,133.74000549316406,133.17999267578125,3192800.0,124.54833984375
2017-08-07,133.47999572753906,132.50999450683594,133.08999633789062,132.86000061035156,3010800.0,124.24909210205078
2017-08-08,132.8000030517578,131.39999389648438,132.5,132.27000427246094,5535800.0,123.69734191894531
2017-08-09,133.41000366210938,132.3699951171875,132.80999755859375,133.22999572753906,6332300.0,124.59510803222656
2017-08-10,133.85000610351562,132.3699951171875,133.0399932861328,133.08999633789062,5607900.0,124.46418762207031
2017-08-11,134.49000549316406,132.75,133.63999938964844,133.10000610351562,4270600.0,124.4735336303711
2017-08-14,134.3699951171875,132.8699951171875,134.1999969482422,133.47999572753906,3041100.0,124.82889556884766
2017-08-15,133.94000244140625,133.1999969482422,133.85000610351562,133.3800048828125,3931800.0,124.73538970947266
2017-08-16,134.97000122070312,133.86000061035156,134.0800018310547,134.1699981689453,4469900.0,125.47418212890625
2017-08-17,134.74000549316406,133.02999877929688,134.17999267578125,133.0399932861328,5741400.0,124.41740417480469
2017-08-18,133.77999877929688,132.3800048828125,132.6699981689453,132.6300048828125,4792800.0,124.03399658203125
2017-08-21,133.64999389648438,132.19000244140625,132.27999877929688,133.4499969482422,4660000.0,124.80086517333984
2017-08-22,134.7899932861328,132.89999389648438,133.27000427246094,134.6999969482422,4150300.0,125.96981811523438
2017-08-23,134.49000549316406,132.64999389648438,134.42999267578125,132.8000030517578,5129900.0,124.1929702758789
2017-08-24,133.0800018310547,132.27000427246094,132.82000732421875,132.88999938964844,5398400.0,124.27713775634766
2017-08-25,132.55999755859375,131.6199951171875,131.91000366210938,131.67999267578125,4133300.0,123.92890930175781
2017-08-28,132.1199951171875,131.49000549316406,131.67999267578125,131.74000549316406,5349200.0,123.98539733886719
2017-08-29,132.4499969482422,131.3000030517578,131.57000732421875,132.2100067138672,3277900.0,124.427734375
2017-08-30,132.0,130.89999389648438,132.0,131.07000732421875,5430800.0,123.35484313964844
2017-08-31,132.5,131.25,131.38999938964844,132.3699951171875,7407100.0,124.57830810546875
2017-09-01,132.64999389648438,130.94000244140625,132.60000610351562,131.02999877929688,3820800.0,123.31719207763672
2017-09-05,131.17999267578125,129.72000122070312,130.72000122070312,129.89999389648438,5146600.0,122.25369262695312
2017-09-06,131.0,130.2100067138672,130.5399932861328,130.6699981689453,5601900.0,122.97838592529297
2017-09-07,132.52000427246094,130.25,130.86000061035156,132.19000244140625,3800200.0,124.4089126586914
2017-09-08,132.33999633789062,130.8699951171875,132.0,130.97999572753906,4854400.0,123.27010345458984
2017-09-11,133.33999633789062,131.02000427246094,131.3699951171875,133.2100067138672,5724200.0,125.36886596679688
2017-09-12,133.8800048828125,131.92999267578125,133.8300018310547,132.6300048828125,5465200.0,124.82301330566406
2017-09-13,133.75,131.85000610351562,132.6699981689453,132.4499969482422,4679500.0,124.6535873413086
2017-09-14,134.47000122070312,131.99000549316406,132.13999938964844,134.17999267578125,6274500.0,126.28175354003906
2017-09-15,135.4499969482422,134.17999267578125,134.7899932861328,134.4499969482422,15522000.0,126.53588104248047
2017-09-18,135.77000427246094,134.11000061035156,134.44000244140625,135.3800048828125,5260800.0,127.41112518310547
2017-09-19,135.7899932861328,134.35000610351562,135.02000427246094,135.22000122070312,4903800.0,127.26055145263672
2017-09-20,134.2899932861328,132.33999633789062,133.25,133.22000122070312,8705500.0,125.37828063964844
2017-09-21,133.82000732421875,131.3800048828125,133.30999755859375,131.75,6051800.0,123.99478149414062
2017-09-22,132.38999938964844,131.27000427246094,131.99000549316406,131.38999938964844,4334900.0,123.65599822998047
2017-09-25,131.75999450683594,130.8300018310547,131.47000122070312,131.1699981689453,6017400.0,123.44894409179688
2017-09-26,131.94000244140625,130.82000732421875,131.5,130.94000244140625,4516200.0,123.23247528076172
2017-09-27,131.08999633789062,129.42999267578125,131.0,129.75,5796100.0,122.1125259399414
2017-09-28,130.27000427246094,129.2899932861328,129.91000366210938,129.47000122070312,3992700.0,121.84900665283203
2017-09-29,130.47000122070312,129.0500030517578,129.5800018310547,130.00999450683594,5736900.0,122.35720825195312
2017-10-02,131.3300018310547,130.02000427246094,130.16000366210938,131.22000122070312,4492900.0,123.4959945678711
2017-10-03,132.39999389648438,131.36000061035156,131.64999389648438,132.10000610351562,3900800.0,124.32421875
2017-10-04,133.17999267578125,132.10000610351562,132.39999389648438,132.88999938964844,3589000.0,125.06768035888672
2017-10-05,133.30999755859375,132.36000061035156,132.88999938964844,133.19000244140625,3741100.0,125.35003662109375
2017-10-06,133.25,132.47999572753906,133.0,133.22000122070312,2469500.0,125.37828063964844
2017-10-09,133.82000732421875,133.1699981689453,133.66000366210938,133.4499969482422,3750500.0,125.5947494506836
2017-10-10,134.1300048828125,132.9199981689453,133.55999755859375,133.89999389648438,4184600.0,126.01824188232422
2017-10-11,137.0800018310547,134.3699951171875,134.8800048828125,136.64999389648438,8269400.0,128.6063690185547
2017-10-12,137.52000427246094,136.02000427246094,136.33999633789062,136.8300018310547,5172800.0,128.77577209472656
2017-10-13,137.4199981689453,136.33999633789062,136.60000610351562,136.42999267578125,4106600.0,128.39930725097656
2017-10-16,137.25999450683594,135.5399932861328,136.4499969482422,136.1199951171875,5120100.0,128.10757446289062
2017-10-17,141.1199951171875,137.05999755859375,137.6699981689453,140.7899932861328,11717300.0,132.502685546875
2017-10-18,141.5800018310547,140.07000732421875,140.7899932861328,140.67999267578125,6827700.0,132.39913940429688
2017-10-19,142.97999572753906,140.5399932861328,140.7100067138672,142.0399932861328,9181300.0,133.6790771484375
2017-10-20,143.6199951171875,141.8300018310547,142.3800048828125,142.39999389648438,5634500.0,134.0178985595703
2017-10-23,144.35000610351562,142.0800018310547,142.1300048828125,143.6199951171875,6686000.0,135.1660919189453
2017-10-24,143.3800048828125,140.92999267578125,143.3800048828125,141.63999938964844,6585800.0,133.30264282226562
2017-10-25,143.22999572753906,140.9600067138672,141.16000366210938,142.36000061035156,6563600.0,133.98028564453125
2017-10-26,143.75,141.3800048828125,142.50999450683594,141.80999755859375,5841100.0,133.462646484375
2017-10-27,142.6999969482422,140.1999969482422,141.0,141.77999877929688,5140100.0,133.43438720703125
2017-10-30,141.2100067138672,139.32000732421875,141.0800018310547,140.0,6034300.0,131.75921630859375
2017-10-31,140.25999450683594,138.97999572753906,140.02000427246094,139.41000366210938,4832100.0,131.2039031982422
2017-11-01,140.58999633789062,139.33999633789062,139.8300018310547,139.97999572753906,5006800.0,131.7403564453125
2017-11-02,140.2899932861328,139.11000061035156,140.11000061035156,139.92999267578125,3494100.0,131.69329833984375
2017-11-03,140.39999389648438,139.3000030517578,139.72999572753906,140.0800018310547,2737000.0,131.83447265625
2017-11-06,140.49000549316406,139.72000122070312,140.00999450683594,139.75999450683594,4220700.0,131.5333251953125
2017-11-07,140.14999389648438,138.91000366210938,140.0800018310547,139.77000427246094,4201900.0,131.54273986816406
2017-11-08,141.8699951171875,139.4600067138672,139.6999969482422,141.32000732421875,4440700.0,133.00148010253906
2017-11-09,141.41000366210938,139.8000030517578,140.86000061035156,140.35000610351562,3517100.0,132.08859252929688
2017-11-10,140.1300048828125,138.61000061035156,140.1300048828125,139.55999755859375,4240800.0,131.34506225585938
2017-11-13,140.02000427246094,138.4199981689453,139.00999450683594,139.75999450683594,4322300.0,131.5333251953125
2017-11-14,140.27999877929688,138.9199981689453,139.57000732421875,139.49000549316406,4078200.0,131.27919006347656
2017-11-15,139.8300018310547,138.75,139.22999572753906,139.10000610351562,4811500.0,130.91217041015625
2017-11-16,139.67999267578125,138.63999938964844,139.4199981689453,138.8699951171875,4193800.0,130.69569396972656
2017-11-17,138.86000061035156,137.88999938964844,138.3000030517578,138.0,4247400.0,129.8769073486328
2017-11-20,138.55999755859375,137.74000549316406,138.14999389648438,137.92999267578125,4266300.0,129.81100463867188
2017-11-21,139.25999450683594,138.19000244140625,138.4499969482422,138.33999633789062,5660600.0,130.19686889648438
2017-11-22,138.3800048828125,136.60000610351562,138.3000030517578,137.2899932861328,3917000.0,129.2086944580078
2017-11-24,138.3800048828125,137.30999755859375,137.5,138.00999450683594,2606800.0,129.8863067626953
2017-11-27,138.30999755859375,137.47999572753906,137.50999450683594,138.10000610351562,3933100.0,130.76693725585938
2017-11-28,140.52999877929688,138.25,138.3000030517578,140.02000427246094,5052800.0,132.5850067138672
2017-11-29,140.6300048828125,138.9499969482422,140.22000122070312,139.80999755859375,5851400.0,132.38613891601562
2017-11-30,140.27999877929688,138.47999572753906,140.05999755859375,139.3300018310547,8941900.0,131.93162536621094
2017-12-01,140.52999877929688,138.60000610351562,139.57000732421875,139.97999572753906,5990500.0,132.54710388183594
2017-12-04,141.5,138.92999267578125,140.6199951171875,139.00999450683594,5916700.0,131.62860107421875
2017-12-05,140.80999755859375,139.1999969482422,139.7899932861328,139.6699981689453,6745300.0,132.25360107421875
2017-12-06,141.9600067138672,140.19000244140625,140.83999633789062,141.05999755859375,5591700.0,133.56976318359375
2017-12-07,141.5,139.25999450683594,140.00999450683594,140.00999450683594,4713100.0,132.5755157470703
2017-12-08,140.75999450683594,139.8000030517578,140.0,140.58999633789062,5101300.0,133.12469482421875
2017-12-11,141.1699981689453,139.8300018310547,140.89999389648438,141.13999938964844,4358600.0,133.6455078125
2017-12-12,143.57000732421875,142.0399932861328,142.60000610351562,142.60000610351562,8016700.0,135.02801513671875
2017-12-13,143.42999267578125,142.2100067138672,142.5,142.88999938964844,6118400.0,135.3025665283203
2017-12-14,143.6199951171875,141.61000061035156,143.52000427246094,141.64999389648438,5337900.0,134.12841796875
2017-12-15,143.13999938964844,141.77999877929688,142.47999572753906,142.4600067138672,12517000.0,134.89544677734375
2017-12-18,143.8000030517578,141.39999389648438,142.55999755859375,141.8000030517578,5833200.0,134.27044677734375
2017-12-19,142.3800048828125,141.36000061035156,141.88999938964844,141.77999877929688,6580100.0,134.2515106201172
2017-12-20,142.5800018310547,141.0800018310547,142.25999450683594,141.16000366210938,6289800.0,133.66444396972656
2017-12-21,142.1699981689453,141.02000427246094,141.58999633789062,141.05999755859375,6284700.0,133.56976318359375
2017-12-22,141.35000610351562,140.0399932861328,141.0,140.1199951171875,4665600.0,132.67967224121094
2017-12-26,140.5399932861328,139.67999267578125,140.4600067138672,140.08999633789062,3271100.0,132.6512908935547
2017-12-27,141.14999389648438,140.1999969482422,140.4199981689453,140.57000732421875,3753600.0,133.10577392578125
2017-12-28,141.0,140.3300018310547,140.6999969482422,140.55999755859375,2485000.0,133.0963134765625
2017-12-29,141.2100067138672,139.5800018310547,140.97999572753906,139.72000122070312,4452900.0,132.30091857910156
2018-01-02,139.9499969482422,138.72000122070312,139.66000366210938,139.22999572753906,6842100.0,131.83694458007812
2018-01-03,140.67999267578125,138.89999389648438,139.36000061035156,140.55999755859375,5350500.0,133.0963134765625
2018-01-04,141.13999938964844,140.22000122070312,140.4499969482422,140.5500030517578,4837600.0,133.08685302734375
2018-01-05,141.82000732421875,140.27999877929688,140.69000244140625,141.7100067138672,6158800.0,134.18524169921875
2018-01-08,142.0,140.9199981689453,141.6999969482422,141.88999938964844,5129800.0,134.355712890625
2018-01-09,145.67999267578125,142.25999450683594,142.3699951171875,144.13999938964844,8897000.0,136.48623657226562
2018-01-10,144.16000366210938,143.32000732421875,143.5500030517578,143.97000122070312,6558600.0,136.32522583007812
2018-01-11,144.89999389648438,143.69000244140625,144.1300048828125,144.7899932861328,4962200.0,137.10166931152344
2018-01-12,146.4199981689453,144.89999389648438,144.99000549316406,145.75999450683594,5450600.0,138.02017211914062
2018-01-16,148.05999755859375,146.02999877929688,146.4199981689453,146.86000061035156,8804000.0,139.06179809570312
2018-01-17,148.32000732421875,145.47999572753906,147.83999633789062,146.97999572753906,10619700.0,139.1754150390625
2018-01-18,147.44000244140625,145.97000122070312,146.92999267578125,146.9199981689453,5554800.0,139.11859130859375
2018-01-19,147.64999389648438,146.4199981689453,147.4600067138672,147.36000061035156,8738800.0,139.53521728515625
2018-01-22,148.13999938964844,146.72000122070312,147.00999450683594,148.13999938964844,7010400.0,140.27381896972656
2018-01-23,147.44000244140625,141.6199951171875,146.9600067138672,141.8300018310547,17473600.0,134.2988739013672
2018-01-24,143.55999755859375,141.8000030517578,143.5,142.07000732421875,13034400.0,134.526123046875
2018-01-25,144.66000366210938,142.2100067138672,142.30999755859375,144.39999389648438,7938800.0,136.73240661621094
2018-01-26,145.60000610351562,144.1300048828125,144.5,145.3300018310547,8065600.0,137.613037109375
2018-01-29,144.94000244140625,143.52999877929688,144.85000610351562,143.67999267578125,8013400.0,136.05062866210938
2018-01-30,143.82000732421875,142.42999267578125,143.39999389648438,142.42999267578125,8376100.0,134.8669891357422
2018-01-31,142.57000732421875,138.10000610351562,142.57000732421875,138.19000244140625,13137400.0,130.85215759277344
2018-02-01,140.6699981689453,137.0,137.52999877929688,140.02000427246094,9393600.0,132.5850067138672
2018-02-02,140.36000061035156,137.3800048828125,139.02000427246094,137.67999267578125,9262500.0,130.36923217773438
2018-02-05,137.0,122.1500015258789,136.5800018310547,130.38999938964844,19954100.0,123.4663314819336
2018-02-06,132.99000549316406,128.0,130.00999450683594,131.8300018310547,19193500.0,124.82987976074219
2018-02-07,133.42999267578125,131.35000610351562,131.88999938964844,131.4199981689453,10550400.0,124.44164276123047
2018-02-08,131.25,126.11000061035156,130.91000366210938,126.36000061035156,11680200.0,119.65032958984375
2018-02-09,130.9199981689453,125.44000244140625,127.5199966430664,129.52999877929688,15030900.0,122.65199279785156
2018-02-12,131.32000732421875,127.68000030517578,130.0,130.27000427246094,9963900.0,123.35272216796875
2018-02-13,130.60000610351562,128.6999969482422,129.2100067138672,129.9600067138672,6339000.0,123.05918884277344
2018-02-14,130.00999450683594,128.38999938964844,129.44000244140625,129.6699981689453,6259700.0,122.7845687866211
2018-02-15,131.27999877929688,129.39999389648438,130.10000610351562,131.22999572753906,5606400.0,124.26173400878906
2018-02-16,134.4499969482422,130.83999633789062,130.9600067138672,133.14999389648438,7970100.0,126.07977294921875
2018-02-20,133.4499969482422,130.66000366210938,132.8699951171875,130.8699951171875,6563500.0,123.92084503173828
2018-02-21,132.42999267578125,129.86000061035156,130.8000030517578,129.91000366210938,6578000.0,123.01182556152344
2018-02-22,131.02000427246094,129.47999572753906,130.10000610351562,129.91000366210938,5732200.0,123.01182556152344
2018-02-23,132.0800018310547,130.02000427246094,130.08999633789062,132.02000427246094,5126800.0,125.00980377197266
2018-02-26,133.41000366210938,131.0,131.7100067138672,132.07000732421875,6684400.0,125.8579330444336
2018-02-27,133.08999633789062,131.60000610351562,132.2100067138672,131.6699981689453,7158600.0,125.47673034667969
2018-02-28,132.3300018310547,129.8699951171875,131.9499969482422,129.8800048828125,7985900.0,123.77093505859375
2018-03-01,130.1199951171875,126.5199966430664,129.11000061035156,127.27999877929688,9424000.0,121.29322052001953
2018-03-02,129.11000061035156,126.91000366210938,126.91000366210938,128.82000732421875,6910400.0,122.76080322265625
2018-03-05,130.3000030517578,128.17999267578125,128.6300048828125,129.7899932861328,5799800.0,123.68516540527344
2018-03-06,130.1999969482422,127.91999816894531,130.0,128.22000122070312,5546500.0,122.18901824951172
2018-03-07,129.3300018310547,127.2699966430664,127.4800033569336,129.0399932861328,6391700.0,122.9704360961914
2018-03-08,132.3000030517578,129.3300018310547,129.3300018310547,132.05999755859375,6423400.0,125.84840393066406
2018-03-09,133.82000732421875,131.55999755859375,132.50999450683594,133.8000030517578,7557800.0,127.50656127929688
2018-03-12,134.22999572753906,132.32000732421875,133.8000030517578,132.6300048828125,4942000.0,126.39159393310547
2018-03-13,135.38999938964844,133.4499969482422,133.8000030517578,134.35000610351562,9152300.0,128.0306854248047
2018-03-14,135.6999969482422,131.89999389648438,135.24000549316406,132.32000732421875,6770600.0,126.09616088867188
2018-03-15,134.24000549316406,132.47000122070312,132.5500030517578,133.05999755859375,6147200.0,126.80136108398438
2018-03-16,134.39999389648438,132.10000610351562,133.16000366210938,133.67999267578125,14233500.0,127.39218139648438
2018-03-19,133.47000122070312,129.36000061035156,133.35000610351562,130.24000549316406,6017000.0,124.11399841308594
2018-03-20,131.77999877929688,129.3800048828125,130.77999877929688,131.2100067138672,6214300.0,125.03837585449219
2018-03-21,132.77999877929688,130.66000366210938,131.39999389648438,131.19000244140625,5158700.0,125.01930236816406
2018-03-22,130.67999267578125,127.0999984741211,130.47000122070312,127.37999725341797,7560100.0,121.38851928710938
2018-03-23,127.80000305175781,124.9000015258789,127.62999725341797,125.0999984741211,8452500.0,119.21576690673828
2018-03-26,127.54000091552734,125.20999908447266,126.41000366210938,127.38999938964844,8358200.0,121.39805603027344
2018-03-27,129.10000610351562,126.38999938964844,127.11000061035156,127.20999908447266,7789900.0,121.22651672363281
2018-03-28,129.02000427246094,127.20999908447266,127.62999725341797,127.44999694824219,6868500.0,121.4552230834961
2018-03-29,128.75999450683594,126.81999969482422,127.97000122070312,128.14999389648438,6119400.0,122.1222915649414
2018-04-02,127.87999725341797,123.54000091552734,127.81999969482422,124.55999755859375,8916900.0,118.70116424560547
2018-04-03,128.49000549316406,124.68000030517578,125.18000030517578,128.35000610351562,8035000.0,122.31289672851562
2018-04-04,131.1199951171875,126.38999938964844,126.9000015258789,130.41000366210938,7717100.0,124.2760009765625
2018-04-05,131.1999969482422,129.5,130.41000366210938,130.7100067138672,5621700.0,124.56189727783203
2018-04-06,130.63999938964844,126.41000366210938,130.22000122070312,128.10000610351562,6399300.0,122.07466888427734
2018-04-09,131.13999938964844,127.68000030517578,128.64999389648438,129.47999572753906,6395800.0,123.3897476196289
2018-04-10,130.91000366210938,129.2899932861328,130.25,130.25,6019300.0,124.12352752685547
2018-04-11,130.35000610351562,129.02999877929688,129.13999938964844,129.6300048828125,4575400.0,123.53268432617188
2018-04-12,131.30999755859375,129.86000061035156,130.08999633789062,130.42999267578125,4559800.0,124.29505920410156
2018-04-13,131.4199981689453,129.6300048828125,131.08999633789062,130.6199951171875,4742300.0,124.47611999511719
2018-04-16,132.8800048828125,131.27999877929688,131.41000366210938,131.75999450683594,6379600.0,125.56248474121094
2018-04-17,132.1999969482422,128.80999755859375,132.11000061035156,130.5399932861328,11008700.0,124.39988708496094
2018-04-18,129.89999389648438,126.94000244140625,129.69000244140625,127.72000122070312,9383600.0,121.71253204345703
2018-04-19,128.27000427246094,126.88999938964844,127.62999725341797,127.55000305175781,5959500.0,121.55052185058594
2018-04-20,128.3000030517578,126.16999816894531,128.0,126.66000366210938,7743900.0,120.702392578125
2018-04-23,127.30000305175781,125.77999877929688,126.87999725341797,126.83000183105469,7501900.0,120.8644027709961
2018-04-24,127.45999908447266,125.30999755859375,126.94000244140625,126.19000244140625,6577500.0,120.2544937133789
2018-04-25,126.8499984741211,125.27999877929688,125.91000366210938,126.76000213623047,5859600.0,120.79769134521484
2018-04-26,129.22000122070312,126.62000274658203,126.62000274658203,128.00999450683594,8211100.0,121.98888397216797
2018-04-27,128.7899932861328,127.5,127.7300033569336,128.27000427246094,4266800.0,122.23666381835938
2018-04-30,128.97999572753906,126.48999786376953,128.86000061035156,126.48999786376953,8219400.0,120.54037475585938
2018-05-01,126.63999938964844,124.97000122070312,126.31999969482422,126.01000213623047,5122600.0,120.08296203613281
2018-05-02,126.18000030517578,123.19999694824219,125.5199966430664,123.5,7390800.0,117.69102478027344
2018-05-03,123.69000244140625,121.27999877929688,123.30000305175781,123.02999877929688,7282900.0,117.24312591552734
2018-05-04,124.51000213623047,121.80000305175781,122.5999984741211,124.19000244140625,6127600.0,118.34856414794922
2018-05-07,125.23999786376953,123.31999969482422,124.13999938964844,123.58999633789062,6707900.0,117.77678680419922
2018-05-08,123.48999786376953,121.69000244140625,122.86000061035156,122.61000061035156,5951800.0,116.8428726196289
2018-05-09,124.05000305175781,122.52999877929688,122.98999786376953,123.51000213623047,6808600.0,117.70055389404297
2018-05-10,126.05000305175781,124.0,124.22000122070312,125.3499984741211,4948000.0,119.45401000976562
2018-05-11,127.5999984741211,125.76000213623047,125.7699966430664,127.23999786376953,5716700.0,121.2551040649414
2018-05-14,127.61000061035156,125.5999984741211,127.3499984741211,126.05999755859375,6101600.0,120.13059997558594
2018-05-15,125.83000183105469,124.4000015258789,125.54000091552734,125.12999725341797,5875700.0,119.24435424804688
2018-05-16,125.9000015258789,125.0,125.44000244140625,125.3499984741211,3818100.0,119.45401000976562
2018-05-17,125.58999633789062,123.55000305175781,125.48999786376953,123.8499984741211,6473400.0,118.0245590209961
2018-05-18,124.44000244140625,123.27999877929688,123.77999877929688,124.23999786376953,5433900.0,118.39620971679688
2018-05-21,124.98999786376953,123.31999969482422,124.62000274658203,123.72000122070312,5558700.0,117.90067291259766
2018-05-22,124.23999786376953,122.76000213623047,123.80000305175781,122.91000366210938,7172700.0,117.1287841796875
2018-05-23,123.97000122070312,122.73999786376953,122.87000274658203,123.44999694824219,4940800.0,117.64337158203125
2018-05-24,123.38999938964844,121.55000305175781,123.22000122070312,122.25,6923600.0,116.49980926513672
2018-05-25,122.80000305175781,121.12999725341797,121.55999755859375,121.47000122070312,4594800.0,116.61502075195312
2018-05-29,120.80000305175781,118.62000274658203,120.5,119.4000015258789,9821900.0,114.62775421142578
2018-05-30,121.58000183105469,119.54000091552734,120.12000274658203,120.97000122070312,6423700.0,116.13499450683594
2018-05-31,121.25,119.54000091552734,120.91999816894531,119.62000274658203,10337500.0,114.8389663696289
2018-06-01,121.31999969482422,119.97000122070312,120.37999725341797,121.26000213623047,5741000.0,116.41342163085938
2018-06-04,122.37000274658203,121.0199966430664,121.8499984741211,121.94999694824219,4853000.0,117.0758285522461
2018-06-05,122.55999755859375,120.9000015258789,122.05000305175781,121.4800033569336,5125400.0,116.62461853027344
2018-06-06,122.79000091552734,121.45999908447266,121.97000122070312,122.79000091552734,6799300.0,117.88225555419922
2018-06-07,123.48999786376953,122.2699966430664,123.0,123.33000183105469,7414100.0,118.40068817138672
2018-06-08,124.8499984741211,123.33000183105469,123.36000061035156,124.05999755859375,6208100.0,119.10149383544922
2018-06-11,124.33999633789062,122.55000305175781,124.2699966430664,122.66000366210938,5571400.0,117.7574691772461
2018-06-12,123.18000030517578,121.94999694824219,123.16000366210938,122.54000091552734,5227300.0,117.64225769042969
2018-06-13,124.08999633789062,122.45999908447266,123.1500015258789,122.62999725341797,5836900.0,117.72865295410156
2018-06-14,123.1500015258789,122.08999633789062,122.70999908447266,122.41000366210938,5239200.0,117.51744842529297
2018-06-15,122.7300033569336,121.23999786376953,122.0999984741211,122.61000061035156,13173500.0,117.70945739746094
2018-06-18,121.80999755859375,120.25,121.61000061035156,121.31999969482422,6787400.0,116.47100830078125
2018-06-19,123.16999816894531,120.56999969482422,120.66000366210938,122.56999969482422,8572400.0,117.6710433959961
2018-06-20,122.66000366210938,121.66000366210938,122.41999816894531,122.04000091552734,6277200.0,117.16223907470703
2018-06-21,122.23999786376953,121.11000061035156,121.83000183105469,121.44999694824219,4417200.0,116.59581756591797
2018-06-22,123.37999725341797,121.6500015258789,121.68000030517578,122.83999633789062,9501400.0,117.93025970458984
2018-06-25,123.43000030517578,121.51000213623047,122.81999969482422,122.58999633789062,8170500.0,117.69024658203125
2018-06-26,122.88999938964844,121.5999984741211,122.48999786376953,122.3499984741211,5496400.0,117.45984649658203
2018-06-27,122.97000122070312,121.44999694824219,122.12999725341797,121.61000061035156,5666000.0,116.74942779541016
2018-06-28,122.41000366210938,121.06999969482422,121.77999877929688,122.0,5296800.0,117.12383270263672
2018-06-29,123.18000030517578,121.19000244140625,122.23999786376953,121.33999633789062,7308700.0,116.49022674560547
2018-07-02,121.7300033569336,120.11000061035156,121.33999633789062,121.58000183105469,5481400.0,116.72061920166016
2018-07-03,123.45999908447266,121.26000213623047,121.6500015258789,122.70999908447266,4248100.0,117.80546569824219
2018-07-05,125.12000274658203,123.2300033569336,123.5999984741211,125.0,7319100.0,120.0039291381836
2018-07-06,125.91999816894531,124.61000061035156,125.16000366210938,125.75,7297900.0,120.72395324707031
2018-07-09,126.75,125.5999984741211,126.22000122070312,126.05000305175781,6706100.0,121.01197052001953
2018-07-10,127.5199966430664,126.11000061035156,126.37000274658203,127.37999725341797,5075600.0,122.28881072998047
2018-07-11,127.44000244140625,126.05999755859375,127.41000366210938,126.23999786376953,4827400.0,121.19436645507812
2018-07-12,128.2100067138672,127.16999816894531,127.70999908447266,127.76000213623047,6199000.0,122.65361785888672
2018-07-13,127.5,125.31999969482422,125.31999969482422,125.93000030517578,8250200.0,120.89675903320312
2018-07-16,126.0999984741211,124.16000366210938,126.0,124.69000244140625,7314400.0,119.7063217163086
2018-07-17,130.5399932861328,127.55999755859375,128.52999877929688,129.11000061035156,12858700.0,123.94966125488281
2018-07-18,129.0500030517578,127.16999816894531,128.80999755859375,127.80000305175781,7152000.0,122.6920166015625
2018-07-19,127.69999694824219,125.87000274658203,127.52999877929688,125.94000244140625,5984600.0,120.90636444091797
2018-07-20,126.13999938964844,125.12000274658203,125.30000305175781,125.8499984741211,5835500.0,120.81996154785156
2018-07-23,126.68000030517578,125.44999694824219,125.75,126.62999725341797,4631100.0,121.56877899169922
2018-07-24,129.6199951171875,127.1500015258789,127.23999786376953,129.36000061035156,7158800.0,124.18966674804688
2018-07-25,129.22999572753906,127.6500015258789,129.13999938964844,128.6199951171875,6523000.0,123.479248046875
2018-07-26,131.22000122070312,129.85000610351562,129.89999389648438,130.27999877929688,7640600.0,125.07290649414062
2018-07-27,132.27000427246094,129.94000244140625,129.97999572753906,131.5500030517578,6620400.0,126.29216003417969
2018-07-30,132.49000549316406,131.25,131.77999877929688,132.1699981689453,11013100.0,126.88734436035156
2018-07-31,132.63999938964844,131.77000427246094,132.27999877929688,132.52000427246094,7598900.0,127.2233657836914
2018-08-01,132.9600067138672,132.0800018310547,132.38999938964844,132.63999938964844,5770400.0,127.33856964111328
2018-08-02,133.0,131.08999633789062,132.88999938964844,131.25,6563300.0,126.00411987304688
2018-08-03,132.6999969482422,130.89999389648438,131.17999267578125,131.9499969482422,6498700.0,126.67615509033203
2018-08-06,132.52999877929688,131.00999450683594,131.63999938964844,132.02000427246094,5840000.0,126.74335479736328
2018-08-07,132.1699981689453,131.3000030517578,131.8800048828125,131.4600067138672,4664600.0,126.20572662353516
2018-08-08,131.8000030517578,130.88999938964844,131.49000549316406,131.1699981689453,3721500.0,125.92732238769531
2018-08-09,131.72000122070312,130.6699981689453,131.5399932861328,131.1999969482422,4057800.0,125.95613098144531
2018-08-10,131.6300048828125,130.25999450683594,131.19000244140625,130.75,4324000.0,125.52411651611328
2018-08-13,130.89999389648438,129.85000610351562,130.72000122070312,130.22000122070312,3778000.0,125.01529693603516
2018-08-14,130.47000122070312,129.35000610351562,129.6699981689453,129.5,4542800.0,124.3240737915039
2018-08-15,130.74000549316406,128.92999267578125,129.75,130.42999267578125,5377300.0,125.21690368652344
2018-08-16,132.8800048828125,130.57000732421875,131.02000427246094,132.47999572753906,7861500.0,127.1849594116211
2018-08-17,135.0,132.19000244140625,132.4499969482422,134.47000122070312,6700900.0,129.0954132080078
2018-08-20,137.1199951171875,134.0,134.92999267578125,136.8800048828125,7935000.0,131.4091033935547
2018-08-21,137.42999267578125,135.3000030517578,137.0,135.35000610351562,5832100.0,129.9402618408203
2018-08-22,135.67999267578125,134.4199981689453,135.55999755859375,134.61000061035156,4688400.0,129.22982788085938
2018-08-23,135.49000549316406,134.10000610351562,134.61000061035156,135.11000061035156,5057600.0,129.70985412597656
2018-08-24,136.14999389648438,134.8300018310547,135.11000061035156,135.9499969482422,4809400.0,130.5162811279297
2018-08-27,136.0500030517578,134.2100067138672,135.5,134.9199981689453,4325900.0,130.39064025878906
2018-08-28,134.89999389648438,133.88999938964844,134.77999877929688,134.32000732421875,6037500.0,129.81077575683594
2018-08-29,134.94000244140625,133.94000244140625,134.32000732421875,134.86000061035156,4648700.0,130.33265686035156
2018-08-30,135.60000610351562,134.60000610351562,134.6999969482422,134.9499969482422,4821900.0,130.4196319580078
2018-08-31,135.0,133.97000122070312,134.60000610351562,134.69000244140625,6139500.0,130.16836547851562
2018-09-04,134.75,133.44000244140625,134.69000244140625,133.72000122070312,4406800.0,129.23094177246094
2018-09-05,135.94000244140625,133.4600067138672,133.47999572753906,135.86000061035156,6174800.0,131.29908752441406
2018-09-06,137.30999755859375,135.17999267578125,135.5,136.8699951171875,6562000.0,132.27517700195312
2018-09-07,137.69000244140625,135.75,136.77999877929688,137.32000732421875,6375200.0,132.71006774902344
2018-09-10,138.47000122070312,137.05999755859375,137.52999877929688,137.2100067138672,4892200.0,132.60377502441406
2018-09-11,138.91000366210938,137.22000122070312,137.63999938964844,138.50999450683594,7856800.0,133.86012268066406
2018-09-12,139.99000549316406,138.55999755859375,138.89999389648438,139.36000061035156,6767700.0,134.68157958984375
2018-09-13,140.47999572753906,139.02000427246094,139.88999938964844,139.88999938964844,6456100.0,135.19378662109375
2018-09-14,140.35000610351562,139.10000610351562,140.0,139.49000549316406,4534800.0,134.80722045898438
2018-09-17,140.39999389648438,139.17999267578125,139.3300018310547,139.9600067138672,5295500.0,135.26144409179688
2018-09-18,140.83999633789062,139.8300018310547,140.27000427246094,140.5399932861328,4581200.0,135.8219757080078
2018-09-19,140.99000549316406,140.0500030517578,140.75999450683594,140.4600067138672,5049900.0,135.74465942382812
2018-09-20,142.13999938964844,140.50999450683594,140.82000732421875,141.97999572753906,5019300.0,137.21363830566406
2018-09-21,143.1300048828125,141.69000244140625,142.17999267578125,142.8800048828125,13283400.0,138.08343505859375
2018-09-24,142.5,140.22999572753906,142.10000610351562,140.47000122070312,6708000.0,135.75433349609375
2018-09-25,140.9600067138672,138.39999389648438,140.52999877929688,138.63999938964844,7982800.0,133.9857635498047
2018-09-26,140.0,137.9600067138672,138.9499969482422,138.16000366210938,7133300.0,133.52188110351562
2018-09-27,139.5800018310547,137.57000732421875,138.4499969482422,138.22000122070312,6450500.0,133.57986450195312
2018-09-28,138.55999755859375,137.41000366210938,138.10000610351562,138.1699981689453,6638500.0,133.53152465820312
2018-10-01,139.85000610351562,138.0,138.25999450683594,139.69000244140625,4871800.0,135.00051879882812
2018-10-02,140.72999572753906,139.64999389648438,139.7899932861328,140.47999572753906,6439100.0,135.7639923095703
2018-10-03,141.27000427246094,138.8800048828125,140.5399932861328,139.02999877929688,5411800.0,134.3626708984375
2018-10-04,139.52999877929688,137.32000732421875,138.5500030517578,139.35000610351562,4738700.0,134.67193603515625
2018-10-05,140.25,138.55999755859375,139.8000030517578,139.10000610351562,4309300.0,134.43032836914062
2018-10-08,139.67999267578125,138.6199951171875,138.89999389648438,139.38999938964844,5174100.0,134.71058654785156
2018-10-09,139.6199951171875,137.80999755859375,138.74000549316406,139.1999969482422,4475300.0,134.52694702148438
2018-10-10,140.4600067138672,137.72999572753906,139.35000610351562,137.72999572753906,7265600.0,133.10629272460938
2018-10-11,138.66000366210938,132.8800048828125,137.91000366210938,133.83999633789062,11603200.0,129.34689331054688
2018-10-12,134.41000366210938,132.22999572753906,134.39999389648438,133.8699951171875,6998000.0,129.37588500976562
2018-10-15,135.3000030517578,133.50999450683594,133.8800048828125,133.9499969482422,6398700.0,129.45321655273438
2018-10-16,137.99000549316406,134.75,134.75,136.55999755859375,9592800.0,131.97560119628906
2018-10-17,140.0,136.2100067138672,136.22999572753906,139.4600067138672,8261100.0,134.7782440185547
2018-10-18,139.80999755859375,137.7100067138672,139.1999969482422,139.5,7583900.0,134.81689453125
2018-10-19,140.0,137.91000366210938,138.33999633789062,139.0500030517578,5924800.0,134.38198852539062
2018-10-22,139.25999450683594,138.13999938964844,138.61000061035156,138.67999267578125,4864300.0,134.0244140625
2018-10-23,139.49000549316406,137.4499969482422,137.7899932861328,138.92999267578125,8282700.0,134.26602172851562
2018-10-24,140.11000061035156,137.1699981689453,138.52000427246094,137.47000122070312,8279200.0,132.85504150390625
2018-10-25,139.08999633789062,135.0500030517578,137.4600067138672,138.47000122070312,9720700.0,133.82147216796875
2018-10-26,139.3000030517578,135.3300018310547,137.94000244140625,136.97000122070312,11371400.0,132.371826171875
2018-10-29,139.10000610351562,136.22000122070312,136.99000549316406,137.5500030517578,6783000.0,132.93235778808594
2018-10-30,141.10000610351562,137.0,137.92999267578125,140.75,9646200.0,136.02491760253906
2018-10-31,141.42999267578125,139.61000061035156,141.0,139.99000549316406,9968900.0,135.2904510498047
2018-11-01,141.5800018310547,139.85000610351562,140.07000732421875,140.82000732421875,6913500.0,136.0925750732422
2018-11-02,142.0,139.66000366210938,141.97000122070312,140.67999267578125,7673200.0,135.95726013183594
2018-11-05,142.74000549316406,139.0,141.0,142.1999969482422,5601400.0,137.4262237548828
2018-11-06,142.8300018310547,141.05999755859375,141.52999877929688,142.57000732421875,5798900.0,137.78384399414062
2018-11-07,144.8699951171875,142.97000122070312,143.10000610351562,144.75,7173600.0,139.89065551757812
2018-11-08,145.7899932861328,144.0,144.30999755859375,145.3000030517578,5497100.0,140.42218017578125
2018-11-09,145.74000549316406,144.3800048828125,145.0399932861328,145.33999633789062,5343100.0,140.46083068847656
2018-11-12,146.24000549316406,144.72999572753906,144.99000549316406,145.6199951171875,7013600.0,140.73143005371094
2018-11-13,146.75,143.4199981689453,146.19000244140625,144.67999267578125,7432300.0,139.82298278808594
2018-11-14,145.30999755859375,143.55999755859375,145.02000427246094,144.25,6433100.0,139.4074249267578
2018-11-15,144.50999450683594,142.47999572753906,143.41000366210938,144.5,6657900.0,139.64903259277344
2018-11-16,146.74000549316406,144.5500030517578,144.7100067138672,145.99000549316406,8494300.0,141.08901977539062
2018-11-19,148.44000244140625,146.3699951171875,146.42999267578125,147.72999572753906,8714600.0,142.77059936523438
2018-11-20,148.75,146.35000610351562,147.5,146.4499969482422,8937700.0,141.5335693359375
2018-11-21,146.22999572753906,140.77999877929688,146.22999572753906,141.99000549316406,10275400.0,137.2233123779297
2018-11-23,142.72999572753906,141.60000610351562,141.85000610351562,142.22999572753906,3404900.0,137.4552459716797
2018-11-26,142.0500030517578,140.72000122070312,142.0,141.3699951171875,7590900.0,137.49415588378906
2018-11-27,143.35000610351562,139.66000366210938,140.57000732421875,143.22000122070312,5962100.0,139.29342651367188
2018-11-28,146.55999755859375,143.36000061035156,143.8300018310547,146.44000244140625,8411400.0,142.4251708984375
2018-11-29,147.1999969482422,144.83999633789062,145.6199951171875,145.85000610351562,6900000.0,141.85133361816406
2018-11-30,147.0,145.10000610351562,145.33999633789062,146.89999389648438,12517600.0,142.87254333496094
2018-12-03,146.6300048828125,144.94000244140625,145.57000732421875,146.2100067138672,8827200.0,142.2014617919922
2018-12-04,148.99000549316406,145.82000732421875,146.32000732421875,146.02999877929688,9803500.0,142.02639770507812
2018-12-06,146.4499969482422,142.7899932861328,144.5,145.91000366210938,11572500.0,141.90968322753906
2018-12-07,147.33999633789062,144.1199951171875,145.49000549316406,145.42999267578125,9444500.0,141.4428253173828
2018-12-10,145.8800048828125,142.3800048828125,145.38999938964844,145.25999450683594,6848100.0,141.27749633789062
2018-12-11,148.2100067138672,145.7899932861328,146.2899932861328,146.5,9857400.0,142.48350524902344
2018-12-12,148.49000549316406,147.0,147.0,147.10000610351562,8869200.0,143.0670623779297
2018-12-13,148.58999633789062,146.8000030517578,146.9600067138672,147.83999633789062,6008300.0,143.78675842285156
2018-12-14,145.3800048828125,130.1999969482422,144.33999633789062,133.0,58140200.0,129.35362243652344
2018-12-17,131.64999389648438,126.83000183105469,128.32000732421875,129.13999938964844,36933100.0,125.59944915771484
2018-12-18,132.8000030517578,129.1999969482422,132.0500030517578,130.4199981689453,24640100.0,126.84435272216797
2018-12-19,131.35000610351562,127.08999633789062,129.8699951171875,127.61000061035156,21232100.0,124.11139678955078
2018-12-20,129.75,126.76000213623047,127.72000122070312,128.27000427246094,16609600.0,124.75331115722656
2018-12-21,130.60000610351562,127.12000274658203,127.80000305175781,128.08999633789062,19732900.0,124.57823181152344
2018-12-24,128.0,121.0,127.30000305175781,122.83999633789062,7531900.0,119.47216796875
2018-12-26,126.76000213623047,122.01000213623047,123.41999816894531,126.70999908447266,9253000.0,123.23606872558594
2018-12-27,127.41000366210938,123.06999969482422,125.87000274658203,127.41000366210938,9918700.0,123.91688537597656
2018-12-28,128.75,126.75,127.91000366210938,127.2699966430664,6537200.0,123.78072357177734
2018-12-31,129.5500030517578,127.41999816894531,128.17999267578125,129.0500030517578,7409900.0,125.51192474365234
2019-01-02,128.3800048828125,126.27999877929688,128.1300048828125,127.75,7631700.0,124.24755859375
2019-01-03,128.27000427246094,125.36000061035156,128.13999938964844,125.72000122070312,8654500.0,122.2732162475586
2019-01-04,128.64999389648438,126.7300033569336,127.12000274658203,127.83000183105469,8831700.0,124.32537078857422
2019-01-07,128.35000610351562,126.80000305175781,127.62999725341797,127.01000213623047,8404700.0,123.5278549194336
2019-01-08,130.5,127.7300033569336,128.17999267578125,129.9600067138672,9351600.0,126.39698791503906
2019-01-09,130.24000549316406,128.3300018310547,129.8300018310547,128.92999267578125,7403500.0,125.39519500732422
2019-01-10,129.88999938964844,127.69000244140625,127.69000244140625,129.7100067138672,6224400.0,126.15382385253906
2019-01-11,129.83999633789062,128.30999755859375,129.0,129.75,5300400.0,126.1927261352539
2019-01-14,128.9600067138672,127.58999633789062,128.74000549316406,128.27999877929688,7374400.0,124.76303100585938
2019-01-15,129.49000549316406,127.6500015258789,128.52000427246094,129.36000061035156,5194400.0,125.81342315673828
2019-01-16,129.41000366210938,127.9000015258789,129.41000366210938,128.0399932861328,6264200.0,124.52960968017578
2019-01-17,129.52000427246094,127.45999908447266,127.70999908447266,129.08999633789062,7632000.0,125.55082702636719
2019-01-18,131.17999267578125,129.4499969482422,129.89999389648438,130.69000244140625,10593000.0,127.10696411132812
2019-01-22,129.5,127.01000213623047,128.1999969482422,128.8000030517578,10568100.0,125.26876831054688
2019-01-23,129.3000030517578,127.93000030517578,128.5,128.8000030517578,9267800.0,125.26876831054688
2019-01-24,128.6999969482422,125.0,128.49000549316406,127.02999877929688,9917000.0,123.54730224609375
2019-01-25,128.4499969482422,127.02999877929688,128.1300048828125,128.22999572753906,7585100.0,124.71440124511719
2019-01-28,129.14999389648438,127.29000091552734,127.80999755859375,128.99000549316406,6927700.0,125.45355987548828
2019-01-29,130.47000122070312,128.5,128.9499969482422,130.3300018310547,6669300.0,126.75682830810547
2019-01-30,132.19000244140625,130.3000030517578,130.3699951171875,131.63999938964844,7299300.0,128.03091430664062
2019-01-31,135.19000244140625,130.8699951171875,131.6300048828125,133.0800018310547,17298100.0,129.43142700195312
2019-02-01,134.69000244140625,133.47000122070312,134.02000427246094,134.1999969482422,9575200.0,130.52072143554688
2019-02-04,134.14999389648438,132.2100067138672,133.9600067138672,132.8800048828125,7759000.0,129.23692321777344
2019-02-05,133.8800048828125,132.75,133.52000427246094,132.8800048828125,6449800.0,129.23692321777344
2019-02-06,133.57000732421875,132.3000030517578,133.0800018310547,133.0,5066100.0,129.35362243652344
2019-02-07,132.63999938964844,131.52999877929688,132.4499969482422,132.0500030517578,6085300.0,128.42967224121094
2019-02-08,132.4600067138672,131.5399932861328,131.9499969482422,132.39999389648438,4436700.0,128.7700653076172
2019-02-11,132.6699981689453,131.25999450683594,132.30999755859375,132.0,4962200.0,128.38104248046875
2019-02-12,134.3000030517578,132.0800018310547,132.0800018310547,134.16000366210938,6262300.0,130.48182678222656
2019-02-13,134.97999572753906,133.2100067138672,134.07000732421875,134.4499969482422,7902200.0,130.7638702392578
2019-02-14,134.82000732421875,133.35000610351562,134.3000030517578,134.30999755859375,3910400.0,130.62770080566406
2019-02-15,136.41000366210938,135.00999450683594,135.19000244140625,136.3800048828125,6665000.0,132.6409454345703
2019-02-19,136.3800048828125,135.6300048828125,136.13999938964844,135.69000244140625,5935500.0,131.96987915039062
2019-02-20,136.72999572753906,135.72999572753906,135.97000122070312,136.35000610351562,6089800.0,132.61180114746094
2019-02-21,135.7899932861328,134.27000427246094,134.97999572753906,135.4199981689453,6665500.0,131.707275390625
2019-02-22,136.63999938964844,134.82000732421875,135.2899932861328,136.60000610351562,5223900.0,132.8549346923828
2019-02-25,137.49000549316406,135.86000061035156,136.35000610351562,136.1999969482422,6846600.0,133.3444366455078
2019-02-26,136.9600067138672,136.0500030517578,136.44000244140625,136.11000061035156,5106900.0,133.25633239746094
2019-02-27,136.25,135.38999938964844,135.52000427246094,135.8699951171875,4378100.0,133.02134704589844
2019-02-28,137.9499969482422,135.69000244140625,135.9499969482422,136.63999938964844,10133200.0,133.7752227783203
2019-03-01,138.61000061035156,137.00999450683594,137.22000122070312,138.35000610351562,5641600.0,135.44935607910156
2019-03-04,139.41000366210938,137.50999450683594,138.85000610351562,138.47999572753906,8377700.0,135.57662963867188
2019-03-05,139.13999938964844,138.36000061035156,138.80999755859375,138.77000427246094,6568900.0,135.8605499267578
2019-03-06,139.64999389648438,138.60000610351562,139.47000122070312,139.08999633789062,6236900.0,136.17384338378906
2019-03-07,139.1199951171875,137.6999969482422,138.52999877929688,138.24000549316406,6100400.0,135.34169006347656
2019-03-08,139.3000030517578,136.4199981689453,138.08999633789062,138.05999755859375,7046700.0,135.16543579101562
2019-03-11,139.02999877929688,137.52000427246094,138.11000061035156,138.55999755859375,6150400.0,135.6549530029297
2019-03-12,140.0,138.5,138.64999389648438,139.17999267578125,5552900.0,136.261962890625
2019-03-13,139.83999633789062,139.02000427246094,139.58999633789062,139.41000366210938,6446900.0,136.4871368408203
2019-03-14,138.8000030517578,137.94000244140625,138.33999633789062,138.02000427246094,8493600.0,135.12628173828125
2019-03-15,138.25999450683594,136.8300018310547,138.0,137.60000610351562,11922500.0,134.71510314941406
2019-03-18,137.77999877929688,136.72000122070312,137.64999389648438,137.1699981689453,7369600.0,134.2941131591797
2019-03-19,138.82000732421875,137.47000122070312,137.61000061035156,138.44000244140625,5882500.0,135.5374755859375
2019-03-20,138.50999450683594,136.64999389648438,138.3300018310547,137.2899932861328,5475700.0,134.41159057617188
2019-03-21,138.77999877929688,136.9499969482422,137.0,138.10000610351562,5765100.0,135.20460510253906
2019-03-22,138.38999938964844,136.86000061035156,137.75,136.91000366210938,6528800.0,134.03956604003906
2019-03-25,137.00999450683594,135.74000549316406,136.91000366210938,136.61000061035156,4500300.0,133.74583435058594
2019-03-26,139.27000427246094,136.92999267578125,136.92999267578125,138.57000732421875,4758600.0,135.66476440429688
2019-03-27,139.47999572753906,138.07000732421875,138.58999633789062,138.6999969482422,6764900.0,135.7920379638672
2019-03-28,139.4600067138672,138.7100067138672,139.05999755859375,138.8800048828125,4602100.0,135.96826171875
2019-03-29,139.8800048828125,138.8800048828125,139.27999877929688,139.7899932861328,7168400.0,136.85916137695312
2019-04-01,140.2899932861328,138.74000549316406,139.99000549316406,138.97999572753906,5885200.0,136.06614685058594
2019-04-02,139.00999450683594,136.91000366210938,139.00999450683594,137.7100067138672,5517800.0,134.82278442382812
2019-04-03,138.24000549316406,136.8699951171875,138.1999969482422,137.1699981689453,5947000.0,134.2941131591797
2019-04-04,137.00999450683594,135.1300048828125,136.8699951171875,135.57000732421875,5844600.0,132.7276611328125
2019-04-05,136.5800018310547,135.6999969482422,136.0399932861328,136.17999267578125,4759700.0,133.32485961914062
2019-04-08,136.50999450683594,135.6999969482422,136.0500030517578,136.13999938964844,4329600.0,133.28570556640625
2019-04-09,136.25999450683594,134.55999755859375,136.0,135.57000732421875,5210300.0,132.7276611328125
2019-04-10,136.1300048828125,135.3300018310547,135.88999938964844,135.5800018310547,4194100.0,132.73744201660156
2019-04-11,136.17999267578125,134.4199981689453,135.9600067138672,135.2100067138672,4485200.0,132.37521362304688
2019-04-12,136.35000610351562,134.75,135.22000122070312,135.97999572753906,5756800.0,133.12904357910156
2019-04-15,136.7899932861328,135.8000030517578,136.0,136.52000427246094,5380900.0,133.65773010253906
2019-04-16,140.6999969482422,137.55999755859375,138.32000732421875,138.02000427246094,10745700.0,135.12628173828125
2019-04-17,140.14999389648438,137.6699981689453,139.0,138.52000427246094,9543700.0,135.6157989501953
2019-04-18,140.24000549316406,135.75,139.35000610351562,137.52000427246094,10485300.0,134.63677978515625
2019-04-22,138.49000549316406,136.4600067138672,136.97999572753906,137.8300018310547,4666500.0,134.94027709960938
2019-04-23,140.85000610351562,137.25,137.4199981689453,139.89999389648438,5790500.0,136.9668731689453
2019-04-24,140.13999938964844,138.86000061035156,139.64999389648438,139.1999969482422,5676300.0,136.2815399169922
2019-04-25,139.77000427246094,137.9600067138672,138.52000427246094,139.64999389648438,5218100.0,136.72210693359375
2019-04-26,140.52000427246094,139.30999755859375,139.8800048828125,140.38999938964844,4613600.0,137.44659423828125
2019-04-29,140.42999267578125,139.5800018310547,140.35000610351562,139.83999633789062,4275200.0,136.9081268310547
2019-04-30,141.4499969482422,138.9600067138672,140.19000244140625,141.1999969482422,6003700.0,138.23960876464844
2019-05-01,142.35000610351562,139.75,140.9499969482422,141.9499969482422,6656300.0,138.973876953125
2019-05-02,142.14999389648438,140.1199951171875,141.91000366210938,141.27999877929688,8835600.0,138.31793212890625
2019-05-03,142.08999633789062,141.0800018310547,141.2899932861328,142.00999450683594,5281600.0,139.03262329101562
2019-05-06,142.24000549316406,139.92999267578125,140.25,142.08999633789062,5818900.0,139.11094665527344
2019-05-07,141.3800048828125,139.05999755859375,140.82000732421875,139.97000122070312,6606700.0,137.03538513183594
2019-05-08,140.9199981689453,139.6999969482422,140.1999969482422,139.7899932861328,4667300.0,136.85916137695312
2019-05-09,139.32000732421875,137.63999938964844,138.9499969482422,138.72999572753906,5604200.0,135.82139587402344
2019-05-10,139.25,136.41000366210938,138.42999267578125,139.0500030517578,4771600.0,136.1346893310547
2019-05-13,138.05999755859375,136.52999877929688,137.85000610351562,137.1999969482422,5560000.0,134.32347106933594
2019-05-14,137.83999633789062,136.72999572753906,137.0399932861328,136.82000732421875,7179400.0,133.95144653320312
2019-05-15,137.49000549316406,135.3300018310547,136.89999389648438,136.91000366210938,6429400.0,134.03956604003906
2019-05-16,139.19000244140625,136.97000122070312,137.38999938964844,138.2100067138672,6857200.0,135.3123016357422
2019-05-17,139.02999877929688,136.86000061035156,137.0,138.61000061035156,6915300.0,135.7039031982422
2019-05-20,138.9600067138672,137.67999267578125,138.61000061035156,138.4199981689453,4771100.0,135.5178985595703
2019-05-21,139.57000732421875,138.0800018310547,139.1199951171875,138.1199951171875,4859000.0,135.2241668701172
2019-05-22,138.9499969482422,137.49000549316406,138.35000610351562,138.75999450683594,5456800.0,135.8507537841797
2019-05-23,139.85000610351562,137.6699981689453,138.5,139.7899932861328,6951800.0,136.85916137695312
2019-05-24,139.5,138.55999755859375,139.5,138.85000610351562,5473300.0,136.86903381347656
2019-05-28,140.49000549316406,137.0500030517578,139.0,137.07000732421875,11919600.0,135.1144256591797
2019-05-29,135.88999938964844,128.52000427246094,135.88999938964844,131.3300018310547,23247400.0,129.45631408691406
2019-05-30,132.82000732421875,131.1699981689453,131.44000244140625,132.11000061035156,7360600.0,130.22518920898438
2019-05-31,132.0,129.61000061035156,131.52000427246094,131.14999389648438,7811000.0,129.2788848876953
2019-06-03,132.39999389648438,131.0399932861328,131.5,131.44000244140625,8434600.0,129.5647430419922
2019-06-04,134.3000030517578,132.5800018310547,132.60000610351562,133.72999572753906,6648900.0,131.8220672607422
2019-06-05,135.1300048828125,133.86000061035156,134.6999969482422,134.3800048828125,6860600.0,132.46279907226562
2019-06-06,137.66000366210938,134.58999633789062,134.89999389648438,136.67999267578125,9115800.0,134.72998046875
2019-06-07,139.58999633789062,137.13999938964844,137.58999633789062,138.5500030517578,6533900.0,136.5733184814453
2019-06-10,139.14999389648438,137.60000610351562,138.60000610351562,139.02000427246094,4994700.0,137.03662109375
2019-06-11,140.66000366210938,139.5,139.67999267578125,139.77999877929688,8230500.0,137.78575134277344
2019-06-12,142.91000366210938,140.3000030517578,140.3000030517578,141.67999267578125,9216500.0,139.6586456298828
2019-06-13,141.9499969482422,140.2100067138672,141.72000122070312,140.7100067138672,7500800.0,138.70249938964844
2019-06-14,141.49000549316406,140.0399932861328,141.22999572753906,140.08999633789062,6548100.0,138.09133911132812
2019-06-17,140.24000549316406,139.2100067138672,140.0,139.44000244140625,5562800.0,137.45062255859375
2019-06-18,140.92999267578125,139.7899932861328,140.55999755859375,140.22999572753906,7122700.0,138.22933959960938
2019-06-19,140.97000122070312,139.91000366210938,140.00999450683594,140.4499969482422,6393400.0,138.4462127685547
2019-06-20,142.39999389648438,141.0,141.25,142.2100067138672,7335800.0,140.1811065673828
2019-06-21,142.42999267578125,141.00999450683594,141.4600067138672,142.08999633789062,11272200.0,140.0627899169922
2019-06-24,143.6999969482422,142.08999633789062,142.4199981689453,143.05999755859375,5894700.0,141.01895141601562
2019-06-25,144.97999572753906,143.19000244140625,143.27000427246094,144.24000549316406,7517000.0,142.18212890625
2019-06-26,143.85000610351562,140.75999450683594,143.85000610351562,141.85000610351562,7674100.0,139.82623291015625
2019-06-27,142.5,140.60000610351562,142.22999572753906,140.69000244140625,5233500.0,138.6827850341797
2019-06-28,141.10000610351562,138.50999450683594,140.74000549316406,139.27999877929688,12792400.0,137.2928924560547
2019-07-01,140.25999450683594,138.72000122070312,140.1999969482422,139.36000061035156,5872300.0,137.3717498779297
2019-07-02,140.02999877929688,138.69000244140625,139.22000122070312,140.02999877929688,4501200.0,138.0321807861328
2019-07-03,142.17999267578125,140.7899932861328,141.0,142.13999938964844,3436300.0,140.11209106445312
2019-07-05,141.86000061035156,140.3699951171875,141.74000549316406,140.57000732421875,4652400.0,138.5644989013672
2019-07-08,141.0800018310547,139.63999938964844,140.1199951171875,140.97000122070312,4078100.0,138.9587860107422
2019-07-09,142.47000122070312,140.91000366210938,141.4600067138672,141.41000366210938,4217400.0,139.39251708984375
2019-07-10,141.99000549316406,140.6699981689453,141.77999877929688,141.2100067138672,4874400.0,139.1953582763672
2019-07-11,141.2100067138672,139.02000427246094,140.94000244140625,140.11000061035156,5817400.0,138.11105346679688
2019-07-12,140.1199951171875,132.32000732421875,140.1199951171875,134.3000030517578,17780100.0,132.38394165039062
2019-07-15,136.36000061035156,134.4499969482422,135.38999938964844,134.7100067138672,10038200.0,132.78810119628906
2019-07-16,133.8300018310547,131.75,132.92999267578125,132.5,10214500.0,130.60963439941406
2019-07-17,133.5800018310547,131.41000366210938,132.49000549316406,131.86000061035156,8862100.0,129.978759765625
2019-07-18,132.50999450683594,131.1699981689453,132.1300048828125,132.07000732421875,6203700.0,130.18576049804688
2019-07-19,132.38999938964844,130.19000244140625,132.25,130.30999755859375,8340200.0,128.45086669921875
2019-07-22,130.14999389648438,127.83999633789062,130.0,128.63999938964844,12624800.0,126.80469512939453
2019-07-23,129.4499969482422,128.16000366210938,128.61000061035156,128.83999633789062,5803600.0,127.00183868408203
2019-07-24,129.7899932861328,128.57000732421875,128.8800048828125,129.77999877929688,6838600.0,127.92842102050781
2019-07-25,131.52999877929688,129.6699981689453,130.05999755859375,131.1199951171875,8897800.0,129.24929809570312
2019-07-26,131.3000030517578,130.49000549316406,131.3000030517578,130.72999572753906,4894600.0,128.8648681640625
2019-07-29,133.30999755859375,130.2100067138672,131.0,133.02000427246094,7832000.0,131.12220764160156
2019-07-30,132.49000549316406,131.27000427246094,132.47000122070312,132.0800018310547,5509600.0,130.19561767578125
2019-07-31,132.0,130.17999267578125,131.63999938964844,130.22000122070312,8559200.0,128.36215209960938
2019-08-01,130.74000549316406,129.02000427246094,130.25999450683594,130.2899932861328,7870700.0,128.43115234375
2019-08-02,131.47000122070312,129.77000427246094,130.86000061035156,131.07000732421875,6271500.0,129.20004272460938
2019-08-05,131.4600067138672,129.00999450683594,130.91000366210938,130.16000366210938,9480000.0,128.30300903320312
2019-08-06,131.22000122070312,129.58999633789062,130.33999633789062,130.77000427246094,7880600.0,128.90431213378906
2019-08-07,130.91000366210938,128.19000244140625,129.36000061035156,130.2100067138672,6771700.0,128.35231018066406
2019-08-08,131.9499969482422,130.22999572753906,130.97999572753906,131.67999267578125,5260500.0,129.8013153076172
2019-08-09,132.75999450683594,131.22999572753906,131.8000030517578,132.0399932861328,4677300.0,130.15618896484375
2019-08-12,132.6999969482422,131.2899932861328,131.5,131.92999267578125,5567600.0,130.04774475097656
2019-08-13,134.10000610351562,132.0,132.3000030517578,133.4199981689453,5013200.0,131.51649475097656
2019-08-14,132.5399932861328,130.1300048828125,132.52999877929688,130.25999450683594,7736200.0,128.4015655517578
2019-08-15,131.07000732421875,129.25,130.1699981689453,130.5399932861328,7251200.0,128.67758178710938
2019-08-16,131.6699981689453,130.60000610351562,131.47000122070312,131.36000061035156,5858900.0,129.4858856201172
2019-08-19,132.57000732421875,131.82000732421875,132.5,132.25,4958000.0,130.36318969726562
2019-08-20,132.66000366210938,130.4600067138672,131.9600067138672,130.60000610351562,7302000.0,128.7367401123047
2019-08-21,132.41000366210938,130.85000610351562,131.6999969482422,131.52999877929688,6912800.0,129.65345764160156
2019-08-22,132.1300048828125,130.8000030517578,131.60000610351562,131.27000427246094,7213500.0,129.3971710205078
2019-08-23,131.25999450683594,127.12999725341797,131.07000732421875,127.7300033569336,15714000.0,125.90767669677734
2019-08-26,128.0800018310547,126.62999725341797,127.41999816894531,127.80000305175781,8889500.0,126.92066192626953
2019-08-27,132.39999389648438,129.10000610351562,129.8800048828125,129.63999938964844,20183800.0,128.7480010986328
2019-08-28,128.8699951171875,127.01000213623047,127.86000061035156,128.67999267578125,9878800.0,127.79460144042969
2019-08-29,129.1999969482422,126.83000183105469,128.83999633789062,128.24000549316406,6749900.0,127.3576431274414
2019-08-30,129.10000610351562,127.62000274658203,128.27000427246094,128.36000061035156,7371100.0,127.476806640625
2019-09-03,128.97999572753906,127.51000213623047,127.98999786376953,128.74000549316406,5710200.0,127.85420227050781
2019-09-04,129.58999633789062,128.0800018310547,129.49000549316406,128.86000061035156,4807200.0,127.9733657836914
2019-09-05,129.89999389648438,128.30999755859375,129.89999389648438,128.5800018310547,4754100.0,127.69529724121094
2019-09-06,129.22999572753906,128.07000732421875,128.8800048828125,128.2100067138672,6758300.0,127.32785034179688
2019-09-09,128.16000366210938,126.58999633789062,128.0,126.94999694824219,7684700.0,126.07650756835938
2019-09-10,129.5500030517578,126.33999633789062,127.33999633789062,129.5500030517578,8239500.0,128.65863037109375
2019-09-11,131.27999877929688,129.0800018310547,129.86000061035156,131.1699981689453,6203600.0,130.26747131347656
2019-09-12,131.77000427246094,130.05999755859375,131.36000061035156,130.42999267578125,5250000.0,129.53256225585938
2019-09-13,131.57000732421875,129.9600067138672,131.3300018310547,130.77999877929688,5369800.0,129.88015747070312
2019-09-16,130.75,129.3300018310547,130.11000061035156,129.5399932861328,5101700.0,128.648681640625
2019-09-17,130.5,129.11000061035156,129.60000610351562,129.6699981689453,4976400.0,128.7777862548828
2019-09-18,130.55999755859375,128.77999877929688,129.89999389648438,130.41000366210938,4373600.0,129.51271057128906
2019-09-19,131.19000244140625,129.36000061035156,129.6300048828125,130.11000061035156,4730100.0,129.2147674560547
2019-09-20,132.0,130.2899932861328,131.0,131.64999389648438,12053100.0,130.74417114257812
2019-09-23,132.0500030517578,130.49000549316406,131.02000427246094,131.74000549316406,5183700.0,130.83355712890625
2019-09-24,132.77999877929688,131.33999633789062,132.10000610351562,131.5500030517578,7102600.0,130.64486694335938
2019-09-25,131.57000732421875,130.22999572753906,131.5,130.99000549316406,4522900.0,130.08871459960938
2019-09-26,131.30999755859375,128.02999877929688,131.08999633789062,128.85000610351562,7545800.0,127.96343994140625
2019-09-27,129.39999389648438,126.69999694824219,128.61000061035156,128.60000610351562,6006500.0,127.71516418457031
2019-09-30,130.27999877929688,129.0,129.07000732421875,129.3800048828125,6552100.0,128.4897918701172
2019-10-01,130.8000030517578,129.77000427246094,130.02000427246094,129.99000549316406,7673000.0,129.09559631347656
2019-10-02,134.6999969482422,131.22000122070312,132.75999450683594,132.0,12051800.0,131.09176635742188
2019-10-03,132.3699951171875,130.00999450683594,131.63999938964844,131.19000244140625,6997600.0,130.28733825683594
2019-10-04,133.72000122070312,131.25,131.33999633789062,133.66000366210938,7233300.0,132.74034118652344
2019-10-07,133.82000732421875,132.13999938964844,133.08999633789062,133.16000366210938,5427200.0,132.24378967285156
2019-10-08,133.25999450683594,131.49000549316406,132.4499969482422,131.83999633789062,7870400.0,130.932861328125
2019-10-09,131.25,128.52000427246094,131.13999938964844,129.22000122070312,7787700.0,128.3308868408203
2019-10-10,130.1199951171875,128.6300048828125,128.9499969482422,129.05999755859375,5119700.0,128.1719970703125
2019-10-11,132.6199951171875,130.82000732421875,131.13999938964844,131.3300018310547,7161400.0,130.42637634277344
2019-10-14,131.36000061035156,130.4199981689453,131.36000061035156,130.72000122070312,5700000.0,129.82057189941406
2019-10-15,134.25,132.10000610351562,133.0,132.83999633789062,10008800.0,131.9259796142578
2019-10-16,136.58999633789062,133.8000030517578,134.89999389648438,135.1699981689453,12434200.0,134.2399444580078
2019-10-17,137.49000549316406,135.64999389648438,135.9600067138672,136.1699981689453,8434000.0,135.23306274414062
2019-10-18,134.38999938964844,127.69999694824219,133.30999755859375,127.69999694824219,25868700.0,126.82135009765625
2019-10-21,129.6699981689453,127.05999755859375,128.6699981689453,128.02000427246094,13823600.0,127.13915252685547
2019-10-22,130.5399932861328,128.08999633789062,128.75999450683594,129.1999969482422,7613700.0,128.31101989746094
2019-10-23,130.47999572753906,129.07000732421875,129.66000366210938,129.89999389648438,6693400.0,129.00621032714844
2019-10-24,130.5800018310547,126.0999984741211,130.4199981689453,127.5,12111600.0,126.62272644042969
2019-10-25,129.10000610351562,127.30999755859375,127.83000183105469,128.35000610351562,6947300.0,127.46688079833984
2019-10-28,130.0,128.50999450683594,128.6199951171875,129.17999267578125,7875900.0,128.29115295410156
2019-10-29,129.97000122070312,128.55999755859375,129.6999969482422,129.1199951171875,4506300.0,128.2315673828125
2019-10-30,133.52999877929688,131.72999572753906,133.3000030517578,132.83999633789062,9627600.0,131.9259796142578
2019-10-31,132.83999633789062,130.88999938964844,132.3800048828125,132.0399932861328,7686600.0,131.13148498535156
2019-11-01,133.0,131.13999938964844,132.0500030517578,131.1999969482422,5541800.0,130.29727172851562
2019-11-04,131.9499969482422,130.08999633789062,131.8000030517578,130.22999572753906,6140300.0,129.3339385986328
2019-11-05,131.47000122070312,129.67999267578125,130.52999877929688,130.4199981689453,6257300.0,129.5226287841797
2019-11-06,131.47999572753906,129.6999969482422,130.4199981689453,130.9600067138672,5450000.0,130.05892944335938
2019-11-07,132.3800048828125,131.00999450683594,131.72999572753906,131.42999267578125,5873700.0,130.5256805419922
2019-11-08,133.0399932861328,130.97000122070312,131.3000030517578,133.0,5003000.0,132.0848846435547
2019-11-11,132.52000427246094,131.3300018310547,132.27000427246094,131.97999572753906,4371400.0,131.0718994140625
2019-11-12,132.08999633789062,131.02000427246094,132.0,131.35000610351562,5228700.0,130.4462432861328
2019-11-13,131.49000549316406,130.72000122070312,131.0399932861328,131.27000427246094,5885400.0,130.36679077148438
2019-11-14,131.36000061035156,130.13999938964844,131.02999877929688,130.9600067138672,4217500.0,130.05892944335938
2019-11-15,134.97000122070312,130.77999877929688,131.25,134.94000244140625,10495100.0,134.01153564453125
2019-11-18,135.69000244140625,132.66000366210938,134.22000122070312,134.8300018310547,9291800.0,133.9022979736328
2019-11-19,135.19000244140625,134.2100067138672,135.0,134.82000732421875,5192200.0,133.89236450195312
2019-11-20,136.33999633789062,134.07000732421875,135.11000061035156,135.94000244140625,7594400.0,135.00465393066406
2019-11-21,136.85000610351562,135.0,135.94000244140625,136.44000244140625,6424900.0,135.501220703125
2019-11-22,138.6300048828125,136.5,136.64999389648438,138.07000732421875,9235800.0,137.12001037597656
2019-11-25,137.64999389648438,136.24000549316406,137.05999755859375,137.17999267578125,6111900.0,137.17999267578125
2019-11-26,137.33999633789062,135.14999389648438,136.47000122070312,137.1699981689453,10636500.0,137.1699981689453
2019-11-27,138.25,136.89999389648438,137.16000366210938,137.75,5523000.0,137.75
2019-11-29,138.27000427246094,136.94000244140625,137.60000610351562,137.49000549316406,3278900.0,137.49000549316406
2019-12-02,137.85000610351562,136.85000610351562,137.72000122070312,137.36000061035156,4717100.0,137.36000061035156
2019-12-03,137.4499969482422,136.16000366210938,136.91000366210938,137.16000366210938,5741400.0,137.16000366210938
2019-12-04,139.74000549316406,138.0399932861328,138.5,139.3800048828125,7257300.0,139.3800048828125
2019-12-05,139.75,137.9499969482422,139.35000610351562,139.55999755859375,5472900.0,139.55999755859375
2019-12-06,141.5800018310547,139.4600067138672,139.4600067138672,140.3800048828125,6640400.0,140.3800048828125
2019-12-09,140.80999755859375,140.05999755859375,140.38999938964844,140.5,4241000.0,140.5
2019-12-10,141.0,139.91000366210938,140.8000030517578,139.99000549316406,5310300.0,139.99000549316406
2019-12-11,141.97999572753906,140.6300048828125,140.92999267578125,140.97999572753906,6631500.0,140.97999572753906
2019-12-12,142.05999755859375,140.72999572753906,141.32000732421875,141.33999633789062,5012400.0,141.33999633789062
2019-12-13,141.8000030517578,140.30999755859375,141.10000610351562,141.3800048828125,4257200.0,141.3800048828125
2019-12-16,142.85000610351562,141.49000549316406,141.72999572753906,141.7899932861328,5353100.0,141.7899932861328
2019-12-17,144.0500030517578,142.52000427246094,143.0,143.55999755859375,10722400.0,143.55999755859375
2019-12-18,143.8800048828125,142.74000549316406,143.72000122070312,143.19000244140625,7849200.0,143.19000244140625
2019-12-19,145.8800048828125,143.61000061035156,143.88999938964844,145.35000610351562,9414700.0,145.35000610351562
2019-12-20,147.83999633789062,144.8000030517578,146.8800048828125,146.05999755859375,14532800.0,146.05999755859375
2019-12-23,146.75999450683594,145.33999633789062,145.74000549316406,146.44000244140625,6558700.0,146.44000244140625
2019-12-24,146.00999450683594,145.25999450683594,146.0,145.92999267578125,4238900.0,145.92999267578125
2019-12-26,146.17999267578125,145.16000366210938,145.97000122070312,145.8300018310547,3019300.0,145.8300018310547
2019-12-27,146.5500030517578,145.5399932861328,146.1999969482422,145.75,3432700.0,145.75
2019-12-30,146.1999969482422,145.02999877929688,145.77999877929688,145.3000030517578,2923300.0,145.3000030517578
2019-12-31,146.00999450683594,144.77999877929688,145.10000610351562,145.8699951171875,4435000.0,145.8699951171875
2020-01-02,146.02000427246094,145.0800018310547,145.8699951171875,145.97000122070312,5777000.0,145.97000122070312
2020-01-03,145.3699951171875,143.0,143.5,144.27999877929688,5752400.0,144.27999877929688
2020-01-06,144.1999969482422,142.85000610351562,144.0,144.10000610351562,7731300.0,144.10000610351562
2020-01-07,145.4499969482422,141.3800048828125,144.00999450683594,144.97999572753906,7382900.0,144.97999572753906
2020-01-08,145.97999572753906,143.6999969482422,144.8699951171875,144.9600067138672,6605800.0,144.9600067138672
2020-01-09,146.02999877929688,144.99000549316406,145.75999450683594,145.38999938964844,6112700.0,145.38999938964844
2020-01-10,146.17999267578125,144.89999389648438,145.75,145.05999755859375,5042600.0,145.05999755859375
2020-01-13,145.7899932861328,144.72000122070312,145.47999572753906,145.6999969482422,4593200.0,145.6999969482422
2020-01-14,146.61000061035156,144.72999572753906,145.0500030517578,146.52000427246094,7037500.0,146.52000427246094
2020-01-15,147.39999389648438,146.24000549316406,146.39999389648438,147.00999450683594,4960300.0,147.00999450683594
2020-01-16,148.83999633789062,146.1999969482422,147.4199981689453,148.1999969482422,6476000.0,148.1999969482422
2020-01-17,149.41000366210938,147.92999267578125,148.41000366210938,149.1699981689453,9083600.0,149.1699981689453
2020-01-21,150.1699981689453,148.5,148.5800018310547,149.27000427246094,9543900.0,149.27000427246094
2020-01-22,149.17999267578125,146.0,146.6999969482422,148.25,10305300.0,148.25
2020-01-23,148.77000427246094,146.75999450683594,148.0399932861328,148.52999877929688,8671900.0,148.52999877929688
2020-01-24,148.9499969482422,147.92999267578125,148.5800018310547,148.32000732421875,9051900.0,148.32000732421875
2020-01-27,149.4600067138672,147.0,147.52000427246094,148.75,7587100.0,148.75
2020-01-28,150.57000732421875,148.14999389648438,148.4600067138672,149.5,7336600.0,149.5
2020-01-29,151.19000244140625,149.1300048828125,149.4499969482422,150.5399932861328,6288600.0,150.5399932861328
2020-01-30,150.50999450683594,149.0500030517578,150.02999877929688,150.36000061035156,6470600.0,150.36000061035156
2020-01-31,150.0,148.63999938964844,149.75,148.8699951171875,8651700.0,148.8699951171875
