Date,High,Low,Open,Close,Volume,Adj Close
2017-02-03,41.790000915527344,41.459999084472656,41.58000183105469,41.540000915527344,11882400.0,37.65200424194336
2017-02-06,41.66999816894531,41.400001525878906,41.529998779296875,41.560001373291016,15742800.0,37.670127868652344
2017-02-07,41.97999954223633,41.66999816894531,41.70000076293945,41.900001525878906,13315200.0,37.97830581665039
2017-02-08,42.150001525878906,41.84000015258789,41.90999984741211,42.02000045776367,14219700.0,38.087074279785156
2017-02-09,42.02000045776367,40.720001220703125,42.02000045776367,41.25,27240300.0,37.38914489746094
2017-02-10,41.20000076293945,40.54999923706055,41.02000045776367,40.58000183105469,28847300.0,36.781864166259766
2017-02-13,40.83000183105469,40.5,40.77000045776367,40.619998931884766,23617100.0,36.818115234375
2017-02-14,40.599998474121094,40.220001220703125,40.380001068115234,40.529998779296875,32177800.0,36.73653793334961
2017-02-15,40.630001068115234,40.400001525878906,40.41999816894531,40.439998626708984,26600800.0,36.654964447021484
2017-02-16,41.279998779296875,40.5,40.54999923706055,41.20000076293945,22214800.0,37.343833923339844
2017-02-17,41.36000061035156,41.04999923706055,41.130001068115234,41.22999954223633,15065100.0,37.37102127075195
2017-02-21,41.5,41.20000076293945,41.20000076293945,41.459999084472656,17072600.0,37.579498291015625
2017-02-22,41.68000030517578,41.400001525878906,41.5099983215332,41.599998474121094,11186800.0,37.706382751464844
2017-02-23,42.0,41.619998931884766,41.66999816894531,41.65999984741211,12856800.0,37.76077651977539
2017-02-24,41.90999984741211,41.599998474121094,41.70000076293945,41.779998779296875,13215300.0,37.86954116821289
2017-02-27,41.75,41.59000015258789,41.75,41.66999816894531,12186400.0,37.76982879638672
2017-02-28,42.06999969482422,41.63999938964844,41.68000030517578,41.959999084472656,15946800.0,38.03269958496094
2017-03-01,42.349998474121094,41.880001068115234,42.0099983215332,42.15999984741211,14662000.0,38.21397399902344
2017-03-02,42.560001373291016,42.06999969482422,42.08000183105469,42.470001220703125,15507600.0,38.494964599609375
2017-03-03,42.4900016784668,42.25,42.470001220703125,42.47999954223633,11740000.0,38.504024505615234
2017-03-06,42.43000030517578,42.119998931884766,42.34000015258789,42.18000030517578,16307800.0,38.23210144042969
2017-03-07,42.2400016784668,41.95000076293945,42.0,41.9900016784668,11273700.0,38.05989074707031
2017-03-08,42.029998779296875,41.7400016784668,42.0,41.9900016784668,14636000.0,38.05989074707031
2017-03-09,42.11000061035156,41.91999816894531,42.09000015258789,42.029998779296875,14496400.0,38.09614562988281
2017-03-10,42.400001525878906,42.150001525878906,42.22999954223633,42.290000915527344,16369700.0,38.33180618286133
2017-03-13,42.119998931884766,41.84000015258789,41.91999816894531,42.029998779296875,12831500.0,38.43239212036133
2017-03-14,42.099998474121094,41.83000183105469,41.97999954223633,41.970001220703125,9844500.0,38.377532958984375
2017-03-15,42.279998779296875,41.970001220703125,41.97999954223633,42.119998931884766,22757800.0,38.514686584472656
2017-03-16,42.38999938964844,41.900001525878906,42.029998779296875,42.25,16004200.0,38.63356018066406
2017-03-17,42.349998474121094,42.0099983215332,42.279998779296875,42.029998779296875,37526500.0,38.43239212036133
2017-03-20,42.34000015258789,42.06999969482422,42.099998474121094,42.18000030517578,11484200.0,38.569549560546875
2017-03-21,42.630001068115234,42.209999084472656,42.310001373291016,42.5,17187300.0,38.86215591430664
2017-03-22,42.70000076293945,42.25,42.560001373291016,42.380001068115234,11605500.0,38.752437591552734
2017-03-23,42.38999938964844,42.060001373291016,42.209999084472656,42.16999816894531,11503300.0,38.5604133605957
2017-03-24,42.25,41.90999984741211,42.22999954223633,42.119998931884766,13804400.0,38.514686584472656
2017-03-27,42.34000015258789,42.04999923706055,42.11000061035156,42.31999969482422,12387400.0,38.697574615478516
2017-03-28,42.560001373291016,42.2400016784668,42.2400016784668,42.43000030517578,14123800.0,38.798152923583984
2017-03-29,42.529998779296875,42.290000915527344,42.5099983215332,42.41999816894531,9580100.0,38.789005279541016
2017-03-30,42.619998931884766,42.2599983215332,42.349998474121094,42.599998474121094,11999900.0,38.95359802246094
2017-03-31,42.650001525878906,42.43000030517578,42.54999923706055,42.439998626708984,11551800.0,38.80730438232422
2017-04-03,42.630001068115234,42.27000045776367,42.58000183105469,42.40999984741211,11240000.0,38.77986526489258
2017-04-04,42.689998626708984,42.369998931884766,42.5099983215332,42.68000030517578,10946200.0,39.02676010131836
2017-04-05,42.86000061035156,42.529998779296875,42.650001525878906,42.56999969482422,10142800.0,38.92617416381836
2017-04-06,42.7599983215332,42.470001220703125,42.58000183105469,42.66999816894531,14597800.0,39.01761245727539
2017-04-07,42.7400016784668,42.5099983215332,42.63999938964844,42.61000061035156,11028800.0,38.962745666503906
2017-04-10,42.79999923706055,42.560001373291016,42.72999954223633,42.689998626708984,9426900.0,39.0359001159668
2017-04-11,42.75,42.52000045776367,42.68000030517578,42.65999984741211,8909400.0,39.00846481323242
2017-04-12,42.9900016784668,42.5099983215332,42.540000915527344,42.939998626708984,13417200.0,39.26449966430664
2017-04-13,43.08000183105469,42.779998779296875,42.869998931884766,42.790000915527344,9891900.0,39.12734603881836
2017-04-17,43.06999969482422,42.779998779296875,42.790000915527344,43.06999969482422,11318100.0,39.38336944580078
2017-04-18,43.59000015258789,43.09000015258789,43.11000061035156,43.47999954223633,13181600.0,39.75828552246094
2017-04-19,43.790000915527344,43.189998626708984,43.7400016784668,43.22999954223633,13893100.0,39.5296745300293
2017-04-20,43.29999923706055,43.04999923706055,43.20000076293945,43.09000015258789,10838300.0,39.40166473388672
2017-04-21,43.099998474121094,42.88999938964844,42.97999954223633,43.06999969482422,13833800.0,39.38336944580078
2017-04-24,43.43000030517578,43.150001525878906,43.2400016784668,43.279998779296875,16703800.0,39.57539749145508
2017-04-25,43.43000030517578,42.81999969482422,42.849998474121094,43.11000061035156,18745100.0,39.41994857788086
2017-04-26,43.43000030517578,42.97999954223633,43.060001373291016,43.2400016784668,13626600.0,39.538818359375
2017-04-27,43.279998779296875,42.91999816894531,43.16999816894531,43.0099983215332,10386200.0,39.32851028442383
2017-04-28,43.20000076293945,42.849998474121094,42.959999084472656,43.150001525878906,10337800.0,39.45652770996094
2017-05-01,43.5,43.099998474121094,43.150001525878906,43.220001220703125,13208200.0,39.520530700683594
2017-05-02,43.439998626708984,43.15999984741211,43.220001220703125,43.38999938964844,11823900.0,39.675987243652344
2017-05-03,43.4900016784668,43.150001525878906,43.33000183105469,43.31999969482422,10389000.0,39.611976623535156
2017-05-04,43.810001373291016,43.400001525878906,43.41999816894531,43.65999984741211,10193100.0,39.92287063598633
2017-05-05,43.84000015258789,43.560001373291016,43.790000915527344,43.689998626708984,8133000.0,39.9503059387207
2017-05-08,43.90999984741211,43.540000915527344,43.59000015258789,43.88999938964844,14284300.0,40.13318634033203
2017-05-09,43.88999938964844,43.380001068115234,43.88999938964844,43.5099983215332,8694400.0,39.78570556640625
2017-05-10,43.619998931884766,43.36000061035156,43.47999954223633,43.56999969482422,7597700.0,39.84056854248047
2017-05-11,43.68000030517578,43.43000030517578,43.4900016784668,43.66999816894531,6860100.0,39.93201446533203
2017-05-12,43.68000030517578,43.459999084472656,43.63999938964844,43.59000015258789,7275800.0,39.85886001586914
2017-05-15,43.7599983215332,43.459999084472656,43.459999084472656,43.72999954223633,8493000.0,39.986881256103516
2017-05-16,44.11000061035156,43.77000045776367,43.869998931884766,43.849998474121094,10454100.0,40.09660339355469
2017-05-17,44.16999816894531,43.709999084472656,43.849998474121094,43.93000030517578,14538800.0,40.16976547241211
2017-05-18,43.959999084472656,43.63999938964844,43.869998931884766,43.79999923706055,13832200.0,40.050880432128906
2017-05-19,44.0,43.7599983215332,43.849998474121094,43.900001525878906,11796800.0,40.142330169677734
2017-05-22,44.220001220703125,43.810001373291016,43.88999938964844,44.18000030517578,12857900.0,40.39836120605469
2017-05-23,44.599998474121094,44.209999084472656,44.25,44.38999938964844,11996100.0,40.59038543701172
2017-05-24,45.09000015258789,44.5099983215332,44.5099983215332,45.029998779296875,12738300.0,41.17560577392578
2017-05-25,45.47999954223633,44.970001220703125,45.0,45.40999984741211,16704200.0,41.52307891845703
2017-05-26,45.560001373291016,45.33000183105469,45.349998474121094,45.38999938964844,11341400.0,41.50477981567383
2017-05-30,45.459999084472656,45.11000061035156,45.15999984741211,45.43000030517578,13093500.0,41.54136657714844
2017-05-31,45.70000076293945,45.369998931884766,45.43000030517578,45.470001220703125,14148000.0,41.57794189453125
2017-06-01,45.790000915527344,45.22999954223633,45.45000076293945,45.790000915527344,11049300.0,41.870548248291016
2017-06-02,45.88999938964844,45.61000061035156,45.83000183105469,45.88999938964844,9923700.0,41.961997985839844
2017-06-05,45.9900016784668,45.689998626708984,45.779998779296875,45.9900016784668,10015200.0,42.05343246459961
2017-06-06,46.060001373291016,45.779998779296875,45.900001525878906,45.97999954223633,9836700.0,42.044288635253906
2017-06-07,45.70000076293945,45.349998474121094,45.5,45.5099983215332,12776300.0,41.61451721191406
2017-06-08,45.5099983215332,45.029998779296875,45.5099983215332,45.130001068115234,12879000.0,41.26704788208008
2017-06-09,45.349998474121094,44.970001220703125,45.060001373291016,45.31999969482422,9358800.0,41.44078063964844
2017-06-12,45.47999954223633,45.20000076293945,45.31999969482422,45.33000183105469,11228500.0,41.44993209838867
2017-06-13,45.11000061035156,44.79999923706055,45.0,45.029998779296875,10023400.0,41.51445770263672
2017-06-14,45.470001220703125,45.15999984741211,45.18000030517578,45.29999923706055,11497500.0,41.76338195800781
2017-06-15,45.34000015258789,45.040000915527344,45.18000030517578,45.25,9908700.0,41.717288970947266
2017-06-16,45.349998474121094,45.0099983215332,45.310001373291016,45.310001373291016,27025300.0,41.772605895996094
2017-06-19,45.380001068115234,45.099998474121094,45.349998474121094,45.380001068115234,7624700.0,41.837135314941406
2017-06-20,45.869998931884766,45.31999969482422,45.349998474121094,45.61000061035156,14920900.0,42.04917526245117
2017-06-21,45.68000030517578,45.16999816894531,45.619998931884766,45.220001220703125,9515800.0,41.68963623046875
2017-06-22,45.279998779296875,45.029998779296875,45.16999816894531,45.06999969482422,7446300.0,41.551334381103516
2017-06-23,45.380001068115234,45.029998779296875,45.04999923706055,45.25,9544800.0,41.717288970947266
2017-06-26,45.5099983215332,45.29999923706055,45.31999969482422,45.43000030517578,7747100.0,41.88323211669922
2017-06-27,45.400001525878906,45.0,45.34000015258789,45.04999923706055,11432200.0,41.53290557861328
2017-06-28,45.5,45.22999954223633,45.25,45.31999969482422,9218800.0,41.78181457519531
2017-06-29,45.2400016784668,44.650001525878906,45.130001068115234,44.83000183105469,9283500.0,41.330078125
2017-06-30,45.119998931884766,44.849998474121094,44.88999938964844,44.849998474121094,9352800.0,41.348514556884766
2017-07-03,45.27000045776367,44.7599983215332,45.11000061035156,44.7599983215332,6434500.0,41.265541076660156
2017-07-05,44.9900016784668,44.72999954223633,44.790000915527344,44.81999969482422,6853600.0,41.32085418701172
2017-07-06,44.849998474121094,44.290000915527344,44.720001220703125,44.400001525878906,13113000.0,40.93364715576172
2017-07-07,44.52000045776367,44.2400016784668,44.470001220703125,44.38999938964844,9566000.0,40.9244270324707
2017-07-10,44.58000183105469,44.22999954223633,44.45000076293945,44.380001068115234,9672000.0,40.91521072387695
2017-07-11,44.47999954223633,44.150001525878906,44.31999969482422,44.33000183105469,10300700.0,40.86910629272461
2017-07-12,44.77000045776367,44.439998626708984,44.59000015258789,44.5099983215332,7737400.0,41.035057067871094
2017-07-13,44.529998779296875,44.369998931884766,44.4900016784668,44.43000030517578,6371900.0,40.961307525634766
2017-07-14,44.720001220703125,44.5,44.52000045776367,44.68000030517578,8558700.0,41.1917839050293
2017-07-17,44.790000915527344,44.61000061035156,44.65999984741211,44.72999954223633,7189200.0,41.23788070678711
2017-07-18,44.849998474121094,44.619998931884766,44.779998779296875,44.66999816894531,9037200.0,41.182559967041016
2017-07-19,44.84000015258789,44.54999923706055,44.66999816894531,44.83000183105469,6986900.0,41.330078125
2017-07-20,44.97999954223633,44.75,44.900001525878906,44.81999969482422,7430300.0,41.32085418701172
2017-07-21,45.06999969482422,44.66999816894531,44.779998779296875,45.029998779296875,8545600.0,41.51445770263672
2017-07-24,45.04999923706055,44.83000183105469,45.040000915527344,44.84000015258789,9103600.0,41.339298248291016
2017-07-25,45.290000915527344,44.939998626708984,45.02000045776367,45.2400016784668,14096300.0,41.70806884765625
2017-07-26,45.790000915527344,44.310001373291016,44.54999923706055,45.7400016784668,13608900.0,42.16903305053711
2017-07-27,46.43000030517578,45.70000076293945,45.79999923706055,46.119998931884766,15195200.0,42.51936340332031
2017-07-28,46.119998931884766,45.72999954223633,46.0,46.0099983215332,11945300.0,42.41794967651367
2017-07-31,46.08000183105469,45.790000915527344,46.0,45.84000015258789,13622900.0,42.261226654052734
2017-08-01,46.060001373291016,45.650001525878906,45.970001220703125,45.70000076293945,10306800.0,42.13215255737305
2017-08-02,46.0,45.380001068115234,45.599998474121094,45.59000015258789,10187900.0,42.03074264526367
2017-08-03,45.95000076293945,45.630001068115234,45.650001525878906,45.66999816894531,14261400.0,42.104496002197266
2017-08-04,45.7599983215332,45.470001220703125,45.66999816894531,45.5,9523600.0,41.94776916503906
2017-08-07,45.7599983215332,45.5,45.52000045776367,45.63999938964844,6226300.0,42.07683563232422
2017-08-08,45.81999969482422,45.54999923706055,45.63999938964844,45.599998474121094,5747900.0,42.03995132446289
2017-08-09,45.65999984741211,45.33000183105469,45.560001373291016,45.59000015258789,9635300.0,42.03074264526367
2017-08-10,45.84000015258789,45.459999084472656,45.560001373291016,45.7400016784668,8901600.0,42.16903305053711
2017-08-11,45.900001525878906,45.56999969482422,45.86000061035156,45.59000015258789,8357600.0,42.03074264526367
2017-08-14,45.939998626708984,45.619998931884766,45.66999816894531,45.79999923706055,8421200.0,42.22434616088867
2017-08-15,46.25,45.79999923706055,45.79999923706055,46.189998626708984,9638100.0,42.583892822265625
2017-08-16,46.34000015258789,46.119998931884766,46.150001525878906,46.20000076293945,8087300.0,42.593116760253906
2017-08-17,46.33000183105469,45.849998474121094,46.119998931884766,45.86000061035156,8477000.0,42.2796630859375
2017-08-18,45.900001525878906,45.630001068115234,45.79999923706055,45.66999816894531,10879800.0,42.104496002197266
2017-08-21,45.79999923706055,45.560001373291016,45.66999816894531,45.68000030517578,9429700.0,42.113712310791016
2017-08-22,45.75,45.540000915527344,45.70000076293945,45.599998474121094,10536700.0,42.03995132446289
2017-08-23,45.65999984741211,45.439998626708984,45.630001068115234,45.540000915527344,6528400.0,41.984649658203125
2017-08-24,45.61000061035156,45.310001373291016,45.540000915527344,45.40999984741211,7534400.0,41.86479187011719
2017-08-25,45.7599983215332,45.560001373291016,45.599998474121094,45.56999969482422,8807100.0,42.01230239868164
2017-08-28,45.689998626708984,45.380001068115234,45.630001068115234,45.41999816894531,8024000.0,41.8740119934082
2017-08-29,45.56999969482422,45.25,45.400001525878906,45.45000076293945,7762200.0,41.90167236328125
2017-08-30,45.540000915527344,45.290000915527344,45.36000061035156,45.38999938964844,7134900.0,41.84635543823242
2017-08-31,45.650001525878906,45.34000015258789,45.400001525878906,45.54999923706055,14264600.0,41.99386978149414
2017-09-01,45.79999923706055,45.540000915527344,45.63999938964844,45.779998779296875,7391200.0,42.20589828491211
2017-09-05,45.93000030517578,45.650001525878906,45.75,45.91999816894531,9916700.0,42.3349723815918
2017-09-06,46.040000915527344,45.790000915527344,45.97999954223633,45.959999084472656,9238900.0,42.37185287475586
2017-09-07,46.31999969482422,45.959999084472656,46.0099983215332,46.279998779296875,9418400.0,42.6668701171875
2017-09-08,46.369998931884766,46.02000045776367,46.189998626708984,46.29999923706055,10534900.0,42.68531036376953
2017-09-11,46.59000015258789,46.220001220703125,46.349998474121094,46.52000045776367,10430300.0,42.88813781738281
2017-09-12,46.75,46.45000076293945,46.5,46.720001220703125,8567600.0,43.07251739501953
2017-09-13,46.97999954223633,46.650001525878906,46.68000030517578,46.869998931884766,10218000.0,43.2108154296875
2017-09-14,46.470001220703125,45.939998626708984,46.400001525878906,46.11000061035156,13768800.0,42.8484001159668
2017-09-15,46.36000061035156,46.0,46.29999923706055,46.18000030517578,16141400.0,42.913448333740234
2017-09-18,46.2400016784668,45.90999984741211,46.150001525878906,46.11000061035156,8535300.0,42.8484001159668
2017-09-19,46.189998626708984,45.88999938964844,46.13999938964844,45.97999954223633,7297900.0,42.72759246826172
2017-09-20,46.150001525878906,45.54999923706055,45.7599983215332,45.779998779296875,11026600.0,42.54173278808594
2017-09-21,45.790000915527344,45.36000061035156,45.709999084472656,45.400001525878906,7555300.0,42.18861770629883
2017-09-22,45.630001068115234,45.369998931884766,45.45000076293945,45.4900016784668,8024800.0,42.272254943847656
2017-09-25,45.7599983215332,45.349998474121094,45.5,45.689998626708984,9215300.0,42.458099365234375
2017-09-26,45.869998931884766,45.560001373291016,45.689998626708984,45.56999969482422,6480100.0,42.346588134765625
2017-09-27,45.5,44.380001068115234,45.470001220703125,44.63999938964844,14816200.0,41.48237609863281
2017-09-28,45.0,44.650001525878906,44.66999816894531,44.90999984741211,8789500.0,41.733280181884766
2017-09-29,45.11000061035156,44.790000915527344,44.86000061035156,45.0099983215332,10082200.0,41.826202392578125
2017-10-02,45.27000045776367,44.75,45.04999923706055,44.79999923706055,10707800.0,41.631065368652344
2017-10-03,45.2599983215332,44.7599983215332,44.86000061035156,45.189998626708984,12038100.0,41.99346923828125
2017-10-04,45.560001373291016,44.939998626708984,45.11000061035156,45.5,14060300.0,42.28154373168945
2017-10-05,45.75,45.5,45.5099983215332,45.52000045776367,10215300.0,42.30012512207031
2017-10-06,45.52000045776367,45.279998779296875,45.38999938964844,45.4900016784668,5437900.0,42.272254943847656
2017-10-09,45.650001525878906,45.34000015258789,45.54999923706055,45.40999984741211,5268300.0,42.19790267944336
2017-10-10,45.900001525878906,45.529998779296875,45.599998474121094,45.869998931884766,6310400.0,42.62537384033203
2017-10-11,46.099998474121094,45.869998931884766,45.880001068115234,46.099998474121094,6638200.0,42.8390998840332
2017-10-12,46.13999938964844,45.939998626708984,45.97999954223633,46.11000061035156,7710200.0,42.8484001159668
2017-10-13,46.380001068115234,46.150001525878906,46.25,46.18000030517578,7126000.0,42.913448333740234
2017-10-16,46.75,46.099998474121094,46.119998931884766,46.619998931884766,12708600.0,43.32231903076172
2017-10-17,46.630001068115234,46.310001373291016,46.529998779296875,46.52000045776367,7699400.0,43.229393005371094
2017-10-18,46.540000915527344,46.2400016784668,46.40999984741211,46.400001525878906,6272200.0,43.11787796020508
2017-10-19,46.790000915527344,46.31999969482422,46.369998931884766,46.59000015258789,7515500.0,43.29444122314453
2017-10-20,46.59000015258789,46.279998779296875,46.58000183105469,46.380001068115234,9646800.0,43.099300384521484
2017-10-23,46.650001525878906,46.22999954223633,46.380001068115234,46.31999969482422,7153600.0,43.04354476928711
2017-10-24,46.290000915527344,45.95000076293945,46.2599983215332,46.18000030517578,9539500.0,42.913448333740234
2017-10-25,46.7599983215332,45.93000030517578,46.369998931884766,46.04999923706055,11994200.0,42.79264450073242
2017-10-26,46.75,46.220001220703125,46.31999969482422,46.22999954223633,10569100.0,42.95990753173828
2017-10-27,46.33000183105469,45.90999984741211,46.130001068115234,46.06999969482422,9988000.0,42.81122589111328
2017-10-30,46.06999969482422,45.81999969482422,46.0,45.86000061035156,7201900.0,42.61608123779297
2017-10-31,46.16999816894531,45.84000015258789,45.91999816894531,45.97999954223633,6560500.0,42.72759246826172
2017-11-01,46.09000015258789,45.630001068115234,45.75,45.79999923706055,7067600.0,42.56032180786133
2017-11-02,45.95000076293945,45.75,45.810001373291016,45.880001068115234,8317800.0,42.634666442871094
2017-11-03,46.15999984741211,45.91999816894531,45.970001220703125,45.970001220703125,4730400.0,42.718299865722656
2017-11-06,45.91999816894531,45.41999816894531,45.90999984741211,45.470001220703125,7451300.0,42.25366973876953
2017-11-07,45.95000076293945,45.310001373291016,45.40999984741211,45.939998626708984,9868000.0,42.6904182434082
2017-11-08,46.189998626708984,45.869998931884766,45.97999954223633,46.18000030517578,7586900.0,42.913448333740234
2017-11-09,46.38999938964844,46.02000045776367,46.119998931884766,46.22999954223633,6532400.0,42.95990753173828
2017-11-10,46.63999938964844,46.13999938964844,46.20000076293945,46.540000915527344,8022900.0,43.247982025146484
2017-11-13,46.81999969482422,46.540000915527344,46.599998474121094,46.720001220703125,7653600.0,43.41524887084961
2017-11-14,47.47999954223633,46.619998931884766,46.709999084472656,47.43000030517578,17200700.0,44.07502746582031
2017-11-15,47.459999084472656,46.779998779296875,47.31999969482422,46.810001373291016,12419100.0,43.49888229370117
2017-11-16,46.97999954223633,46.5099983215332,46.95000076293945,46.54999923706055,12506400.0,43.25727081298828
2017-11-17,46.380001068115234,45.25,46.34000015258789,45.709999084472656,19720700.0,42.47669219970703
2017-11-20,45.880001068115234,45.41999816894531,45.650001525878906,45.459999084472656,19160900.0,42.2443733215332
2017-11-21,45.95000076293945,45.540000915527344,45.560001373291016,45.779998779296875,10280800.0,42.54173278808594
2017-11-22,45.93000030517578,45.540000915527344,45.88999938964844,45.84000015258789,8434400.0,42.597496032714844
2017-11-24,46.04999923706055,45.86000061035156,45.88999938964844,45.880001068115234,2996300.0,42.634666442871094
2017-11-27,45.9900016784668,45.810001373291016,45.880001068115234,45.900001525878906,5649200.0,42.65324783325195
2017-11-28,46.150001525878906,45.779998779296875,45.9900016784668,45.83000183105469,8432800.0,42.58820724487305
2017-11-29,45.81999969482422,45.209999084472656,45.77000045776367,45.5,16502100.0,42.28154373168945
2017-11-30,45.84000015258789,45.029998779296875,45.13999938964844,45.77000045776367,17147600.0,42.88115310668945
2017-12-01,46.02000045776367,45.209999084472656,45.79999923706055,45.970001220703125,12468800.0,43.06852722167969
2017-12-04,46.380001068115234,45.77000045776367,45.9900016784668,46.22999954223633,17523600.0,43.31211471557617
2017-12-05,46.439998626708984,46.060001373291016,46.25,46.2599983215332,13670800.0,43.3402214050293
2017-12-06,46.47999954223633,46.2599983215332,46.36000061035156,46.45000076293945,8154000.0,43.51823043823242
2017-12-07,46.31999969482422,45.720001220703125,46.290000915527344,45.779998779296875,9106500.0,42.8905143737793
2017-12-08,45.72999954223633,45.04999923706055,45.70000076293945,45.310001373291016,13238600.0,42.4501838684082
2017-12-11,45.40999984741211,44.91999816894531,45.310001373291016,45.33000183105469,9698700.0,42.46892547607422
2017-12-12,45.52000045776367,45.060001373291016,45.25,45.290000915527344,13999300.0,42.43144607543945
2017-12-13,46.04999923706055,45.400001525878906,45.45000076293945,45.900001525878906,12418700.0,43.00294494628906
2017-12-14,46.16999816894531,45.79999923706055,45.810001373291016,46.029998779296875,9029000.0,43.12473678588867
2017-12-15,46.41999816894531,46.040000915527344,46.290000915527344,46.189998626708984,21181600.0,43.27463912963867
2017-12-18,46.380001068115234,45.90999984741211,46.20000076293945,45.93000030517578,10156800.0,43.03105163574219
2017-12-19,46.380001068115234,45.90999984741211,46.040000915527344,46.130001068115234,8253200.0,43.21842575073242
2017-12-20,46.29999923706055,45.959999084472656,46.209999084472656,46.08000183105469,7311000.0,43.17158889770508
2017-12-21,46.220001220703125,45.560001373291016,46.13999938964844,45.599998474121094,9657100.0,42.72187805175781
2017-12-22,45.72999954223633,45.54999923706055,45.689998626708984,45.59000015258789,5406300.0,42.71250915527344
2017-12-26,45.86000061035156,45.61000061035156,45.70000076293945,45.810001373291016,6100400.0,42.91862869262695
2017-12-27,45.939998626708984,45.720001220703125,45.900001525878906,45.93000030517578,5660600.0,43.03105163574219
2017-12-28,45.9900016784668,45.63999938964844,45.90999984741211,45.720001220703125,6538900.0,42.83430862426758
2017-12-29,46.18000030517578,45.689998626708984,45.70000076293945,45.880001068115234,8371500.0,42.98420715332031
2018-01-02,45.939998626708984,45.5099983215332,45.90999984741211,45.540000915527344,10872200.0,42.66566848754883
2018-01-03,45.689998626708984,45.34000015258789,45.4900016784668,45.439998626708984,12635600.0,42.57197952270508
2018-01-04,46.220001220703125,45.45000076293945,45.560001373291016,46.08000183105469,12709400.0,43.17158889770508
2018-01-05,46.20000076293945,45.790000915527344,46.02000045776367,46.06999969482422,13113100.0,43.16221237182617
2018-01-08,46.099998474121094,45.880001068115234,45.95000076293945,46.0,7068600.0,43.09663391113281
2018-01-09,46.36000061035156,45.939998626708984,46.0,46.22999954223633,9962400.0,43.31211471557617
2018-01-10,46.2599983215332,45.93000030517578,46.22999954223633,46.06999969482422,10700700.0,43.16221237182617
2018-01-11,46.22999954223633,45.86000061035156,46.22999954223633,46.040000915527344,7583200.0,43.13410949707031
2018-01-12,46.38999938964844,46.029998779296875,46.279998779296875,46.150001525878906,14570100.0,43.23716354370117
2018-01-16,46.619998931884766,46.13999938964844,46.150001525878906,46.529998779296875,16459300.0,43.59318542480469
2018-01-17,47.0,46.54999923706055,46.58000183105469,46.81999969482422,12143100.0,43.86487579345703
2018-01-18,47.06999969482422,46.61000061035156,46.75,46.880001068115234,11952900.0,43.921085357666016
2018-01-19,47.25,46.869998931884766,46.9900016784668,47.15999984741211,16187400.0,44.18341827392578
2018-01-22,47.5,47.09000015258789,47.13999938964844,47.380001068115234,9577400.0,44.38953399658203
2018-01-23,47.70000076293945,47.130001068115234,47.209999084472656,47.45000076293945,11463700.0,44.455116271972656
2018-01-24,47.95000076293945,47.47999954223633,47.529998779296875,47.83000183105469,15964500.0,44.81113052368164
2018-01-25,48.0,47.70000076293945,47.70000076293945,47.84000015258789,11755000.0,44.820499420166016
2018-01-26,48.619998931884766,47.7400016784668,47.779998779296875,48.529998779296875,16671200.0,45.46694564819336
2018-01-29,48.459999084472656,47.58000183105469,48.209999084472656,47.70000076293945,11662600.0,44.6893310546875
2018-01-30,48.15999984741211,47.400001525878906,47.72999954223633,47.40999984741211,12404800.0,44.41763687133789
2018-01-31,47.900001525878906,47.369998931884766,47.45000076293945,47.59000015258789,10960100.0,44.58627700805664
2018-02-01,47.72999954223633,47.11000061035156,47.40999984741211,47.45000076293945,10279400.0,44.455116271972656
2018-02-02,47.40999984741211,46.630001068115234,47.349998474121094,46.72999954223633,12912300.0,43.780555725097656
2018-02-05,46.91999816894531,44.40999984741211,46.650001525878906,44.88999938964844,23261500.0,42.05669021606445
2018-02-06,44.7400016784668,43.439998626708984,43.869998931884766,44.66999816894531,25184300.0,41.850582122802734
2018-02-07,45.5,44.279998779296875,44.58000183105469,44.560001373291016,18041600.0,41.74751663208008
2018-02-08,44.619998931884766,43.06999969482422,44.619998931884766,43.099998474121094,23295300.0,40.379676818847656
2018-02-09,43.459999084472656,42.189998626708984,43.36000061035156,43.130001068115234,22853100.0,40.40777587890625
2018-02-12,44.22999954223633,43.369998931884766,43.560001373291016,43.970001220703125,14689000.0,41.194759368896484
2018-02-13,44.40999984741211,43.689998626708984,43.91999816894531,44.189998626708984,13163200.0,41.40087127685547
2018-02-14,44.189998626708984,43.630001068115234,44.02000045776367,44.099998474121094,13457900.0,41.316551208496094
2018-02-15,44.83000183105469,44.119998931884766,44.25,44.779998779296875,13467300.0,41.953636169433594
2018-02-16,45.63999938964844,44.720001220703125,45.56999969482422,44.97999954223633,17202300.0,42.14101028442383
2018-02-20,44.83000183105469,43.939998626708984,44.75,43.9900016784668,14137300.0,41.213504791259766
2018-02-21,44.2599983215332,43.33000183105469,44.11000061035156,43.34000015258789,12792900.0,40.604522705078125
2018-02-22,43.81999969482422,43.220001220703125,43.43000030517578,43.52000045776367,12377800.0,40.773162841796875
2018-02-23,44.060001373291016,43.41999816894531,43.58000183105469,44.040000915527344,8277200.0,41.26034164428711
2018-02-26,44.38999938964844,43.810001373291016,44.22999954223633,44.029998779296875,12713300.0,41.25096893310547
2018-02-27,44.310001373291016,43.619998931884766,44.150001525878906,43.619998931884766,12774400.0,40.86684799194336
2018-02-28,43.90999984741211,43.220001220703125,43.83000183105469,43.220001220703125,11929400.0,40.49209976196289
2018-03-01,43.63999938964844,42.81999969482422,43.099998474121094,43.43000030517578,17746800.0,40.6888427734375
2018-03-02,43.79999923706055,43.2400016784668,43.25,43.720001220703125,14050100.0,40.960540771484375
2018-03-05,43.939998626708984,43.5,43.56999969482422,43.88999938964844,11992700.0,41.119808197021484
2018-03-06,44.04999923706055,43.59000015258789,43.95000076293945,43.93000030517578,10010500.0,41.157283782958984
2018-03-07,43.91999816894531,43.470001220703125,43.59000015258789,43.81999969482422,10881700.0,41.05422592163086
2018-03-08,44.459999084472656,43.79999923706055,43.900001525878906,44.45000076293945,12361100.0,41.64446258544922
2018-03-09,44.81999969482422,44.38999938964844,44.56999969482422,44.81999969482422,9778600.0,41.99110794067383
2018-03-12,45.09000015258789,44.33000183105469,44.95000076293945,44.529998779296875,11857700.0,41.71941375732422
2018-03-13,44.83000183105469,44.400001525878906,44.66999816894531,44.56999969482422,11342100.0,41.75688934326172
2018-03-14,44.43000030517578,43.72999954223633,44.380001068115234,43.779998779296875,15321200.0,41.378822326660156
2018-03-15,44.0,43.54999923706055,43.880001068115234,43.66999816894531,12456700.0,41.27485656738281
2018-03-16,44.02000045776367,43.45000076293945,43.70000076293945,43.459999084472656,26603300.0,41.076377868652344
2018-03-19,43.709999084472656,43.18000030517578,43.459999084472656,43.2599983215332,12380300.0,40.88734436035156
2018-03-20,43.47999954223633,43.0099983215332,43.31999969482422,43.15999984741211,13559800.0,40.7928352355957
2018-03-21,43.45000076293945,42.790000915527344,43.130001068115234,43.0,13054000.0,40.641605377197266
2018-03-22,43.369998931884766,42.70000076293945,42.880001068115234,42.7599983215332,12274100.0,40.41476058959961
2018-03-23,43.15999984741211,42.290000915527344,42.81999969482422,42.33000183105469,13475200.0,40.00835418701172
2018-03-26,42.810001373291016,42.25,42.61000061035156,42.689998626708984,11276100.0,40.34860610961914
2018-03-27,43.310001373291016,42.529998779296875,42.70000076293945,42.88999938964844,11627000.0,40.53764343261719
2018-03-28,43.70000076293945,43.0,43.0,43.31999969482422,16277400.0,40.94405746459961
2018-03-29,43.91999816894531,43.290000915527344,43.540000915527344,43.43000030517578,10450500.0,41.04801940917969
2018-04-02,43.5,42.470001220703125,43.439998626708984,42.66999816894531,14207900.0,40.32970428466797
2018-04-03,43.540000915527344,42.84000015258789,42.97999954223633,43.380001068115234,15484600.0,41.00076675415039
2018-04-04,44.400001525878906,43.11000061035156,43.13999938964844,44.2400016784668,13563300.0,41.8135986328125
2018-04-05,44.61000061035156,43.939998626708984,44.279998779296875,44.400001525878906,11707800.0,41.964820861816406
2018-04-06,44.52000045776367,43.709999084472656,44.279998779296875,43.91999816894531,11495100.0,41.511146545410156
2018-04-09,44.310001373291016,43.779998779296875,44.029998779296875,43.83000183105469,11913400.0,41.42608642578125
2018-04-10,44.18000030517578,43.720001220703125,44.06999969482422,43.9900016784668,10379500.0,41.57731246948242
2018-04-11,44.13999938964844,43.7599983215332,43.810001373291016,43.9900016784668,8424300.0,41.57731246948242
2018-04-12,44.40999984741211,43.95000076293945,44.08000183105469,44.029998779296875,8476400.0,41.615108489990234
2018-04-13,44.689998626708984,44.13999938964844,44.189998626708984,44.5099983215332,10774200.0,42.068790435791016
2018-04-16,44.88999938964844,44.400001525878906,44.650001525878906,44.68000030517578,8962100.0,42.229469299316406
2018-04-17,45.029998779296875,44.650001525878906,44.95000076293945,44.880001068115234,8406400.0,42.41849899291992
2018-04-18,44.970001220703125,44.33000183105469,44.900001525878906,44.5099983215332,7429000.0,42.068790435791016
2018-04-19,44.470001220703125,44.02000045776367,44.34000015258789,44.310001373291016,10370400.0,41.8797607421875
2018-04-20,44.40999984741211,43.58000183105469,44.310001373291016,43.7400016784668,14690700.0,41.34102249145508
2018-04-23,43.9900016784668,43.560001373291016,43.7400016784668,43.97999954223633,11878500.0,41.5678596496582
2018-04-24,44.099998474121094,42.72999954223633,43.97999954223633,43.06999969482422,18523900.0,40.707767486572266
2018-04-25,42.88999938964844,41.90999984741211,42.7400016784668,42.43000030517578,20774700.0,40.102874755859375
2018-04-26,43.099998474121094,42.2599983215332,42.400001525878906,42.75,13561000.0,40.40532302856445
2018-04-27,43.34000015258789,42.709999084472656,42.72999954223633,43.310001373291016,9777900.0,40.934608459472656
2018-04-30,43.689998626708984,42.970001220703125,43.5,43.209999084472656,16037700.0,40.840091705322266
2018-05-01,42.9900016784668,42.18000030517578,42.959999084472656,42.59000015258789,11514200.0,40.25409698486328
2018-05-02,42.59000015258789,41.939998626708984,42.400001525878906,42.060001373291016,13736400.0,39.7531623840332
2018-05-03,42.400001525878906,41.52000045776367,42.220001220703125,41.88999938964844,18352200.0,39.59248733520508
2018-05-04,42.5,41.77000045776367,41.790000915527344,42.36000061035156,10946200.0,40.03671646118164
2018-05-07,42.4900016784668,41.959999084472656,42.34000015258789,42.13999938964844,9336000.0,39.828773498535156
2018-05-08,42.09000015258789,41.689998626708984,41.970001220703125,41.810001373291016,15062200.0,39.516876220703125
2018-05-09,42.22999954223633,41.66999816894531,41.970001220703125,41.779998779296875,9295200.0,39.488521575927734
2018-05-10,42.36000061035156,41.939998626708984,41.9900016784668,42.18000030517578,7924200.0,39.86658477783203
2018-05-11,42.470001220703125,42.040000915527344,42.2400016784668,42.13999938964844,6331900.0,39.828773498535156
2018-05-14,42.31999969482422,41.900001525878906,42.25,42.040000915527344,10715500.0,39.7342643737793
2018-05-15,41.91999816894531,41.45000076293945,41.779998779296875,41.720001220703125,16449700.0,39.43180847167969
2018-05-16,41.939998626708984,41.540000915527344,41.7400016784668,41.54999923706055,11590500.0,39.27113723754883
2018-05-17,42.349998474121094,41.869998931884766,42.0099983215332,42.29999923706055,14857400.0,39.97999572753906
2018-05-18,42.380001068115234,42.08000183105469,42.29999923706055,42.18000030517578,11950200.0,39.86658477783203
2018-05-21,42.52000045776367,42.27000045776367,42.310001373291016,42.40999984741211,9110200.0,40.08396530151367
2018-05-22,42.599998474121094,42.209999084472656,42.5,42.25,8222900.0,39.9327392578125
2018-05-23,42.45000076293945,41.93000030517578,42.25,42.400001525878906,8971400.0,40.07451629638672
2018-05-24,42.470001220703125,42.189998626708984,42.400001525878906,42.31999969482422,9269600.0,39.9989013671875
2018-05-25,42.58000183105469,42.20000076293945,42.34000015258789,42.400001525878906,8806500.0,40.07451629638672
2018-05-29,42.849998474121094,42.099998474121094,42.119998931884766,42.68000030517578,14826900.0,40.33915710449219
2018-05-30,43.279998779296875,42.70000076293945,42.77000045776367,43.130001068115234,10114200.0,40.76447296142578
2018-05-31,43.209999084472656,42.68000030517578,43.20000076293945,43.0,15571300.0,40.641605377197266
2018-06-01,43.31999969482422,43.040000915527344,43.099998474121094,43.119998931884766,10664700.0,40.755027770996094
2018-06-04,43.59000015258789,43.290000915527344,43.36000061035156,43.4900016784668,11727600.0,41.104732513427734
2018-06-05,43.540000915527344,43.099998474121094,43.5,43.11000061035156,9975900.0,40.74557113647461
2018-06-06,43.459999084472656,43.040000915527344,43.060001373291016,43.459999084472656,9202900.0,41.076377868652344
2018-06-07,43.72999954223633,43.33000183105469,43.33000183105469,43.439998626708984,11948100.0,41.05747604370117
2018-06-08,44.0,43.560001373291016,43.56999969482422,43.95000076293945,12078800.0,41.53950500488281
2018-06-11,44.25,43.88999938964844,43.95000076293945,44.130001068115234,7526100.0,41.70962905883789
2018-06-12,44.41999816894531,44.08000183105469,44.130001068115234,44.40999984741211,8243300.0,41.974273681640625
2018-06-13,44.52000045776367,44.150001525878906,44.349998474121094,44.18000030517578,16745000.0,41.75688934326172
2018-06-14,43.849998474121094,43.52000045776367,43.75,43.58000183105469,12696200.0,41.556640625
2018-06-15,44.150001525878906,43.45000076293945,43.560001373291016,44.119998931884766,21562500.0,42.07156753540039
2018-06-18,43.959999084472656,43.400001525878906,43.880001068115234,43.54999923706055,12161900.0,41.52803421020508
2018-06-19,43.75,43.20000076293945,43.29999923706055,43.599998474121094,12936400.0,41.57571029663086
2018-06-20,43.779998779296875,43.22999954223633,43.619998931884766,43.2599983215332,10893700.0,41.25149154663086
2018-06-21,43.29999923706055,42.959999084472656,43.27000045776367,43.09000015258789,10465200.0,41.089393615722656
2018-06-22,43.40999984741211,43.08000183105469,43.150001525878906,43.25,14924400.0,41.24195861816406
2018-06-25,43.75,43.15999984741211,43.15999984741211,43.58000183105469,12092400.0,41.556640625
2018-06-26,43.84000015258789,43.279998779296875,43.560001373291016,43.33000183105469,13974700.0,41.31824493408203
2018-06-27,43.61000061035156,42.9900016784668,43.33000183105469,43.06999969482422,15332600.0,41.070316314697266
2018-06-28,43.68000030517578,43.16999816894531,43.2400016784668,43.470001220703125,12668900.0,41.45174789428711
2018-06-29,44.099998474121094,43.310001373291016,43.56999969482422,43.86000061035156,11485600.0,41.823638916015625
2018-07-02,44.15999984741211,43.58000183105469,43.779998779296875,43.75,9232500.0,41.71874237060547
2018-07-03,44.33000183105469,43.9900016784668,44.060001373291016,43.9900016784668,8214300.0,41.94760513305664
2018-07-05,44.66999816894531,44.130001068115234,44.15999984741211,44.65999984741211,11653000.0,42.586490631103516
2018-07-06,44.939998626708984,44.58000183105469,44.66999816894531,44.63999938964844,8733900.0,42.56742858886719
2018-07-09,44.72999954223633,44.34000015258789,44.540000915527344,44.400001525878906,7373100.0,42.338565826416016
2018-07-10,45.0,44.5,44.5099983215332,44.970001220703125,10606100.0,42.882102966308594
2018-07-11,45.0,44.63999938964844,44.9900016784668,44.790000915527344,7715600.0,42.71045684814453
2018-07-12,44.959999084472656,44.4900016784668,44.83000183105469,44.66999816894531,6331600.0,42.596031188964844
2018-07-13,44.779998779296875,44.470001220703125,44.70000076293945,44.7400016784668,5585900.0,42.66278076171875
2018-07-16,44.79999923706055,44.529998779296875,44.72999954223633,44.72999954223633,5831400.0,42.65324401855469
2018-07-17,45.38999938964844,44.68000030517578,44.75,45.25,11592200.0,43.149105072021484
2018-07-18,45.290000915527344,44.84000015258789,45.189998626708984,45.119998931884766,7351600.0,43.02513885498047
2018-07-19,45.43000030517578,44.91999816894531,44.9900016784668,45.11000061035156,10097500.0,43.015602111816406
2018-07-20,45.279998779296875,44.900001525878906,45.02000045776367,45.279998779296875,8588400.0,43.17770767211914
2018-07-23,45.36000061035156,44.77000045776367,45.279998779296875,44.95000076293945,9055700.0,42.86302947998047
2018-07-24,45.27000045776367,44.61000061035156,44.779998779296875,45.2599983215332,13786100.0,43.158634185791016
2018-07-25,46.58000183105469,45.75,46.0,46.09000015258789,21330600.0,43.950103759765625
2018-07-26,46.59000015258789,46.20000076293945,46.36000061035156,46.2400016784668,12673100.0,44.0931396484375
2018-07-27,46.5,46.060001373291016,46.31999969482422,46.209999084472656,10516900.0,44.06452941894531
2018-07-30,46.439998626708984,46.04999923706055,46.099998474121094,46.22999954223633,8967900.0,44.08360290527344
2018-07-31,46.66999816894531,46.310001373291016,46.400001525878906,46.630001068115234,12438800.0,44.46503448486328
2018-08-01,46.4900016784668,46.16999816894531,46.45000076293945,46.38999938964844,9904100.0,44.23617172241211
2018-08-02,46.630001068115234,46.18000030517578,46.47999954223633,46.18000030517578,12009700.0,44.03592300415039
2018-08-03,46.7599983215332,46.13999938964844,46.22999954223633,46.619998931884766,11462800.0,44.45549392700195
2018-08-06,46.869998931884766,46.54999923706055,46.599998474121094,46.650001525878906,10056100.0,44.48410415649414
2018-08-07,46.61000061035156,46.130001068115234,46.52000045776367,46.5,8632900.0,44.341060638427734
2018-08-08,46.560001373291016,46.119998931884766,46.4900016784668,46.150001525878906,6810000.0,44.00731658935547
2018-08-09,46.41999816894531,46.08000183105469,46.25,46.349998474121094,8924100.0,44.198028564453125
2018-08-10,46.41999816894531,45.970001220703125,46.209999084472656,46.08000183105469,7535400.0,43.94056701660156
2018-08-13,46.130001068115234,45.70000076293945,46.04999923706055,45.83000183105469,8143400.0,43.702171325683594
2018-08-14,46.099998474121094,45.869998931884766,45.90999984741211,45.88999938964844,6846100.0,43.7593879699707
2018-08-15,46.150001525878906,45.650001525878906,45.77000045776367,46.08000183105469,9686400.0,43.94056701660156
2018-08-16,46.380001068115234,45.970001220703125,46.11000061035156,46.220001220703125,10600700.0,44.074066162109375
2018-08-17,46.72999954223633,46.2400016784668,46.290000915527344,46.599998474121094,8885700.0,44.436424255371094
2018-08-20,46.869998931884766,46.59000015258789,46.68000030517578,46.72999954223633,6392000.0,44.560386657714844
2018-08-21,46.75,46.209999084472656,46.72999954223633,46.220001220703125,13986300.0,44.074066162109375
2018-08-22,46.380001068115234,45.91999816894531,46.34000015258789,45.93000030517578,7159100.0,43.79752731323242
2018-08-23,46.08000183105469,45.689998626708984,45.88999938964844,45.70000076293945,13144900.0,43.578208923339844
2018-08-24,45.79999923706055,45.58000183105469,45.650001525878906,45.630001068115234,10952900.0,43.5114631652832
2018-08-27,46.04999923706055,45.560001373291016,46.04999923706055,45.689998626708984,9581200.0,43.56867218017578
2018-08-28,45.72999954223633,45.279998779296875,45.650001525878906,45.369998931884766,8476800.0,43.26353454589844
2018-08-29,45.41999816894531,45.220001220703125,45.25,45.33000183105469,12410900.0,43.22538757324219
2018-08-30,45.31999969482422,44.88999938964844,45.279998779296875,44.95000076293945,9716500.0,42.86302947998047
2018-08-31,45.06999969482422,44.38999938964844,45.0,44.56999969482422,19834100.0,42.500675201416016
2018-09-04,44.900001525878906,44.5099983215332,44.599998474121094,44.7599983215332,11138500.0,42.68185043334961
2018-09-05,45.41999816894531,44.65999984741211,44.65999984741211,45.380001068115234,10554900.0,43.273067474365234
2018-09-06,46.0,45.29999923706055,45.400001525878906,45.77000045776367,11439400.0,43.64495849609375
2018-09-07,45.81999969482422,45.279998779296875,45.599998474121094,45.720001220703125,10208100.0,43.59728240966797
2018-09-10,46.310001373291016,45.79999923706055,45.90999984741211,46.060001373291016,8568900.0,43.92149353027344
2018-09-11,46.150001525878906,45.880001068115234,46.099998474121094,46.02000045776367,9278300.0,43.883358001708984
2018-09-12,46.29999923706055,46.02000045776367,46.15999984741211,46.2400016784668,13216400.0,44.0931396484375
2018-09-13,46.119998931884766,45.709999084472656,46.0099983215332,45.83000183105469,8294800.0,44.07390594482422
2018-09-14,46.029998779296875,45.61000061035156,45.91999816894531,45.9900016784668,7612900.0,44.2277717590332
2018-09-17,46.33000183105469,45.90999984741211,46.0,46.31999969482422,8527300.0,44.545127868652344
2018-09-18,46.529998779296875,45.93000030517578,46.38999938964844,45.93000030517578,9847400.0,44.17007064819336
2018-09-19,46.11000061035156,45.869998931884766,46.0,45.959999084472656,7119000.0,44.19892120361328
2018-09-20,46.68000030517578,46.150001525878906,46.220001220703125,46.63999938964844,9736700.0,44.852867126464844
2018-09-21,46.689998626708984,46.380001068115234,46.63999938964844,46.58000183105469,19240300.0,44.795166015625
2018-09-24,46.529998779296875,45.84000015258789,46.4900016784668,46.06999969482422,10778900.0,44.30470275878906
2018-09-25,46.18000030517578,45.61000061035156,46.060001373291016,45.68000030517578,7919100.0,43.92965316772461
2018-09-26,46.06999969482422,45.56999969482422,45.77000045776367,45.849998474121094,10162600.0,44.093135833740234
2018-09-27,46.18000030517578,45.68000030517578,45.72999954223633,46.0099983215332,10826900.0,44.24700164794922
2018-09-28,46.189998626708984,45.970001220703125,46.0,46.189998626708984,9071900.0,44.42010498046875
2018-10-01,46.349998474121094,46.04999923706055,46.16999816894531,46.22999954223633,9364700.0,44.45857620239258
2018-10-02,46.560001373291016,46.060001373291016,46.279998779296875,46.5099983215332,7462700.0,44.727848052978516
2018-10-03,46.54999923706055,45.79999923706055,46.459999084472656,45.869998931884766,10542300.0,44.112369537353516
2018-10-04,45.900001525878906,45.43000030517578,45.65999984741211,45.849998474121094,9582300.0,44.093135833740234
2018-10-05,46.15999984741211,45.689998626708984,45.939998626708984,45.880001068115234,8734100.0,44.12199401855469
2018-10-08,46.58000183105469,45.970001220703125,45.9900016784668,46.47999954223633,9808100.0,44.69900131225586
2018-10-09,46.54999923706055,46.220001220703125,46.380001068115234,46.38999938964844,10824500.0,44.61244201660156
2018-10-10,46.70000076293945,45.66999816894531,46.29999923706055,45.68000030517578,13917000.0,43.92965316772461
2018-10-11,45.970001220703125,44.5,45.79999923706055,44.63999938964844,17677900.0,42.92950439453125
2018-10-12,44.880001068115234,44.25,44.47999954223633,44.68000030517578,12420100.0,42.96797180175781
2018-10-15,45.27000045776367,44.59000015258789,44.63999938964844,44.90999984741211,11608500.0,43.18915557861328
2018-10-16,45.599998474121094,44.86000061035156,45.02000045776367,45.4900016784668,10442500.0,43.7469367980957
2018-10-17,45.9900016784668,45.36000061035156,45.40999984741211,45.86000061035156,11055800.0,44.102752685546875
2018-10-18,46.08000183105469,45.459999084472656,45.900001525878906,45.61000061035156,12716900.0,43.862335205078125
2018-10-19,46.4900016784668,45.83000183105469,45.83000183105469,46.33000183105469,13989200.0,44.554744720458984
2018-10-22,46.459999084472656,45.810001373291016,46.369998931884766,45.970001220703125,14283600.0,44.20853805541992
2018-10-23,46.459999084472656,45.45000076293945,45.619998931884766,46.36000061035156,17483900.0,44.583595275878906
2018-10-24,47.38999938964844,46.2400016784668,46.33000183105469,46.72999954223633,21626000.0,44.939414978027344
2018-10-25,46.7400016784668,46.119998931884766,46.650001525878906,46.5099983215332,14220200.0,44.727848052978516
2018-10-26,46.47999954223633,45.43000030517578,46.369998931884766,45.91999816894531,21458000.0,44.16045379638672
2018-10-29,46.560001373291016,46.04999923706055,46.150001525878906,46.459999084472656,20932200.0,44.67975997924805
2018-10-30,47.7400016784668,46.040000915527344,46.619998931884766,47.630001068115234,20895400.0,45.804931640625
2018-10-31,48.08000183105469,47.220001220703125,47.5,47.880001068115234,25309400.0,46.04534912109375
2018-11-01,48.150001525878906,47.29999923706055,47.810001373291016,47.7400016784668,16494500.0,45.91071701049805
2018-11-02,48.0,47.439998626708984,47.81999969482422,48.0,17584900.0,46.1607551574707
2018-11-05,48.779998779296875,47.91999816894531,48.0,48.689998626708984,16543500.0,46.824310302734375
2018-11-06,49.130001068115234,48.599998474121094,48.650001525878906,49.11000061035156,14373400.0,47.22822570800781
2018-11-07,49.54999923706055,49.029998779296875,49.38999938964844,49.369998931884766,12239700.0,47.4782600402832
2018-11-08,49.369998931884766,49.099998474121094,49.119998931884766,49.33000183105469,9762800.0,47.43979263305664
2018-11-09,49.88999938964844,49.36000061035156,49.38999938964844,49.68000030517578,12398100.0,47.77638244628906
2018-11-12,50.2400016784668,49.540000915527344,49.61000061035156,49.869998931884766,13918300.0,47.959102630615234
2018-11-13,50.0,49.58000183105469,49.810001373291016,49.86000061035156,13872900.0,47.94948196411133
2018-11-14,49.939998626708984,49.59000015258789,49.849998474121094,49.7599983215332,12106800.0,47.85331726074219
2018-11-15,49.75,49.27000045776367,49.65999984741211,49.7400016784668,12080100.0,47.834083557128906
2018-11-16,50.25,49.630001068115234,49.65999984741211,50.16999816894531,13405800.0,48.24760437011719
2018-11-19,50.7599983215332,50.25,50.310001373291016,50.5099983215332,13575800.0,48.5745735168457
2018-11-20,50.84000015258789,49.209999084472656,50.81999969482422,49.380001068115234,16255300.0,47.48788070678711
2018-11-21,49.439998626708984,48.59000015258789,49.22999954223633,48.72999954223633,13559200.0,46.8627815246582
2018-11-23,49.22999954223633,48.54999923706055,48.75,49.02000045776367,4792500.0,47.14167022705078
2018-11-26,49.22999954223633,48.66999816894531,49.0099983215332,48.869998931884766,9341900.0,46.997413635253906
2018-11-27,49.40999984741211,48.72999954223633,48.880001068115234,49.369998931884766,9180700.0,47.4782600402832
2018-11-28,49.720001220703125,49.209999084472656,49.209999084472656,49.709999084472656,11368700.0,47.80522918701172
2018-11-29,49.43000030517578,48.970001220703125,49.279998779296875,48.97999954223633,11564300.0,47.475677490234375
2018-11-30,50.4900016784668,48.9900016784668,49.0,50.400001525878906,25538200.0,48.85206604003906
2018-12-03,49.959999084472656,48.88999938964844,49.869998931884766,49.689998626708984,14877200.0,48.16386795043945
2018-12-04,50.5099983215332,49.5,49.970001220703125,49.58000183105469,19059900.0,48.057247161865234
2018-12-06,49.630001068115234,48.65999984741211,49.5099983215332,49.380001068115234,17674900.0,47.86338806152344
2018-12-07,49.68000030517578,48.880001068115234,49.56999969482422,49.09000015258789,15565700.0,47.582298278808594
2018-12-10,49.45000076293945,48.470001220703125,49.45000076293945,49.2400016784668,12331100.0,47.72769546508789
2018-12-11,50.0099983215332,49.18000030517578,49.59000015258789,49.540000915527344,18083600.0,48.01847839355469
2018-12-12,50.02000045776367,49.189998626708984,49.95000076293945,49.220001220703125,12316900.0,47.70830535888672
2018-12-13,49.61000061035156,48.56999969482422,48.720001220703125,49.470001220703125,13766200.0,47.950626373291016
2018-12-14,49.52000045776367,49.02000045776367,49.22999954223633,49.34000015258789,13835900.0,47.824615478515625
2018-12-17,49.529998779296875,48.02000045776367,49.34000015258789,48.33000183105469,18482700.0,46.845638275146484
2018-12-18,48.83000183105469,47.849998474121094,48.61000061035156,48.31999969482422,14765700.0,46.83594512939453
2018-12-19,48.7599983215332,47.619998931884766,48.2400016784668,47.900001525878906,17903800.0,46.4288444519043
2018-12-20,48.130001068115234,47.099998474121094,47.810001373291016,47.540000915527344,21130000.0,46.07990264892578
2018-12-21,48.75,47.22999954223633,47.2599983215332,47.56999969482422,32477700.0,46.108978271484375
2018-12-24,47.869998931884766,45.83000183105469,47.619998931884766,45.959999084472656,10733700.0,44.54842758178711
2018-12-26,46.959999084472656,45.65999984741211,45.880001068115234,46.939998626708984,14342600.0,45.49832534790039
2018-12-27,47.54999923706055,46.029998779296875,46.7400016784668,47.529998779296875,16966500.0,46.07020568847656
2018-12-28,48.0099983215332,47.029998779296875,47.88999938964844,47.20000076293945,13218200.0,45.750343322753906
2018-12-31,47.540000915527344,46.959999084472656,47.4900016784668,47.349998474121094,10576300.0,45.89573287963867
2019-01-02,47.220001220703125,46.560001373291016,46.939998626708984,46.93000030517578,11603700.0,45.4886360168457
2019-01-03,47.369998931884766,46.529998779296875,46.81999969482422,46.63999938964844,14714400.0,45.207542419433594
2019-01-04,47.56999969482422,46.63999938964844,46.75,47.56999969482422,13013700.0,46.108978271484375
2019-01-07,47.75,46.900001525878906,47.56999969482422,46.95000076293945,13135500.0,45.50802230834961
2019-01-08,47.56999969482422,47.040000915527344,47.25,47.47999954223633,15420700.0,46.0217399597168
2019-01-09,47.279998779296875,46.43000030517578,47.08000183105469,46.56999969482422,18032500.0,45.13969421386719
2019-01-10,47.09000015258789,46.34000015258789,46.65999984741211,47.06999969482422,15976600.0,45.624332427978516
2019-01-11,47.36000061035156,46.970001220703125,47.290000915527344,47.34000015258789,11088600.0,45.88604736328125
2019-01-14,47.400001525878906,46.9900016784668,47.25,47.150001525878906,11514300.0,45.701881408691406
2019-01-15,47.599998474121094,46.810001373291016,46.88999938964844,47.56999969482422,11342900.0,46.108978271484375
2019-01-16,47.470001220703125,46.86000061035156,47.400001525878906,46.91999816894531,16907800.0,45.47894287109375
2019-01-17,47.13999938964844,46.880001068115234,46.91999816894531,47.060001373291016,12044600.0,45.614646911621094
2019-01-18,47.689998626708984,47.119998931884766,47.25,47.61000061035156,12760700.0,46.14775466918945
2019-01-22,47.790000915527344,47.209999084472656,47.70000076293945,47.720001220703125,11700400.0,46.25437545776367
2019-01-23,48.290000915527344,47.650001525878906,47.81999969482422,48.27000045776367,12058300.0,46.787479400634766
2019-01-24,48.11000061035156,47.380001068115234,48.11000061035156,47.689998626708984,10272000.0,46.22529220581055
2019-01-25,48.029998779296875,47.2400016784668,47.880001068115234,47.369998931884766,12066500.0,45.91511917114258
2019-01-28,47.29999923706055,46.939998626708984,47.220001220703125,47.16999816894531,9966900.0,45.72126388549805
2019-01-29,47.630001068115234,47.130001068115234,47.20000076293945,47.400001525878906,11998600.0,45.9442024230957
2019-01-30,47.88999938964844,47.189998626708984,47.25,47.86000061035156,12952500.0,46.39007568359375
2019-01-31,48.779998779296875,47.470001220703125,47.849998474121094,48.130001068115234,32181500.0,46.65177917480469
2019-02-01,48.779998779296875,48.400001525878906,48.47999954223633,48.70000076293945,19130100.0,47.20427322387695
2019-02-04,49.45000076293945,48.540000915527344,48.70000076293945,49.25,15105700.0,47.73738479614258
2019-02-05,49.470001220703125,49.099998474121094,49.33000183105469,49.2599983215332,12651900.0,47.747074127197266
2019-02-06,49.36000061035156,49.02000045776367,49.209999084472656,49.2599983215332,8689100.0,47.747074127197266
2019-02-07,49.459999084472656,49.0,49.16999816894531,49.41999816894531,10047800.0,47.90216064453125
2019-02-08,49.5,49.11000061035156,49.369998931884766,49.5,9813300.0,47.97970199584961
2019-02-11,49.880001068115234,49.47999954223633,49.56999969482422,49.61000061035156,9369300.0,48.086326599121094
2019-02-12,49.79999923706055,49.459999084472656,49.689998626708984,49.65999984741211,10983300.0,48.13478469848633
2019-02-13,49.939998626708984,49.560001373291016,49.61000061035156,49.790000915527344,12748800.0,48.260799407958984
2019-02-14,46.959999084472656,45.5,46.70000076293945,45.59000015258789,58905400.0,44.18979263305664
2019-02-15,46.2599983215332,45.20000076293945,45.900001525878906,45.2400016784668,35701600.0,43.85054397583008
2019-02-19,45.59000015258789,44.77000045776367,45.31999969482422,44.83000183105469,25511300.0,43.45313262939453
2019-02-20,45.2400016784668,44.79999923706055,44.90999984741211,45.099998474121094,27464000.0,43.71483612060547
2019-02-21,45.90999984741211,44.959999084472656,45.0,45.86000061035156,23121200.0,44.45149612426758
2019-02-22,45.95000076293945,45.20000076293945,45.7599983215332,45.279998779296875,24728400.0,43.88930892944336
2019-02-25,45.56999969482422,44.84000015258789,45.439998626708984,44.939998626708984,23774400.0,43.55975341796875
2019-02-26,45.13999938964844,44.65999984741211,45.099998474121094,44.689998626708984,20463200.0,43.31743240356445
2019-02-27,45.02000045776367,44.41999816894531,44.599998474121094,44.939998626708984,17827500.0,43.55975341796875
2019-02-28,45.61000061035156,45.11000061035156,45.119998931884766,45.34000015258789,22533900.0,43.947471618652344
2019-03-01,45.63999938964844,45.20000076293945,45.470001220703125,45.380001068115234,16291600.0,43.986244201660156
2019-03-04,45.66999816894531,45.29999923706055,45.529998779296875,45.650001525878906,15973800.0,44.24795150756836
2019-03-05,45.70000076293945,45.400001525878906,45.650001525878906,45.599998474121094,13062300.0,44.19948196411133
2019-03-06,45.790000915527344,45.439998626708984,45.66999816894531,45.45000076293945,14232100.0,44.05409240722656
2019-03-07,45.529998779296875,45.130001068115234,45.4900016784668,45.279998779296875,12084000.0,43.88930892944336
2019-03-08,45.25,44.61000061035156,45.150001525878906,44.84000015258789,15579100.0,43.462825775146484
2019-03-11,46.2400016784668,45.099998474121094,45.13999938964844,46.18000030517578,22126900.0,44.76167297363281
2019-03-12,46.25,45.900001525878906,45.95000076293945,46.04999923706055,19348500.0,44.63566207885742
2019-03-13,46.34000015258789,45.90999984741211,46.130001068115234,46.220001220703125,16222500.0,44.80044174194336
2019-03-14,46.11000061035156,45.630001068115234,45.84000015258789,45.70000076293945,18504100.0,44.68311309814453
2019-03-15,45.900001525878906,45.13999938964844,45.720001220703125,45.29999923706055,47254500.0,44.29201126098633
2019-03-18,45.68000030517578,45.36000061035156,45.43000030517578,45.40999984741211,24006400.0,44.399566650390625
2019-03-19,45.689998626708984,45.34000015258789,45.54999923706055,45.560001373291016,14987000.0,44.54623031616211
2019-03-20,45.900001525878906,45.18000030517578,45.400001525878906,45.529998779296875,13376100.0,44.51689147949219
2019-03-21,45.7599983215332,45.439998626708984,45.529998779296875,45.5099983215332,20043000.0,44.497337341308594
2019-03-22,46.11000061035156,45.459999084472656,45.459999084472656,45.93000030517578,19055900.0,44.90799331665039
2019-03-25,46.20000076293945,45.790000915527344,45.86000061035156,46.029998779296875,11668200.0,45.005767822265625
2019-03-26,46.790000915527344,46.16999816894531,46.16999816894531,46.63999938964844,11434900.0,45.602195739746094
2019-03-27,46.90999984741211,46.33000183105469,46.650001525878906,46.61000061035156,11543600.0,45.5728645324707
2019-03-28,46.91999816894531,46.47999954223633,46.68000030517578,46.58000183105469,11121100.0,45.54353332519531
2019-03-29,46.90999984741211,46.47999954223633,46.66999816894531,46.86000061035156,16045600.0,45.817298889160156
2019-04-01,47.16999816894531,46.59000015258789,46.9900016784668,46.720001220703125,11522700.0,45.680419921875
2019-04-02,46.93000030517578,46.56999969482422,46.75,46.56999969482422,8495000.0,45.53375244140625
2019-04-03,46.59000015258789,46.040000915527344,46.41999816894531,46.18000030517578,12854500.0,45.15243148803711
2019-04-04,46.540000915527344,46.11000061035156,46.34000015258789,46.47999954223633,7814900.0,45.44575500488281
2019-04-05,46.58000183105469,46.20000076293945,46.4900016784668,46.470001220703125,7677600.0,45.435977935791016
2019-04-08,46.56999969482422,46.27000045776367,46.540000915527344,46.54999923706055,9421300.0,45.514198303222656
2019-04-09,46.720001220703125,46.27000045776367,46.45000076293945,46.66999816894531,8641800.0,45.631526947021484
2019-04-10,47.0,46.560001373291016,46.84000015258789,46.63999938964844,8059900.0,45.602195739746094
2019-04-11,46.75,46.540000915527344,46.720001220703125,46.709999084472656,7352400.0,45.67063903808594
2019-04-12,46.93000030517578,46.56999969482422,46.66999816894531,46.7400016784668,10690000.0,45.699974060058594
2019-04-15,47.040000915527344,46.70000076293945,46.880001068115234,47.0,10261300.0,45.95418167114258
2019-04-16,47.099998474121094,46.70000076293945,47.04999923706055,46.95000076293945,10804600.0,45.905296325683594
2019-04-17,47.54999923706055,47.150001525878906,47.20000076293945,47.279998779296875,11849300.0,46.22795104980469
2019-04-18,47.58000183105469,47.27000045776367,47.33000183105469,47.47999954223633,12167000.0,46.423500061035156
2019-04-22,47.61000061035156,47.02000045776367,47.400001525878906,47.400001525878906,9834700.0,46.34528732299805
2019-04-23,48.720001220703125,47.54999923706055,48.09000015258789,48.209999084472656,25327800.0,47.13726043701172
2019-04-24,48.22999954223633,47.91999816894531,48.029998779296875,47.97999954223633,15997300.0,46.91238021850586
2019-04-25,47.88999938964844,47.470001220703125,47.7400016784668,47.84000015258789,11444400.0,46.77549743652344
2019-04-26,48.45000076293945,47.97999954223633,47.9900016784668,48.2599983215332,10154300.0,47.18614196777344
2019-04-29,48.45000076293945,48.11000061035156,48.16999816894531,48.41999816894531,9731500.0,47.34258270263672
2019-04-30,49.18000030517578,48.38999938964844,48.529998779296875,49.060001373291016,17912900.0,47.96834945678711
2019-05-01,49.08000183105469,48.54999923706055,48.95000076293945,48.59000015258789,10551200.0,47.50880432128906
2019-05-02,48.77000045776367,48.27000045776367,48.529998779296875,48.38999938964844,8724600.0,47.313255310058594
2019-05-03,48.959999084472656,48.52000045776367,48.599998474121094,48.720001220703125,7076900.0,47.63591384887695
2019-05-06,48.61000061035156,48.2599983215332,48.33000183105469,48.470001220703125,8657800.0,47.391475677490234
2019-05-07,48.290000915527344,47.77000045776367,48.22999954223633,48.0,12487500.0,46.93193435668945
2019-05-08,48.22999954223633,47.81999969482422,48.04999923706055,47.849998474121094,9281400.0,46.78527069091797
2019-05-09,47.97999954223633,47.06999969482422,47.79999923706055,47.400001525878906,11450500.0,46.34528732299805
2019-05-10,48.29999923706055,47.400001525878906,47.40999984741211,48.189998626708984,9653800.0,47.11770248413086
2019-05-13,48.130001068115234,47.72999954223633,47.90999984741211,48.04999923706055,11911500.0,46.9808235168457
2019-05-14,49.31999969482422,48.349998474121094,48.529998779296875,48.689998626708984,16844200.0,47.6065788269043
2019-05-15,49.380001068115234,48.599998474121094,48.66999816894531,49.18000030517578,11422500.0,48.08567810058594
2019-05-16,49.65999984741211,49.209999084472656,49.27000045776367,49.58000183105469,17771300.0,48.476776123046875
2019-05-17,49.54999923706055,49.16999816894531,49.27000045776367,49.20000076293945,11257000.0,48.10523223876953
2019-05-20,49.13999938964844,48.7599983215332,49.040000915527344,48.849998474121094,13850500.0,47.76301956176758
2019-05-21,49.029998779296875,48.45000076293945,49.0,48.599998474121094,10587400.0,47.51858139038086
2019-05-22,49.709999084472656,48.720001220703125,48.779998779296875,49.650001525878906,16050400.0,48.54521942138672
2019-05-23,49.900001525878906,49.459999084472656,49.5,49.849998474121094,12199400.0,48.74076461791992
2019-05-24,49.88999938964844,49.529998779296875,49.81999969482422,49.61000061035156,6887600.0,48.50611114501953
2019-05-28,49.66999816894531,49.029998779296875,49.599998474121094,49.099998474121094,18614000.0,48.0074577331543
2019-05-29,49.029998779296875,48.40999984741211,48.7400016784668,48.61000061035156,12534600.0,47.528358459472656
2019-05-30,49.310001373291016,48.66999816894531,48.720001220703125,49.25,9087200.0,48.15412139892578
2019-05-31,49.310001373291016,48.779998779296875,49.0,49.130001068115234,11368600.0,48.03678894042969
2019-06-03,49.97999954223633,49.02000045776367,49.15999984741211,49.97999954223633,14167200.0,48.86787414550781
2019-06-04,50.279998779296875,49.619998931884766,50.0,50.0,12010600.0,48.88743209838867
2019-06-05,51.13999938964844,49.689998626708984,50.0099983215332,50.779998779296875,15837600.0,49.65007400512695
2019-06-06,51.540000915527344,50.59000015258789,50.90999984741211,51.400001525878906,15190400.0,50.25627899169922
2019-06-07,52.189998626708984,51.45000076293945,51.470001220703125,51.4900016784668,15293600.0,50.34428024291992
2019-06-10,51.540000915527344,51.09000015258789,51.540000915527344,51.380001068115234,9737400.0,50.236724853515625
2019-06-11,51.59000015258789,51.18000030517578,51.45000076293945,51.33000183105469,9915600.0,50.18783950805664
2019-06-12,52.13999938964844,51.470001220703125,51.5,51.63999938964844,11087500.0,50.490936279296875
2019-06-13,51.70000076293945,50.779998779296875,51.459999084472656,51.130001068115234,10353600.0,50.382545471191406
2019-06-14,51.529998779296875,51.04999923706055,51.04999923706055,51.310001373291016,8694300.0,50.559913635253906
2019-06-17,51.47999954223633,50.61000061035156,51.25,50.869998931884766,12322400.0,50.126346588134766
2019-06-18,51.29999923706055,50.529998779296875,51.25,50.63999938964844,9221100.0,49.89970779418945
2019-06-19,51.2400016784668,50.470001220703125,50.540000915527344,51.119998931884766,9414100.0,50.3726921081543
2019-06-20,51.790000915527344,51.349998474121094,51.5,51.65999984741211,10656600.0,50.9047966003418
2019-06-21,51.88999938964844,51.40999984741211,51.529998779296875,51.54999923706055,21264400.0,50.79640579223633
2019-06-24,52.20000076293945,51.70000076293945,51.7400016784668,51.91999816894531,10780000.0,51.16099548339844
2019-06-25,52.099998474121094,51.63999938964844,52.0,51.7599983215332,11519900.0,51.003334045410156
2019-06-26,51.63999938964844,51.09000015258789,51.52000045776367,51.119998931884766,12405100.0,50.3726921081543
2019-06-27,51.400001525878906,50.970001220703125,51.290000915527344,51.08000183105469,12374900.0,50.33327865600586
2019-06-28,51.400001525878906,50.52000045776367,51.27000045776367,50.91999816894531,16339900.0,50.17561340332031
2019-07-01,51.630001068115234,50.779998779296875,51.06999969482422,51.599998474121094,14976400.0,50.845672607421875
2019-07-02,52.04999923706055,51.54999923706055,51.779998779296875,51.97999954223633,8569200.0,51.22011947631836
2019-07-03,52.33000183105469,52.0,52.0,52.099998474121094,7253700.0,51.33836364746094
2019-07-05,52.119998931884766,51.47999954223633,51.88999938964844,52.11000061035156,8916300.0,51.34822082519531
2019-07-08,52.33000183105469,51.88999938964844,52.20000076293945,52.0,9495100.0,51.23982620239258
2019-07-09,51.970001220703125,51.43000030517578,51.720001220703125,51.59000015258789,10584900.0,50.835819244384766
2019-07-10,51.970001220703125,51.65999984741211,51.79999923706055,51.81999969482422,7620900.0,51.06245803833008
2019-07-11,52.060001373291016,51.65999984741211,51.9900016784668,52.040000915527344,10376500.0,51.27924346923828
2019-07-12,52.290000915527344,51.90999984741211,52.25,52.119998931884766,7347400.0,51.358070373535156
2019-07-15,52.290000915527344,51.869998931884766,52.279998779296875,52.130001068115234,5876100.0,51.36792755126953
2019-07-16,52.470001220703125,51.810001373291016,51.959999084472656,52.13999938964844,7132500.0,51.37778091430664
2019-07-17,52.2599983215332,52.0099983215332,52.220001220703125,52.18000030517578,8264200.0,51.41719436645508
2019-07-18,52.16999816894531,51.66999816894531,52.040000915527344,52.029998779296875,11912300.0,51.269386291503906
2019-07-19,52.150001525878906,51.369998931884766,52.13999938964844,51.38999938964844,10355500.0,50.63874435424805
2019-07-22,51.52000045776367,51.130001068115234,51.52000045776367,51.220001220703125,12090700.0,50.471229553222656
2019-07-23,54.63999938964844,52.7599983215332,53.25,54.33000183105469,33417900.0,53.535770416259766
2019-07-24,54.81999969482422,53.619998931884766,54.119998931884766,53.779998779296875,15633400.0,52.993804931640625
2019-07-25,53.79999923706055,52.720001220703125,53.630001068115234,53.06999969482422,19135000.0,52.294185638427734
2019-07-26,54.310001373291016,53.189998626708984,53.34000015258789,54.16999816894531,11451900.0,53.37810516357422
2019-07-29,54.29999923706055,53.900001525878906,54.16999816894531,53.9900016784668,12283900.0,53.200740814208984
2019-07-30,54.29999923706055,53.56999969482422,53.959999084472656,53.720001220703125,8127100.0,52.93468475341797
2019-07-31,53.5099983215332,52.040000915527344,53.5099983215332,52.630001068115234,16865500.0,51.860618591308594
2019-08-01,53.20000076293945,52.0099983215332,52.779998779296875,52.029998779296875,19527200.0,51.269386291503906
2019-08-02,52.72999954223633,51.90999984741211,51.90999984741211,52.33000183105469,13070100.0,51.565006256103516
2019-08-05,52.65999984741211,51.400001525878906,52.38999938964844,51.650001525878906,19986500.0,50.89494705200195
2019-08-06,52.7599983215332,51.61000061035156,51.869998931884766,52.27000045776367,19903100.0,51.505882263183594
2019-08-07,53.38999938964844,51.77000045776367,52.27000045776367,53.18000030517578,17937000.0,52.4025764465332
2019-08-08,53.779998779296875,52.849998474121094,53.209999084472656,53.689998626708984,10799000.0,52.905120849609375
2019-08-09,53.900001525878906,53.08000183105469,53.790000915527344,53.41999816894531,9260900.0,52.63906478881836
2019-08-12,53.439998626708984,52.9900016784668,53.279998779296875,53.20000076293945,4778600.0,52.42228698730469
2019-08-13,53.61000061035156,52.869998931884766,52.900001525878906,53.5,8581200.0,52.717899322509766
2019-08-14,53.970001220703125,52.970001220703125,53.34000015258789,52.9900016784668,17088900.0,52.215354919433594
2019-08-15,54.0,53.22999954223633,53.43000030517578,53.869998931884766,12393200.0,53.082489013671875
2019-08-16,54.4900016784668,53.95000076293945,53.97999954223633,54.40999984741211,14288700.0,53.614593505859375
2019-08-19,54.779998779296875,54.310001373291016,54.439998626708984,54.689998626708984,10936200.0,53.8905029296875
2019-08-20,54.68000030517578,53.84000015258789,54.619998931884766,53.880001068115234,8176700.0,53.092342376708984
2019-08-21,54.40999984741211,53.849998474121094,54.25,54.099998474121094,10886500.0,53.30912780761719
2019-08-22,54.63999938964844,54.099998474121094,54.119998931884766,54.4900016784668,7467900.0,53.69342803955078
2019-08-23,54.709999084472656,53.38999938964844,54.41999816894531,53.7400016784668,14160400.0,52.95439147949219
2019-08-26,54.540000915527344,53.72999954223633,54.0,54.540000915527344,9226900.0,53.742698669433594
2019-08-27,54.95000076293945,54.40999984741211,54.70000076293945,54.720001220703125,13537000.0,53.920066833496094
2019-08-28,55.150001525878906,54.41999816894531,54.65999984741211,55.11000061035156,10046400.0,54.30436325073242
2019-08-29,55.34000015258789,54.599998474121094,55.2599983215332,55.04999923706055,9262800.0,54.2452392578125
2019-08-30,55.220001220703125,54.810001373291016,55.15999984741211,55.040000915527344,8746700.0,54.235389709472656
2019-09-03,55.33000183105469,54.869998931884766,54.97999954223633,55.29999923706055,12991400.0,54.49158477783203
2019-09-04,55.91999816894531,55.29999923706055,55.349998474121094,55.77000045776367,10718100.0,54.954715728759766
2019-09-05,55.77000045776367,55.029998779296875,55.75,55.119998931884766,13677000.0,54.31421661376953
2019-09-06,55.439998626708984,54.7599983215332,55.439998626708984,55.22999954223633,9093500.0,54.422607421875
2019-09-09,55.08000183105469,54.36000061035156,55.029998779296875,54.52000045776367,10814900.0,53.72298812866211
2019-09-10,54.439998626708984,53.849998474121094,54.22999954223633,54.400001525878906,12038200.0,53.60474395751953
2019-09-11,54.79999923706055,53.970001220703125,54.290000915527344,54.77000045776367,9740400.0,53.969337463378906
2019-09-12,55.310001373291016,54.97999954223633,55.099998474121094,55.11000061035156,12357900.0,54.30436325073242
2019-09-13,54.790000915527344,54.06999969482422,54.47999954223633,54.2599983215332,11486100.0,53.85770034790039
2019-09-16,54.34000015258789,53.630001068115234,54.099998474121094,53.959999084472656,11172000.0,53.5599250793457
2019-09-17,54.70000076293945,53.959999084472656,54.099998474121094,54.2400016784668,11347400.0,53.837852478027344
2019-09-18,54.290000915527344,53.81999969482422,54.20000076293945,54.22999954223633,9700400.0,53.82792282104492
2019-09-19,54.599998474121094,54.130001068115234,54.22999954223633,54.52000045776367,7560300.0,54.11577224731445
2019-09-20,54.689998626708984,53.900001525878906,54.689998626708984,53.90999984741211,19211500.0,53.51029586791992
2019-09-23,54.36000061035156,53.880001068115234,53.90999984741211,54.13999938964844,6485300.0,53.738590240478516
2019-09-24,54.61000061035156,54.040000915527344,54.25,54.29999923706055,10093000.0,53.897403717041016
2019-09-25,54.47999954223633,54.0,54.439998626708984,54.16999816894531,10248400.0,53.768367767333984
2019-09-26,54.58000183105469,54.130001068115234,54.470001220703125,54.38999938964844,10031200.0,53.98673629760742
2019-09-27,54.63999938964844,54.0,54.560001373291016,54.310001373291016,7939900.0,53.90733337402344
2019-09-30,54.68000030517578,54.150001525878906,54.150001525878906,54.439998626708984,9808700.0,54.0363655090332
2019-10-01,54.779998779296875,54.0099983215332,54.529998779296875,54.650001525878906,14261500.0,54.24481201171875
2019-10-02,54.439998626708984,52.900001525878906,54.209999084472656,53.08000183105469,14343600.0,52.68645095825195
2019-10-03,53.97999954223633,52.81999969482422,53.5,53.84000015258789,13817500.0,53.44081497192383
2019-10-04,54.540000915527344,53.88999938964844,54.0,54.540000915527344,9295400.0,54.13562774658203
2019-10-07,54.36000061035156,53.77000045776367,54.33000183105469,53.869998931884766,5964900.0,53.4705924987793
2019-10-08,54.06999969482422,53.45000076293945,53.880001068115234,53.58000183105469,13301900.0,53.182743072509766
2019-10-09,54.06999969482422,53.540000915527344,54.060001373291016,53.83000183105469,7135000.0,53.43089294433594
2019-10-10,53.880001068115234,53.36000061035156,53.54999923706055,53.65999984741211,8942900.0,53.262149810791016
2019-10-11,53.70000076293945,53.20000076293945,53.650001525878906,53.29999923706055,8981700.0,52.90481948852539
2019-10-14,53.68000030517578,53.220001220703125,53.4900016784668,53.29999923706055,7306300.0,52.90481948852539
2019-10-15,53.68000030517578,53.27000045776367,53.43000030517578,53.5099983215332,9564300.0,53.113258361816406
2019-10-16,53.56999969482422,53.130001068115234,53.459999084472656,53.4900016784668,10454800.0,53.09341049194336
2019-10-17,54.119998931884766,53.58000183105469,53.689998626708984,53.790000915527344,13190300.0,53.39118576049805
2019-10-18,55.38999938964844,54.45000076293945,55.0,54.779998779296875,18122400.0,54.373844146728516
2019-10-21,54.560001373291016,53.68000030517578,54.45000076293945,54.22999954223633,12778900.0,53.82792282104492
2019-10-22,54.41999816894531,53.7400016784668,54.22999954223633,53.849998474121094,9533400.0,53.450740814208984
2019-10-23,54.65999984741211,54.0099983215332,54.060001373291016,54.63999938964844,8556600.0,54.23488235473633
2019-10-24,54.81999969482422,54.4900016784668,54.56999969482422,54.61000061035156,11051400.0,54.20510482788086
2019-10-25,54.560001373291016,53.66999816894531,54.54999923706055,53.75,9782400.0,53.35148239135742
2019-10-28,53.95000076293945,53.369998931884766,53.7400016784668,53.56999969482422,8866100.0,53.17281723022461
2019-10-29,53.65999984741211,53.2599983215332,53.38999938964844,53.40999984741211,7999700.0,53.01400375366211
2019-10-30,54.04999923706055,53.15999984741211,53.52000045776367,53.939998626708984,8620900.0,53.54007339477539
2019-10-31,54.470001220703125,53.849998474121094,53.959999084472656,54.43000030517578,13981600.0,54.02643966674805
2019-11-01,54.7400016784668,53.849998474121094,54.630001068115234,53.900001525878906,9889200.0,53.500370025634766
2019-11-04,54.0,52.970001220703125,53.959999084472656,53.13999938964844,17515100.0,52.74600601196289
2019-11-05,52.88999938964844,52.119998931884766,52.88999938964844,52.41999816894531,19283600.0,52.031341552734375
2019-11-06,52.79999923706055,52.40999984741211,52.529998779296875,52.79999923706055,13288900.0,52.40852355957031
2019-11-07,53.0,51.959999084472656,52.880001068115234,52.290000915527344,11725500.0,51.90230941772461
2019-11-08,52.599998474121094,52.09000015258789,52.459999084472656,52.209999084472656,7141800.0,51.822898864746094
2019-11-11,52.369998931884766,51.779998779296875,52.33000183105469,51.84000015258789,8198300.0,51.45564270019531
2019-11-12,51.90999984741211,51.58000183105469,51.90999984741211,51.709999084472656,12656900.0,51.32660675048828
2019-11-13,52.45000076293945,51.959999084472656,52.18000030517578,52.40999984741211,12257900.0,52.02141571044922
2019-11-14,52.66999816894531,52.349998474121094,52.529998779296875,52.630001068115234,8660300.0,52.23978805541992
2019-11-15,52.68000030517578,52.380001068115234,52.63999938964844,52.66999816894531,8982400.0,52.27948760986328
2019-11-18,53.439998626708984,52.66999816894531,52.68000030517578,53.029998779296875,13782000.0,52.636817932128906
2019-11-19,53.310001373291016,52.869998931884766,53.150001525878906,53.08000183105469,12679500.0,52.68645095825195
2019-11-20,53.400001525878906,53.0099983215332,53.099998474121094,53.220001220703125,11970300.0,52.82541275024414
2019-11-21,53.34000015258789,52.779998779296875,53.11000061035156,52.959999084472656,7856100.0,52.56733703613281
2019-11-22,53.189998626708984,52.75,52.959999084472656,53.029998779296875,9113300.0,52.636817932128906
2019-11-25,53.38999938964844,52.77000045776367,53.279998779296875,53.220001220703125,10963500.0,52.82541275024414
2019-11-26,53.939998626708984,53.220001220703125,53.310001373291016,53.900001525878906,13219800.0,53.500370025634766
2019-11-27,54.099998474121094,53.599998474121094,53.93000030517578,53.95000076293945,9595200.0,53.54999923706055
2019-11-29,53.72999954223633,53.220001220703125,53.70000076293945,53.400001525878906,7222300.0,53.400001525878906
2019-12-02,53.75,52.849998474121094,53.31999969482422,53.75,13173800.0,53.75
2019-12-03,53.84000015258789,53.400001525878906,53.709999084472656,53.79999923706055,14498300.0,53.79999923706055
2019-12-04,54.310001373291016,53.720001220703125,53.79999923706055,54.290000915527344,13624000.0,54.290000915527344
2019-12-05,54.290000915527344,53.83000183105469,54.209999084472656,54.189998626708984,14068100.0,54.189998626708984
2019-12-06,54.5,54.16999816894531,54.310001373291016,54.41999816894531,7843500.0,54.41999816894531
2019-12-09,54.5099983215332,54.02000045776367,54.29999923706055,54.06999969482422,13887200.0,54.06999969482422
2019-12-10,54.06999969482422,53.72999954223633,54.040000915527344,53.77000045776367,8993900.0,53.77000045776367
2019-12-11,54.150001525878906,53.65999984741211,53.939998626708984,53.95000076293945,8879100.0,53.95000076293945
2019-12-12,54.45000076293945,53.939998626708984,54.0099983215332,54.13999938964844,11233300.0,54.13999938964844
2019-12-13,54.54999923706055,53.84000015258789,53.939998626708984,54.41999816894531,13072200.0,54.41999816894531
2019-12-16,54.83000183105469,54.369998931884766,54.689998626708984,54.41999816894531,9538100.0,54.41999816894531
2019-12-17,54.58000183105469,54.290000915527344,54.400001525878906,54.41999816894531,9230000.0,54.41999816894531
2019-12-18,54.75,53.88999938964844,54.529998779296875,53.90999984741211,15132100.0,53.90999984741211
2019-12-19,54.34000015258789,53.91999816894531,54.040000915527344,54.31999969482422,13385900.0,54.31999969482422
2019-12-20,55.20000076293945,54.470001220703125,54.939998626708984,54.970001220703125,23832800.0,54.970001220703125
2019-12-23,55.2400016784668,54.84000015258789,55.0,54.90999984741211,9300800.0,54.90999984741211
2019-12-24,55.0,54.63999938964844,54.79999923706055,54.709999084472656,3359300.0,54.709999084472656
2019-12-26,55.02000045776367,54.790000915527344,54.91999816894531,55.02000045776367,6228500.0,55.02000045776367
2019-12-27,55.45000076293945,55.0,55.0099983215332,55.349998474121094,6895500.0,55.349998474121094
2019-12-30,55.38999938964844,55.060001373291016,55.18000030517578,55.27000045776367,6431700.0,55.27000045776367
2019-12-31,55.380001068115234,54.97999954223633,55.20000076293945,55.349998474121094,7982600.0,55.349998474121094
2020-01-02,55.43000030517578,54.7599983215332,55.31999969482422,54.9900016784668,11867700.0,54.9900016784668
2020-01-03,54.9900016784668,54.09000015258789,54.31999969482422,54.689998626708984,11354500.0,54.689998626708984
2020-01-06,54.90999984741211,54.52000045776367,54.650001525878906,54.66999816894531,14698300.0,54.66999816894531
2020-01-07,54.599998474121094,54.150001525878906,54.45000076293945,54.25,9973900.0,54.25
2020-01-08,54.63999938964844,54.150001525878906,54.27000045776367,54.349998474121094,10676000.0,54.349998474121094
2020-01-09,55.400001525878906,54.84000015258789,55.0,55.34000015258789,15398000.0,55.34000015258789
2020-01-10,55.93000030517578,55.45000076293945,55.47999954223633,55.529998779296875,13040100.0,55.529998779296875
2020-01-13,56.22999954223633,55.41999816894531,55.529998779296875,56.130001068115234,14302900.0,56.130001068115234
2020-01-14,56.290000915527344,55.83000183105469,56.2400016784668,56.0,16345300.0,56.0
2020-01-15,56.97999954223633,56.0,56.0,56.70000076293945,17735400.0,56.70000076293945
2020-01-16,56.95000076293945,56.61000061035156,56.849998474121094,56.81999969482422,10234100.0,56.81999969482422
2020-01-17,57.150001525878906,56.79999923706055,56.869998931884766,56.939998626708984,14264300.0,56.939998626708984
2020-01-21,57.25,56.56999969482422,56.849998474121094,57.16999816894531,11968900.0,57.16999816894531
2020-01-22,57.63999938964844,57.18000030517578,57.25,57.61000061035156,12869600.0,57.61000061035156
2020-01-23,57.849998474121094,57.2400016784668,57.380001068115234,57.83000183105469,12858900.0,57.83000183105469
2020-01-24,57.869998931884766,57.459999084472656,57.849998474121094,57.68000030517578,8594300.0,57.68000030517578
2020-01-27,57.849998474121094,57.130001068115234,57.209999084472656,57.47999954223633,14359900.0,57.47999954223633
2020-01-28,57.75,56.970001220703125,57.45000076293945,57.0099983215332,15240200.0,57.0099983215332
2020-01-29,57.2599983215332,56.65999984741211,57.0,57.0099983215332,13163600.0,57.0099983215332
2020-01-30,58.97999954223633,57.7599983215332,57.93000030517578,58.86000061035156,20225600.0,58.86000061035156
2020-01-31,59.08000183105469,58.150001525878906,58.970001220703125,58.400001525878906,17684500.0,58.400001525878906
