Date,High,Low,Open,Close,Volume,Adj Close
2017-02-03,124.51000213623047,123.27999877929688,123.30999755859375,124.23999786376953,3183000.0,115.3436508178711
2017-02-06,124.9000015258789,123.94999694824219,124.08999633789062,124.44999694824219,2760300.0,115.53862762451172
2017-02-07,125.41999816894531,124.58999633789062,124.94999694824219,124.58999633789062,2847200.0,115.66859436035156
2017-02-08,125.36000061035156,124.48999786376953,124.58000183105469,124.66999816894531,2835200.0,115.74288177490234
2017-02-09,125.0,124.36000061035156,124.66999816894531,124.4800033569336,2493600.0,115.56647491455078
2017-02-10,126.11000061035156,124.5199966430664,124.68000030517578,125.81999969482422,3681400.0,116.81053161621094
2017-02-13,126.68000030517578,125.48999786376953,126.0199966430664,125.54000091552734,2993800.0,116.55059051513672
2017-02-14,126.06999969482422,125.2699966430664,125.5,125.80999755859375,2663100.0,116.80123901367188
2017-02-15,126.79000091552734,125.44999694824219,125.66000366210938,126.4800033569336,2974900.0,117.42328643798828
2017-02-16,127.81999969482422,126.30999755859375,126.75,126.69999694824219,3006000.0,117.62751007080078
2017-02-17,127.87999725341797,126.68000030517578,126.77999877929688,127.80000305175781,3677400.0,118.64876556396484
2017-02-21,128.32000732421875,127.16000366210938,127.16000366210938,128.0399932861328,4495200.0,118.87156677246094
2017-02-22,128.11000061035156,126.4000015258789,127.5199966430664,127.8499984741211,3670700.0,118.69515228271484
2017-02-23,128.89999389648438,127.44000244140625,127.93000030517578,128.27000427246094,3178000.0,119.08509063720703
2017-02-24,128.74000549316406,127.75,128.36000061035156,128.64999389648438,3537200.0,119.4378662109375
2017-02-27,127.75,126.77999877929688,127.68000030517578,126.98999786376953,5184000.0,118.76451873779297
2017-02-28,127.93000030517578,126.58000183105469,127.08000183105469,127.6500015258789,4619300.0,119.38177490234375
2017-03-01,130.0,127.62000274658203,128.02000427246094,129.0500030517578,5471600.0,120.69110870361328
2017-03-02,129.80999755859375,128.14999389648438,129.0500030517578,128.22999572753906,6738100.0,119.92420196533203
2017-03-03,128.66000366210938,127.44000244140625,128.22999572753906,127.9000015258789,4067700.0,119.6155776977539
2017-03-06,128.33999633789062,127.4000015258789,127.9000015258789,128.02999877929688,3271500.0,119.73715209960938
2017-03-07,128.30999755859375,127.33999633789062,128.05999755859375,128.07000732421875,3332400.0,119.77457427978516
2017-03-08,128.36000061035156,127.47000122070312,128.07000732421875,128.08999633789062,3571700.0,119.79327392578125
2017-03-09,128.72000122070312,127.69000244140625,127.94999694824219,128.13999938964844,3265700.0,119.84001922607422
2017-03-10,128.58999633789062,127.72000122070312,128.55999755859375,127.9800033569336,3178900.0,119.69039916992188
2017-03-13,128.27000427246094,127.3499984741211,128.00999450683594,127.61000061035156,3130800.0,119.3443832397461
2017-03-14,128.22999572753906,127.5,127.6500015258789,127.80000305175781,2492700.0,119.52205657958984
2017-03-15,128.3000030517578,127.47000122070312,128.2100067138672,127.87999725341797,3529300.0,119.59687042236328
2017-03-16,128.89999389648438,127.93000030517578,128.3000030517578,127.9800033569336,3945700.0,119.69039916992188
2017-03-17,129.97999572753906,128.4199981689453,128.57000732421875,128.63999938964844,12532700.0,120.3076400756836
2017-03-20,129.47999572753906,128.47000122070312,128.99000549316406,128.77999877929688,3415500.0,120.4385757446289
2017-03-21,129.75,128.17999267578125,129.22000122070312,128.52000427246094,4062400.0,120.1954345703125
2017-03-22,129.14999389648438,128.41000366210938,128.5800018310547,129.10000610351562,3174200.0,120.73784637451172
2017-03-23,129.58999633789062,128.80999755859375,129.13999938964844,129.0,2774500.0,120.64433288574219
2017-03-24,129.67999267578125,129.16000366210938,129.3800048828125,129.33999633789062,3568200.0,120.9623031616211
2017-03-27,129.82000732421875,129.02000427246094,129.0800018310547,129.49000549316406,2540400.0,121.10259246826172
2017-03-28,129.77000427246094,128.94000244140625,129.4600067138672,129.4499969482422,3487400.0,121.06517791748047
2017-03-29,129.6699981689453,128.6300048828125,129.0,128.83999633789062,3197800.0,120.49468231201172
2017-03-30,129.52999877929688,128.60000610351562,128.75,129.32000732421875,2018000.0,120.94361114501953
2017-03-31,130.19000244140625,129.3000030517578,129.38999938964844,129.61000061035156,3041700.0,121.21481323242188
2017-04-03,129.7100067138672,128.86000061035156,129.5,129.61000061035156,3287100.0,121.21481323242188
2017-04-04,129.52999877929688,128.64999389648438,129.13999938964844,129.2899932861328,3414000.0,120.91554260253906
2017-04-05,131.5800018310547,129.64999389648438,129.88999938964844,130.41000366210938,4052200.0,121.9630126953125
2017-04-06,130.66000366210938,129.9600067138672,130.30999755859375,130.14999389648438,3856900.0,121.71983337402344
2017-04-07,130.39999389648438,129.6199951171875,130.02000427246094,129.9600067138672,2176600.0,121.54214477539062
2017-04-10,130.64999389648438,129.52000427246094,129.9499969482422,129.97999572753906,2709300.0,121.56085205078125
2017-04-11,131.24000549316406,129.8000030517578,130.6199951171875,131.1999969482422,3677600.0,122.70182800292969
2017-04-12,131.55999755859375,130.8699951171875,131.30999755859375,131.25999450683594,3195500.0,122.75794219970703
2017-04-13,131.13999938964844,130.57000732421875,131.0,130.75999450683594,2429200.0,122.29031372070312
2017-04-17,131.8699951171875,130.91000366210938,131.25,131.35000610351562,3236400.0,122.84211730957031
2017-04-18,132.8000030517578,131.8000030517578,132.00999450683594,132.3000030517578,3617400.0,123.7305908203125
2017-04-19,133.0,132.33999633789062,132.63999938964844,132.63999938964844,3132800.0,124.04855346679688
2017-04-20,133.44000244140625,132.63999938964844,132.64999389648438,133.27000427246094,2697300.0,124.63776397705078
2017-04-21,133.8800048828125,133.14999389648438,133.5500030517578,133.41000366210938,3466100.0,124.76868438720703
2017-04-24,134.75999450683594,133.25999450683594,134.24000549316406,134.22999572753906,5041000.0,125.53556823730469
2017-04-25,141.99000549316406,137.17999267578125,138.13999938964844,141.6999969482422,10893800.0,132.521728515625
2017-04-26,142.0,140.33999633789062,141.6999969482422,140.83999633789062,7132200.0,131.71742248535156
2017-04-27,142.7899932861328,140.85000610351562,141.8800048828125,140.8699951171875,5183700.0,131.74546813964844
2017-04-28,140.75999450683594,139.77999877929688,140.38999938964844,139.92999267578125,4779900.0,130.86636352539062
2017-05-01,141.4499969482422,139.83999633789062,139.86000061035156,141.14999389648438,3747200.0,132.00733947753906
2017-05-02,141.80999755859375,140.72000122070312,140.97999572753906,141.22999572753906,3774100.0,132.08213806152344
2017-05-03,142.6999969482422,141.39999389648438,142.1999969482422,142.6199951171875,4278400.0,133.38214111328125
2017-05-04,143.6699981689453,142.25999450683594,142.6199951171875,143.4499969482422,4178800.0,134.15835571289062
2017-05-05,143.97999572753906,142.5800018310547,143.4199981689453,143.9600067138672,2452700.0,134.6353302001953
2017-05-08,144.5,143.66000366210938,143.92999267578125,144.24000549316406,2813000.0,134.89720153808594
2017-05-09,144.97999572753906,144.0,144.08999633789062,144.36000061035156,3053800.0,135.0094451904297
2017-05-10,144.63999938964844,143.72999572753906,143.86000061035156,144.52000427246094,2273300.0,135.1590576171875
2017-05-11,144.41000366210938,143.39999389648438,144.0800018310547,144.2100067138672,1941900.0,134.86912536621094
2017-05-12,145.5,144.4600067138672,144.5,145.36000061035156,2747900.0,135.94464111328125
2017-05-15,146.39999389648438,145.42999267578125,145.42999267578125,146.27999877929688,3332800.0,136.80503845214844
2017-05-16,147.6699981689453,146.27999877929688,146.5500030517578,147.2899932861328,3540900.0,137.7496337890625
2017-05-17,147.4600067138672,146.24000549316406,147.2899932861328,146.41000366210938,3875600.0,136.92665100097656
2017-05-18,147.24000549316406,145.80999755859375,146.41000366210938,147.00999450683594,2730900.0,137.48776245117188
2017-05-19,148.8300018310547,146.83999633789062,147.25,148.14999389648438,4071200.0,138.55392456054688
2017-05-22,148.8800048828125,147.92999267578125,148.3000030517578,148.19000244140625,3294500.0,138.59133911132812
2017-05-23,148.52999877929688,147.64999389648438,148.22000122070312,147.82000732421875,3262300.0,138.24533081054688
2017-05-24,149.99000549316406,147.0,147.94000244140625,149.5,3348900.0,139.81646728515625
2017-05-25,149.9499969482422,149.27000427246094,149.80999755859375,149.77999877929688,3408100.0,140.07835388183594
2017-05-26,150.24000549316406,149.25,149.8699951171875,149.86000061035156,3258200.0,140.1531524658203
2017-05-30,150.3300018310547,149.52000427246094,149.9499969482422,149.92999267578125,3113900.0,140.21864318847656
2017-05-31,151.14999389648438,149.60000610351562,150.1199951171875,150.88999938964844,6415700.0,141.11642456054688
2017-06-01,152.38999938964844,150.35000610351562,150.7899932861328,152.38999938964844,4349800.0,143.41270446777344
2017-06-02,153.89999389648438,152.14999389648438,152.52000427246094,153.74000549316406,4316700.0,144.68319702148438
2017-06-05,153.66000366210938,152.75999450683594,153.6300048828125,152.7899932861328,2633700.0,143.7891387939453
2017-06-06,152.58999633789062,151.2100067138672,152.3699951171875,151.22999572753906,3661900.0,142.321044921875
2017-06-07,152.00999450683594,150.72999572753906,151.22999572753906,151.94000244140625,2922900.0,142.9892120361328
2017-06-08,152.14999389648438,151.00999450683594,151.94000244140625,151.42999267578125,3709900.0,142.50926208496094
2017-06-09,152.0,150.89999389648438,151.8800048828125,151.47999572753906,4143100.0,142.55630493164062
2017-06-12,151.47999572753906,148.0399932861328,151.47999572753906,148.47000122070312,5902600.0,139.7236328125
2017-06-13,150.25,148.6199951171875,148.86000061035156,149.82000732421875,4267700.0,140.994140625
2017-06-14,151.0800018310547,149.91000366210938,150.32000732421875,150.67999267578125,2675500.0,141.80345153808594
2017-06-15,151.52000427246094,149.64999389648438,149.89999389648438,151.1699981689453,2517500.0,142.26458740234375
2017-06-16,152.88999938964844,150.9199981689453,150.97999572753906,151.99000549316406,5443900.0,143.0362548828125
2017-06-19,153.17999267578125,151.83999633789062,152.38999938964844,153.13999938964844,3263800.0,144.11854553222656
2017-06-20,155.27999877929688,153.83999633789062,154.27000427246094,154.07000732421875,3614400.0,144.9937286376953
2017-06-21,154.4199981689453,153.61000061035156,154.17999267578125,153.72999572753906,2448500.0,144.67376708984375
2017-06-22,154.91000366210938,153.67999267578125,153.77999877929688,154.8000030517578,2003800.0,145.6807403564453
2017-06-23,155.4499969482422,154.42999267578125,155.0,154.63999938964844,2214700.0,145.5301971435547
2017-06-26,155.4600067138672,153.52000427246094,155.17999267578125,153.9600067138672,2360900.0,144.8902130126953
2017-06-27,154.82000732421875,153.4600067138672,154.0,153.72000122070312,2139000.0,144.6643829345703
2017-06-28,154.67999267578125,153.74000549316406,154.0399932861328,154.3000030517578,1302800.0,145.21022033691406
2017-06-29,154.5800018310547,152.14999389648438,154.5800018310547,153.1300048828125,1975900.0,144.10914611816406
2017-06-30,153.77000427246094,152.72000122070312,153.3000030517578,153.16000366210938,2508200.0,144.13734436035156
2017-07-03,153.8699951171875,152.47999572753906,153.44000244140625,152.5,1100700.0,143.51625061035156
2017-07-05,153.57000732421875,151.99000549316406,152.82000732421875,153.07000732421875,2497300.0,144.0526580810547
2017-07-06,153.4600067138672,152.3300018310547,152.6999969482422,153.08999633789062,2019800.0,144.07147216796875
2017-07-07,156.55999755859375,153.14999389648438,153.3699951171875,156.27000427246094,4117800.0,147.0641326904297
2017-07-10,156.52999877929688,155.16000366210938,156.27999877929688,155.52000427246094,2402200.0,146.3583221435547
2017-07-11,155.8800048828125,154.00999450683594,155.08999633789062,154.91000366210938,2008800.0,145.7842559814453
2017-07-12,156.75,155.27000427246094,155.41000366210938,156.5800018310547,2094900.0,147.35589599609375
2017-07-13,156.5399932861328,154.33999633789062,156.49000549316406,155.0399932861328,3169700.0,145.90660095214844
2017-07-14,155.5,154.72999572753906,154.99000549316406,155.27999877929688,2440200.0,146.13247680664062
2017-07-17,155.44000244140625,154.6999969482422,155.42999267578125,155.25999450683594,2408700.0,146.1136474609375
2017-07-18,155.27000427246094,153.3699951171875,155.0,153.9600067138672,3890300.0,144.8902130126953
2017-07-19,154.4600067138672,153.47999572753906,154.1300048828125,153.88999938964844,3072200.0,144.8243408203125
2017-07-20,155.22000122070312,153.5500030517578,154.02999877929688,154.2100067138672,2240200.0,145.12547302246094
2017-07-21,154.6999969482422,153.2899932861328,154.05999755859375,153.9199981689453,3522400.0,144.85256958007812
2017-07-24,154.22000122070312,151.77000427246094,154.0,151.85000610351562,5307400.0,142.904541015625
2017-07-25,159.97999572753906,156.5399932861328,157.75,159.07000732421875,9511400.0,149.69920349121094
2017-07-26,159.0,155.67999267578125,158.75999450683594,156.50999450683594,4679000.0,147.29000854492188
2017-07-27,157.42999267578125,155.5399932861328,156.4199981689453,156.9499969482422,4624100.0,147.70407104492188
2017-07-28,156.66000366210938,155.07000732421875,156.36000061035156,155.85000610351562,3964500.0,146.66888427734375
2017-07-31,156.4199981689453,154.85000610351562,155.9199981689453,155.13999938964844,4272400.0,146.00071716308594
2017-08-01,155.89999389648438,153.7100067138672,154.97999572753906,154.0399932861328,4185100.0,144.96551513671875
2017-08-02,156.64999389648438,153.7100067138672,153.75999450683594,156.58999633789062,3326000.0,147.36529541015625
2017-08-03,156.77000427246094,154.41000366210938,156.55999755859375,154.72000122070312,3666100.0,145.60546875
2017-08-04,154.82000732421875,153.22999572753906,154.61000061035156,153.82000732421875,4435400.0,144.75848388671875
2017-08-07,155.38999938964844,154.0,154.13999938964844,154.97000122070312,3252100.0,145.8407440185547
2017-08-08,155.25,154.10000610351562,154.6699981689453,154.9199981689453,4234300.0,145.79367065429688
2017-08-09,155.67999267578125,154.35000610351562,155.3000030517578,154.9199981689453,3006500.0,145.79367065429688
2017-08-10,157.1999969482422,154.25,154.3300018310547,156.6199951171875,3874500.0,147.3935089111328
2017-08-11,158.39999389648438,156.6300048828125,156.8800048828125,157.3000030517578,2925000.0,148.03347778320312
2017-08-14,157.89999389648438,156.4600067138672,157.4499969482422,157.25999450683594,2809100.0,147.99581909179688
2017-08-15,158.5800018310547,157.33999633789062,157.83999633789062,157.6199951171875,2160100.0,148.33460998535156
2017-08-16,159.3800048828125,157.60000610351562,157.88999938964844,158.89999389648438,2921800.0,149.53919982910156
2017-08-17,159.52999877929688,157.80999755859375,158.75,157.88999938964844,3071600.0,148.58868408203125
2017-08-18,158.27999877929688,157.02000427246094,157.99000549316406,157.75999450683594,2595700.0,148.46636962890625
2017-08-21,158.63999938964844,157.5399932861328,158.1699981689453,158.36000061035156,2195100.0,149.03102111816406
2017-08-22,159.94000244140625,158.38999938964844,158.5,159.63999938964844,2122600.0,150.2356414794922
2017-08-23,159.3699951171875,158.3800048828125,159.3000030517578,158.80999755859375,2190700.0,149.45448303222656
2017-08-24,159.67999267578125,158.3300018310547,159.11000061035156,158.41000366210938,1634800.0,149.0780792236328
2017-08-25,159.33999633789062,158.52999877929688,158.88999938964844,158.82000732421875,2019600.0,149.46389770507812
2017-08-28,159.9600067138672,158.66000366210938,159.0399932861328,159.6699981689453,2027300.0,150.26382446289062
2017-08-29,159.75999450683594,158.72999572753906,159.1999969482422,159.3800048828125,3283400.0,149.99093627929688
2017-08-30,159.63999938964844,158.32000732421875,158.39999389648438,159.52999877929688,2236500.0,151.02281188964844
2017-08-31,160.0,159.35000610351562,159.77000427246094,159.97000122070312,2717000.0,151.43934631347656
2017-09-01,160.1999969482422,159.5,159.8699951171875,159.80999755859375,1878300.0,151.28785705566406
2017-09-05,159.77999877929688,158.07000732421875,159.0,159.10000610351562,4000500.0,150.61573791503906
2017-09-06,159.3699951171875,158.22000122070312,159.22999572753906,158.22000122070312,4143300.0,149.78268432617188
2017-09-07,160.07000732421875,158.3300018310547,158.47000122070312,159.89999389648438,2965400.0,151.37307739257812
2017-09-08,160.3800048828125,159.17999267578125,159.52999877929688,159.7100067138672,2984200.0,151.1932373046875
2017-09-11,161.72000122070312,159.9199981689453,160.0,161.52999877929688,2333600.0,152.91616821289062
2017-09-12,160.72000122070312,155.77000427246094,160.2100067138672,156.3300018310547,10324100.0,147.9934539794922
2017-09-13,157.77999877929688,156.0,156.74000549316406,157.0,4705600.0,148.6277313232422
2017-09-14,157.35000610351562,156.0500030517578,157.0,157.0,3109700.0,148.6277313232422
2017-09-15,158.0,156.8800048828125,157.7899932861328,156.9199981689453,7425100.0,148.55198669433594
2017-09-18,157.7899932861328,156.35000610351562,157.72000122070312,156.67999267578125,3831900.0,148.32476806640625
2017-09-19,157.89999389648438,156.3300018310547,157.27000427246094,157.42999267578125,3554600.0,149.0347900390625
2017-09-20,159.88999938964844,157.75999450683594,157.89999389648438,159.8800048828125,3641100.0,151.35414123535156
2017-09-21,160.08999633789062,158.50999450683594,159.8699951171875,159.02999877929688,2503400.0,150.5494842529297
2017-09-22,159.74000549316406,158.55999755859375,158.8800048828125,158.91000366210938,2442700.0,150.43589782714844
2017-09-25,158.69000244140625,156.10000610351562,158.47000122070312,156.25999450683594,3661500.0,147.92718505859375
2017-09-26,156.83999633789062,153.27000427246094,156.25,153.35000610351562,6420000.0,145.17234802246094
2017-09-27,154.69000244140625,153.44000244140625,153.50999450683594,154.0500030517578,3915900.0,145.83505249023438
2017-09-28,158.30999755859375,155.47999572753906,156.16000366210938,157.49000549316406,4210200.0,149.09161376953125
2017-09-29,158.0399932861328,156.1199951171875,157.50999450683594,156.67999267578125,3670100.0,148.32476806640625
2017-10-02,157.17999267578125,155.8000030517578,156.0,156.9600067138672,2407000.0,148.58985900878906
2017-10-03,157.4600067138672,156.36000061035156,156.75,156.86000061035156,2188400.0,148.49520874023438
2017-10-04,157.4199981689453,156.64999389648438,156.8300018310547,157.2100067138672,1823100.0,148.8265380859375
2017-10-05,158.9199981689453,157.3000030517578,157.3000030517578,158.8000030517578,2796000.0,150.3317413330078
2017-10-06,160.1300048828125,158.5800018310547,158.5800018310547,159.60000610351562,3548500.0,151.08908081054688
2017-10-09,160.49000549316406,159.5,159.61000061035156,160.1199951171875,2120000.0,151.58135986328125
2017-10-10,161.5800018310547,159.58999633789062,159.69000244140625,160.5800018310547,2909600.0,152.01683044433594
2017-10-11,163.24000549316406,160.5800018310547,160.89999389648438,163.14999389648438,3572500.0,154.44973754882812
2017-10-12,164.39999389648438,162.77000427246094,162.99000549316406,163.91000366210938,3023600.0,155.16925048828125
2017-10-13,165.50999450683594,164.0800018310547,164.4499969482422,165.3699951171875,2957400.0,156.5513916015625
2017-10-16,165.74000549316406,164.44000244140625,165.44000244140625,165.00999450683594,2132300.0,156.2105712890625
2017-10-17,166.02000427246094,164.75,164.9199981689453,165.39999389648438,2379700.0,156.5797576904297
2017-10-18,166.25,163.88999938964844,165.2899932861328,165.77000427246094,2798300.0,156.93006896972656
2017-10-19,166.9499969482422,164.9199981689453,165.82000732421875,166.5,2478100.0,157.62112426757812
2017-10-20,167.89999389648438,165.5,167.22999572753906,166.3000030517578,5577700.0,157.43177795410156
2017-10-23,166.10000610351562,163.08999633789062,166.10000610351562,163.33999633789062,6214800.0,154.629638671875
2017-10-24,166.49000549316406,163.58999633789062,165.25999450683594,163.8800048828125,7855200.0,155.140869140625
2017-10-25,165.1199951171875,163.0,163.41000366210938,163.5800018310547,3716200.0,154.8568572998047
2017-10-26,164.64999389648438,163.75,164.13999938964844,164.00999450683594,2934400.0,155.26390075683594
2017-10-27,165.85000610351562,163.77000427246094,164.08999633789062,165.38999938964844,2298100.0,156.57029724121094
2017-10-30,166.55999755859375,164.6699981689453,165.0,166.22999572753906,2051000.0,157.3655242919922
2017-10-31,167.41000366210938,166.1300048828125,166.25,166.91000366210938,2873000.0,158.00924682617188
2017-11-01,167.99000549316406,165.57000732421875,165.72000122070312,166.3699951171875,2186100.0,157.49803161621094
2017-11-02,168.47000122070312,166.5,166.99000549316406,168.10000610351562,2291000.0,159.13580322265625
2017-11-03,169.4499969482422,167.60000610351562,168.0,168.64999389648438,1959500.0,159.65646362304688
2017-11-06,170.4199981689453,168.60000610351562,168.89999389648438,170.07000732421875,3087700.0,161.00076293945312
2017-11-07,170.82000732421875,169.52000427246094,170.10000610351562,170.77000427246094,2506000.0,161.66342163085938
2017-11-08,170.9199981689453,169.4499969482422,170.1699981689453,170.10000610351562,2605000.0,161.02915954589844
2017-11-09,169.1999969482422,166.10000610351562,168.72000122070312,167.0,4219000.0,158.09446716308594
2017-11-10,166.8000030517578,163.52000427246094,166.39999389648438,165.58999633789062,4226800.0,156.7596435546875
2017-11-13,167.9499969482422,165.0800018310547,165.47000122070312,167.3699951171875,2605600.0,158.44473266601562
2017-11-14,168.4199981689453,166.57000732421875,166.83999633789062,168.11000061035156,2180900.0,159.14524841308594
2017-11-15,168.69000244140625,167.14999389648438,167.69000244140625,167.32000732421875,2019300.0,158.39739990234375
2017-11-16,168.88999938964844,167.52999877929688,167.67999267578125,168.08999633789062,2293400.0,159.12632751464844
2017-11-17,167.6999969482422,166.16000366210938,167.5399932861328,166.72000122070312,2221400.0,157.82940673828125
2017-11-20,167.85000610351562,166.75999450683594,167.3300018310547,166.92999267578125,2442300.0,158.0281982421875
2017-11-21,169.25999450683594,167.50999450683594,167.5500030517578,168.3000030517578,2653100.0,159.32513427734375
2017-11-22,170.35000610351562,168.6699981689453,169.27000427246094,169.0500030517578,2719200.0,160.03514099121094
2017-11-24,169.55999755859375,168.82000732421875,168.8800048828125,169.11000061035156,963200.0,160.0919189453125
2017-11-27,169.17999267578125,168.08999633789062,168.89999389648438,168.9600067138672,2082400.0,159.949951171875
2017-11-28,171.3800048828125,169.0399932861328,169.22999572753906,171.33999633789062,2909900.0,162.2030029296875
2017-11-29,172.02000427246094,169.0500030517578,171.6999969482422,170.42999267578125,4590300.0,161.34153747558594
2017-11-30,173.1699981689453,169.33999633789062,170.24000549316406,171.97000122070312,6023700.0,163.7699432373047
2017-12-01,173.14999389648438,170.38999938964844,172.77000427246094,172.8699951171875,4279200.0,164.62704467773438
2017-12-04,173.47999572753906,170.42999267578125,173.27000427246094,170.64999389648438,3943100.0,162.5128936767578
2017-12-05,174.25,172.4600067138672,173.63999938964844,172.99000549316406,3228700.0,164.7413330078125
2017-12-06,174.44000244140625,173.0,173.47999572753906,173.47999572753906,2618700.0,165.2079315185547
2017-12-07,173.2899932861328,171.9199981689453,172.5500030517578,172.91000366210938,2284800.0,164.66513061523438
2017-12-08,173.5399932861328,172.50999450683594,173.0399932861328,173.14999389648438,2241100.0,164.89369201660156
2017-12-11,173.25,172.22000122070312,172.94000244140625,173.25,2340800.0,164.98892211914062
2017-12-12,173.1999969482422,171.85000610351562,173.0,172.22999572753906,2805900.0,164.01754760742188
2017-12-13,173.9600067138672,172.39999389648438,172.44000244140625,173.5500030517578,2554000.0,165.27459716796875
2017-12-14,174.0800018310547,172.8300018310547,173.66000366210938,173.13999938964844,2666900.0,164.88417053222656
2017-12-15,175.08999633789062,173.67999267578125,174.3000030517578,174.05999755859375,7435200.0,165.7602996826172
2017-12-18,175.77999877929688,174.11000061035156,174.8699951171875,174.1999969482422,2426300.0,165.89364624023438
2017-12-19,174.89999389648438,173.0800018310547,174.38999938964844,173.38999938964844,3122500.0,165.1222381591797
2017-12-20,173.8800048828125,171.7100067138672,173.8300018310547,172.1699981689453,2749400.0,163.9604034423828
2017-12-21,172.75,171.6699981689453,172.60000610351562,171.85000610351562,2343300.0,163.6556854248047
2017-12-22,172.0399932861328,170.5500030517578,171.82000732421875,171.4199981689453,3234100.0,163.24618530273438
2017-12-26,171.63999938964844,170.82000732421875,171.08999633789062,171.2899932861328,1280200.0,163.12237548828125
2017-12-27,172.74000549316406,170.85000610351562,171.3300018310547,172.6699981689453,1596800.0,164.4365692138672
2017-12-28,173.5500030517578,172.6199951171875,173.25999450683594,173.10000610351562,1800100.0,164.84608459472656
2017-12-29,172.97999572753906,171.9199981689453,172.97999572753906,172.1199951171875,2201800.0,163.9127960205078
2018-01-02,174.47999572753906,172.66000366210938,173.72999572753906,173.22000122070312,3696900.0,164.96034240722656
2018-01-03,173.63999938964844,172.0,173.22999572753906,172.49000549316406,3789600.0,164.26515197753906
2018-01-04,174.1300048828125,172.72999572753906,173.24000549316406,173.6999969482422,2756400.0,165.41746520996094
2018-01-05,175.0,173.39999389648438,174.0,174.0500030517578,3737700.0,165.7507781982422
2018-01-08,174.2100067138672,172.92999267578125,173.74000549316406,173.92999267578125,2060800.0,165.63648986816406
2018-01-09,174.22999572753906,173.00999450683594,174.22999572753906,173.5399932861328,2674300.0,165.26507568359375
2018-01-10,174.0,172.47000122070312,173.5,173.50999450683594,2172500.0,165.2364959716797
2018-01-11,174.5500030517578,172.10000610351562,173.55999755859375,173.38999938964844,3078000.0,165.1222381591797
2018-01-12,173.7899932861328,172.8800048828125,173.36000061035156,173.57000732421875,2901600.0,165.29367065429688
2018-01-16,174.41000366210938,172.8800048828125,173.6199951171875,173.67999267578125,3662600.0,165.39842224121094
2018-01-17,175.69000244140625,173.8800048828125,174.35000610351562,174.97999572753906,4129600.0,166.63644409179688
2018-01-18,175.4499969482422,173.89999389648438,175.19000244140625,174.57000732421875,2154800.0,166.2459716796875
2018-01-19,176.63999938964844,174.3800048828125,174.99000549316406,176.1199951171875,3746300.0,167.7220916748047
2018-01-22,176.8300018310547,175.61000061035156,175.97000122070312,176.2100067138672,3217900.0,167.8077850341797
2018-01-23,177.75,174.85000610351562,175.57000732421875,176.80999755859375,3197600.0,168.37918090820312
2018-01-24,177.3000030517578,175.25,177.3000030517578,176.1199951171875,2810800.0,167.7220916748047
2018-01-25,176.6199951171875,174.66000366210938,176.39999389648438,175.66000366210938,2815800.0,167.28402709960938
2018-01-26,178.39999389648438,175.00999450683594,175.6699981689453,178.36000061035156,3957700.0,169.85528564453125
2018-01-29,178.6999969482422,177.24000549316406,178.3000030517578,177.77000427246094,6091900.0,169.2934112548828
2018-01-30,177.6699981689453,170.85000610351562,177.10000610351562,172.47999572753906,9613000.0,164.25564575195312
2018-01-31,174.3000030517578,170.27000427246094,173.60000610351562,171.13999938964844,7004200.0,162.9795379638672
2018-02-01,173.5399932861328,168.88999938964844,170.27000427246094,171.89999389648438,4751300.0,163.7032928466797
2018-02-02,172.72999572753906,168.99000549316406,170.8000030517578,169.3800048828125,4604500.0,161.30345153808594
2018-02-05,169.4600067138672,153.86000061035156,168.61000061035156,163.85000610351562,7309300.0,156.03713989257812
2018-02-06,166.0500030517578,158.25,158.35000610351562,165.17999267578125,7020000.0,157.30372619628906
2018-02-07,168.25999450683594,164.52000427246094,164.86000061035156,165.7100067138672,4974000.0,157.80845642089844
2018-02-08,165.72999572753906,158.75999450683594,165.69000244140625,158.97000122070312,5656000.0,151.3898468017578
2018-02-09,161.97999572753906,155.22999572753906,159.97999572753906,160.8000030517578,7187100.0,153.132568359375
2018-02-12,165.88999938964844,161.5,162.3699951171875,163.89999389648438,5255900.0,156.08474731445312
2018-02-13,163.8300018310547,161.72000122070312,163.0,162.39999389648438,5406000.0,154.6562957763672
2018-02-14,162.02000427246094,159.67999267578125,161.44000244140625,159.99000549316406,5865600.0,152.36119079589844
2018-02-15,161.52000427246094,158.80999755859375,161.13999938964844,160.77999877929688,5012100.0,153.11351013183594
2018-02-16,159.89999389648438,157.75999450683594,159.47000122070312,157.7899932861328,7165800.0,150.26609802246094
2018-02-20,159.16000366210938,156.27999877929688,157.0,157.16000366210938,5211100.0,149.66616821289062
2018-02-21,161.32000732421875,157.60000610351562,157.75999450683594,158.63999938964844,7833400.0,151.0755615234375
2018-02-22,161.39999389648438,158.89999389648438,158.9499969482422,160.66000366210938,4398200.0,152.99925231933594
2018-02-23,163.30999755859375,161.44000244140625,161.44000244140625,163.05999755859375,4272400.0,155.28480529785156
2018-02-26,164.75,162.3000030517578,164.0,163.5800018310547,4525200.0,155.780029296875
2018-02-27,164.5,160.63999938964844,164.19000244140625,160.66000366210938,4907500.0,152.99925231933594
2018-02-28,161.2100067138672,157.72000122070312,160.42999267578125,157.74000549316406,6116800.0,151.1688232421875
2018-03-01,160.42999267578125,155.2100067138672,157.8000030517578,155.6999969482422,5609000.0,149.2138214111328
2018-03-02,150.4499969482422,146.83999633789062,148.91000366210938,148.27000427246094,11754300.0,142.09332275390625
2018-03-05,151.47999572753906,147.9199981689453,148.27999877929688,151.02999877929688,6397800.0,144.73834228515625
2018-03-06,151.7100067138672,150.1300048828125,151.25,151.1999969482422,5015400.0,144.90127563476562
2018-03-07,152.74000549316406,149.67999267578125,149.86000061035156,152.3800048828125,4492000.0,146.0321044921875
2018-03-08,154.61000061035156,152.64999389648438,152.72999572753906,154.44000244140625,4291400.0,148.00631713867188
2018-03-09,157.72999572753906,154.83999633789062,155.6199951171875,157.24000549316406,5076500.0,150.68966674804688
2018-03-12,159.4499969482422,157.50999450683594,157.74000549316406,157.74000549316406,4461500.0,151.1688232421875
2018-03-13,159.88999938964844,158.2100067138672,158.55999755859375,158.22000122070312,4333100.0,151.62884521484375
2018-03-14,159.50999450683594,157.24000549316406,159.0,158.24000549316406,3879000.0,151.6479949951172
2018-03-15,162.14999389648438,158.58999633789062,158.7100067138672,161.61000061035156,5925700.0,154.8776092529297
2018-03-16,163.22999572753906,161.5800018310547,161.8800048828125,162.36000061035156,14293800.0,155.59637451171875
2018-03-19,162.36000061035156,158.2100067138672,162.0,159.00999450683594,4307600.0,152.3859100341797
2018-03-20,160.6699981689453,159.25,159.75,159.3800048828125,3105100.0,152.74050903320312
2018-03-21,160.41000366210938,158.2899932861328,160.0,158.66000366210938,3871900.0,152.05050659179688
2018-03-22,159.1199951171875,156.85000610351562,157.85000610351562,157.0399932861328,3669400.0,150.4979705810547
2018-03-23,157.77999877929688,154.9199981689453,157.58999633789062,154.97999572753906,3447400.0,148.5238037109375
2018-03-26,158.1999969482422,156.2100067138672,156.2100067138672,158.00999450683594,3477000.0,151.42755126953125
2018-03-27,159.77000427246094,156.47000122070312,158.5,157.47999572753906,3519100.0,150.9196319580078
2018-03-28,159.75999450683594,157.82000732421875,157.83999633789062,158.41000366210938,3913200.0,151.81089782714844
2018-03-29,159.8300018310547,156.3800048828125,159.0,156.3800048828125,5289500.0,149.86546325683594
2018-04-02,160.16000366210938,155.25,158.27000427246094,157.72000122070312,6960100.0,151.149658203125
2018-04-03,160.52999877929688,157.3000030517578,157.97999572753906,160.39999389648438,4719400.0,153.718017578125
2018-04-04,162.14999389648438,157.8800048828125,158.5,161.72999572753906,4888000.0,154.99258422851562
2018-04-05,164.55999755859375,161.75,162.39999389648438,163.9499969482422,4503900.0,157.1201171875
2018-04-06,163.77999877929688,160.91000366210938,162.4199981689453,161.25,4321900.0,154.53260803222656
2018-04-09,163.57000732421875,161.05999755859375,162.22000122070312,161.22999572753906,3581500.0,154.51341247558594
2018-04-10,163.9600067138672,162.0500030517578,162.8300018310547,162.77000427246094,3902600.0,155.98928833007812
2018-04-11,164.05999755859375,162.27999877929688,162.5,163.33999633789062,2711100.0,156.5355224609375
2018-04-12,165.39999389648438,161.5399932861328,163.58999633789062,161.6199951171875,5178900.0,154.88719177246094
2018-04-13,163.16000366210938,161.25999450683594,162.16000366210938,161.72999572753906,2452800.0,154.99258422851562
2018-04-16,162.44000244140625,160.86000061035156,161.3000030517578,161.6300048828125,3115200.0,154.89678955078125
2018-04-17,163.47999572753906,162.05999755859375,162.38999938964844,162.5500030517578,2861900.0,155.7784423828125
2018-04-18,163.30999755859375,161.74000549316406,162.58999633789062,161.80999755859375,2503100.0,155.0692596435547
2018-04-19,162.10000610351562,158.77999877929688,161.61000061035156,159.52999877929688,3276600.0,152.88424682617188
2018-04-20,160.72999572753906,158.50999450683594,159.3300018310547,158.77000427246094,3961200.0,152.15589904785156
2018-04-23,159.69000244140625,158.14999389648438,158.97000122070312,158.99000549316406,3051900.0,152.36676025390625
2018-04-24,159.8300018310547,156.75999450683594,159.75,157.32000732421875,2904400.0,150.7663116455078
2018-04-25,157.33999633789062,155.00999450683594,157.08999633789062,155.94000244140625,3710200.0,149.44381713867188
2018-04-26,159.4600067138672,155.64999389648438,156.4600067138672,158.89999389648438,3680600.0,152.28050231933594
2018-04-27,159.85000610351562,158.2100067138672,159.47999572753906,158.3000030517578,4141500.0,151.70547485351562
2018-04-30,167.9499969482422,163.75,164.69000244140625,167.44000244140625,12954700.0,160.46475219726562
2018-05-01,166.5,162.10000610351562,166.3800048828125,163.44000244140625,6560100.0,156.63137817382812
2018-05-02,163.1999969482422,160.44000244140625,162.14999389648438,160.67999267578125,4318400.0,153.986328125
2018-05-03,160.83999633789062,159.0800018310547,160.60000610351562,160.0800018310547,3450100.0,153.4113311767578
2018-05-04,165.4499969482422,159.89999389648438,159.9499969482422,165.02999877929688,4283600.0,158.1551513671875
2018-05-07,167.3000030517578,164.64999389648438,166.77000427246094,165.0,3379000.0,158.12637329101562
2018-05-08,165.58999633789062,163.75,164.44000244140625,164.77000427246094,2808100.0,157.90594482421875
2018-05-09,165.2100067138672,163.0500030517578,165.0,164.24000549316406,2762500.0,157.3980255126953
2018-05-10,165.63999938964844,164.30999755859375,164.4499969482422,165.07000732421875,1675100.0,158.19346618652344
2018-05-11,165.97999572753906,164.85000610351562,165.0,165.38999938964844,2258500.0,158.5001220703125
2018-05-14,165.97999572753906,164.32000732421875,165.64999389648438,164.72000122070312,2537300.0,157.85804748535156
2018-05-15,164.64999389648438,162.3300018310547,164.27000427246094,163.05999755859375,3471300.0,156.26718139648438
2018-05-16,163.94000244140625,161.74000549316406,163.24000549316406,162.8699951171875,2522000.0,156.08511352539062
2018-05-17,163.22999572753906,160.72999572753906,162.6300048828125,161.30999755859375,2975500.0,154.590087890625
2018-05-18,162.83999633789062,160.5500030517578,161.67999267578125,160.97999572753906,2318000.0,154.27381896972656
2018-05-21,161.97000122070312,160.61000061035156,161.77999877929688,161.47999572753906,2424000.0,154.7530059814453
2018-05-22,162.08999633789062,159.16000366210938,162.05999755859375,159.4499969482422,3224000.0,152.8075714111328
2018-05-23,161.64999389648438,159.16000366210938,159.6999969482422,161.6199951171875,3835100.0,154.88719177246094
2018-05-24,162.60000610351562,160.44000244140625,161.11000061035156,162.38999938964844,3378000.0,155.62510681152344
2018-05-25,163.9499969482422,162.10000610351562,162.44000244140625,163.2100067138672,2582100.0,156.41094970703125
2018-05-29,162.72000122070312,160.2100067138672,162.42999267578125,160.6199951171875,3197100.0,153.92884826660156
2018-05-30,162.10000610351562,160.82000732421875,161.41000366210938,161.82000732421875,2396500.0,155.07884216308594
2018-05-31,161.6300048828125,159.94000244140625,161.17999267578125,160.00999450683594,4881100.0,153.34426879882812
2018-06-01,160.0500030517578,159.02000427246094,159.89999389648438,159.16000366210938,3203800.0,153.4985809326172
2018-06-04,160.49000549316406,159.5399932861328,160.0800018310547,160.22000122070312,3174600.0,154.52085876464844
2018-06-05,160.99000549316406,158.97999572753906,159.97000122070312,159.47999572753906,2952300.0,153.8071746826172
2018-06-06,162.38999938964844,159.3300018310547,159.7899932861328,162.3800048828125,3586200.0,156.6040496826172
2018-06-07,170.0,163.69000244140625,163.75,169.47999572753906,8342500.0,163.4514923095703
2018-06-08,171.55999755859375,168.4600067138672,169.02000427246094,168.91000366210938,5056600.0,162.90176391601562
2018-06-11,169.0399932861328,166.25999450683594,169.0399932861328,166.49000549316406,3246500.0,160.56784057617188
2018-06-12,167.24000549316406,166.22999572753906,166.82000732421875,166.72999572753906,2985300.0,160.79928588867188
2018-06-13,167.61000061035156,166.5500030517578,166.99000549316406,166.5800018310547,3140500.0,160.65463256835938
2018-06-14,167.94000244140625,166.67999267578125,167.0399932861328,167.0500030517578,2390000.0,161.10792541503906
2018-06-15,166.60000610351562,164.58999633789062,166.10000610351562,166.4600067138672,7384400.0,160.53890991210938
2018-06-18,166.5800018310547,163.80999755859375,165.52999877929688,166.27999877929688,4297700.0,160.36529541015625
2018-06-19,165.50999450683594,164.24000549316406,164.6199951171875,164.97000122070312,3350400.0,159.10189819335938
2018-06-20,165.52999877929688,162.3699951171875,164.91000366210938,162.55999755859375,3649500.0,156.7776336669922
2018-06-21,163.60000610351562,159.5399932861328,163.2899932861328,160.52999877929688,4655800.0,154.81985473632812
2018-06-22,165.13999938964844,161.25999450683594,161.27000427246094,164.5500030517578,8703600.0,158.69683837890625
2018-06-25,163.0,158.9499969482422,163.0,159.80999755859375,6126800.0,154.12542724609375
2018-06-26,161.85000610351562,159.8000030517578,160.00999450683594,160.91000366210938,3375100.0,155.18630981445312
2018-06-27,160.49000549316406,157.3800048828125,159.0500030517578,157.4199981689453,4962100.0,151.8204345703125
2018-06-28,157.3300018310547,155.10000610351562,157.25,156.32000732421875,4136500.0,150.7595977783203
2018-06-29,157.9499969482422,156.07000732421875,156.75999450683594,156.69000244140625,4024500.0,151.11643981933594
2018-07-02,156.8699951171875,155.4499969482422,155.99000549316406,156.8699951171875,3024000.0,151.29000854492188
2018-07-03,157.82000732421875,156.30999755859375,157.36000061035156,156.47999572753906,1437700.0,150.9138946533203
2018-07-05,157.6699981689453,156.5,156.89999389648438,157.32000732421875,2248300.0,151.72402954101562
2018-07-06,160.57000732421875,157.4499969482422,157.77000427246094,159.4199981689453,3298800.0,153.7493133544922
2018-07-09,160.8000030517578,159.3699951171875,160.47000122070312,159.94000244140625,2477300.0,154.25082397460938
2018-07-10,160.97999572753906,159.4600067138672,159.8300018310547,160.6199951171875,2187500.0,154.90663146972656
2018-07-11,159.7100067138672,157.6999969482422,158.88999938964844,158.6199951171875,3203800.0,152.977783203125
2018-07-12,159.77999877929688,158.82000732421875,159.14999389648438,159.1199951171875,2360800.0,153.45999145507812
2018-07-13,158.75999450683594,155.27999877929688,157.39999389648438,158.50999450683594,5186500.0,152.87168884277344
2018-07-16,159.27999877929688,157.9600067138672,158.6199951171875,158.77999877929688,2818200.0,153.13209533691406
2018-07-17,160.0,158.55999755859375,158.55999755859375,159.75,1877500.0,154.0675811767578
2018-07-18,159.8699951171875,157.80999755859375,159.85000610351562,157.92999267578125,3824000.0,152.3123321533203
2018-07-19,158.63999938964844,157.11000061035156,157.58999633789062,157.41000366210938,4869700.0,151.81082153320312
2018-07-20,158.35000610351562,156.27999877929688,157.1999969482422,157.97000122070312,2695500.0,152.35089111328125
2018-07-23,158.8300018310547,157.0399932861328,157.8000030517578,158.75,2754300.0,153.10313415527344
2018-07-24,159.5800018310547,157.52000427246094,159.24000549316406,157.94000244140625,3388400.0,152.32196044921875
2018-07-25,158.99000549316406,157.41000366210938,157.69000244140625,158.88999938964844,4193400.0,153.23817443847656
2018-07-26,158.88999938964844,154.7100067138672,158.22999572753906,156.13999938964844,7409800.0,150.5859832763672
2018-07-27,158.00999450683594,156.39999389648438,156.5800018310547,157.47999572753906,4234100.0,151.87832641601562
2018-07-30,160.02000427246094,157.08999633789062,157.38999938964844,158.63999938964844,3274800.0,152.99705505371094
2018-07-31,159.0,157.22999572753906,158.6999969482422,157.5399932861328,3530000.0,151.93617248535156
2018-08-01,157.22000122070312,155.66000366210938,156.57000732421875,156.9199981689453,4252800.0,151.33824157714844
2018-08-02,156.92999267578125,153.1300048828125,156.64999389648438,155.41000366210938,6245900.0,149.88194274902344
2018-08-03,156.97000122070312,154.2899932861328,155.6999969482422,156.2100067138672,3673100.0,150.65350341796875
2018-08-06,157.41000366210938,155.4600067138672,156.02999877929688,156.72000122070312,2375200.0,151.1453857421875
2018-08-07,157.1999969482422,155.83999633789062,156.91000366210938,156.0399932861328,1929300.0,150.4895477294922
2018-08-08,158.92999267578125,156.1699981689453,156.49000549316406,158.9199981689453,2988000.0,153.26710510253906
2018-08-09,159.6199951171875,157.9600067138672,158.83999633789062,159.3000030517578,2764500.0,153.6335906982422
2018-08-10,159.50999450683594,157.8699951171875,158.33999633789062,158.67999267578125,3343200.0,153.03562927246094
2018-08-13,158.99000549316406,157.25,158.47999572753906,158.13999938964844,2879600.0,152.5148468017578
2018-08-14,161.42999267578125,158.19000244140625,158.35000610351562,160.60000610351562,3111600.0,154.88734436035156
2018-08-15,160.4600067138672,158.3699951171875,159.80999755859375,159.8800048828125,3355500.0,154.19296264648438
2018-08-16,162.27999877929688,160.14999389648438,160.14999389648438,161.72999572753906,2822100.0,155.97715759277344
2018-08-17,161.89999389648438,160.24000549316406,161.89999389648438,161.14999389648438,2527400.0,155.4177703857422
2018-08-20,162.16000366210938,161.10000610351562,161.2899932861328,161.67999267578125,2659500.0,155.92892456054688
2018-08-21,161.9499969482422,161.02000427246094,161.4600067138672,161.0399932861328,1920900.0,155.31167602539062
2018-08-22,161.50999450683594,160.0800018310547,161.41000366210938,160.5500030517578,2361500.0,154.83912658691406
2018-08-23,160.7899932861328,158.3699951171875,160.55999755859375,159.0500030517578,2755500.0,153.39247131347656
2018-08-24,159.86000061035156,158.3000030517578,158.74000549316406,159.3800048828125,2199400.0,153.71075439453125
2018-08-27,160.52000427246094,159.1999969482422,160.22999572753906,160.47999572753906,2627100.0,154.7716064453125
2018-08-28,161.6699981689453,160.16000366210938,160.5500030517578,161.63999938964844,2138000.0,155.89035034179688
2018-08-29,163.33999633789062,161.69000244140625,161.9199981689453,163.11000061035156,3168200.0,157.3080596923828
2018-08-30,163.2899932861328,162.3699951171875,163.02999877929688,162.8000030517578,3038400.0,157.00909423828125
2018-08-31,162.91000366210938,161.52999877929688,161.52999877929688,162.22999572753906,3649700.0,157.4360809326172
2018-09-04,161.97999572753906,160.07000732421875,161.80999755859375,161.72000122070312,3296300.0,156.941162109375
2018-09-05,163.39999389648438,161.19000244140625,161.60000610351562,163.24000549316406,2749200.0,158.416259765625
2018-09-06,164.3000030517578,162.6999969482422,163.0399932861328,163.74000549316406,3133800.0,158.90147399902344
2018-09-07,164.1999969482422,163.13999938964844,163.5800018310547,163.89999389648438,2868300.0,159.0567169189453
2018-09-10,166.02000427246094,164.24000549316406,164.47999572753906,165.07000732421875,3080100.0,160.1921844482422
2018-09-11,165.92999267578125,164.1999969482422,164.8800048828125,164.6199951171875,2946400.0,159.75547790527344
2018-09-12,165.4199981689453,163.74000549316406,164.32000732421875,164.74000549316406,2613300.0,159.87193298339844
2018-09-13,165.4600067138672,161.6999969482422,165.4499969482422,162.39999389648438,3663600.0,157.60107421875
2018-09-14,163.11000061035156,160.25,163.0,160.83999633789062,3939800.0,156.08714294433594
2018-09-17,159.82000732421875,156.55999755859375,159.5500030517578,158.13999938964844,5360000.0,153.46694946289062
2018-09-18,159.0800018310547,157.5800018310547,158.1699981689453,157.77000427246094,3722800.0,153.10787963867188
2018-09-19,159.49000549316406,157.72000122070312,158.7100067138672,159.17999267578125,2822000.0,154.47622680664062
2018-09-20,161.0500030517578,159.3699951171875,160.2100067138672,160.7899932861328,3218700.0,156.03863525390625
2018-09-21,165.3000030517578,162.50999450683594,162.7100067138672,165.3000030517578,8805500.0,160.41537475585938
2018-09-24,164.0800018310547,161.1199951171875,163.89999389648438,163.30999755859375,4375300.0,158.48416137695312
2018-09-25,167.17999267578125,164.07000732421875,164.58999633789062,166.41000366210938,5282900.0,161.49258422851562
2018-09-26,167.50999450683594,165.5500030517578,166.39999389648438,165.75999450683594,3092600.0,160.8617706298828
2018-09-27,167.27000427246094,165.3000030517578,165.6199951171875,166.52999877929688,2390700.0,161.60902404785156
2018-09-28,167.8300018310547,166.50999450683594,166.74000549316406,167.2899932861328,3390200.0,162.3465576171875
2018-10-01,168.9499969482422,166.66000366210938,168.3699951171875,166.6699981689453,3118200.0,161.744873046875
2018-10-02,167.0399932861328,165.17999267578125,166.35000610351562,165.17999267578125,3071200.0,160.29891967773438
2018-10-03,167.60000610351562,164.3699951171875,166.10000610351562,164.66000366210938,3830300.0,159.7943115234375
2018-10-04,166.07000732421875,164.5,164.88999938964844,165.8000030517578,3230400.0,160.90060424804688
2018-10-05,167.49000549316406,165.7899932861328,166.24000549316406,166.57000732421875,2822500.0,161.64784240722656
2018-10-08,168.1699981689453,166.1199951171875,166.25,167.77000427246094,2560500.0,162.8123779296875
2018-10-09,170.55999755859375,167.80999755859375,168.16000366210938,169.8300018310547,4157900.0,164.81150817871094
2018-10-10,172.0,168.22000122070312,171.99000549316406,168.3699951171875,4190500.0,163.3946533203125
2018-10-11,167.6699981689453,161.82000732421875,166.41000366210938,162.97000122070312,5430700.0,158.1542205810547
2018-10-12,164.9600067138672,161.86000061035156,163.92999267578125,163.82000732421875,3446100.0,158.9791259765625
2018-10-15,165.47000122070312,163.63999938964844,164.69000244140625,163.6699981689453,4265900.0,158.8335418701172
2018-10-16,164.4600067138672,162.89999389648438,163.44000244140625,164.07000732421875,4094700.0,159.2217254638672
2018-10-17,167.72999572753906,164.11000061035156,164.47000122070312,166.77000427246094,3608400.0,161.8419189453125
2018-10-18,167.99000549316406,165.77000427246094,166.63999938964844,166.80999755859375,3378600.0,161.88075256347656
2018-10-19,168.14999389648438,166.3000030517578,166.38999938964844,167.49000549316406,3510000.0,162.54066467285156
2018-10-22,169.80999755859375,166.19000244140625,167.97999572753906,166.6300048828125,5703500.0,161.70606994628906
2018-10-23,177.8699951171875,170.5,171.1999969482422,177.14999389648438,12918300.0,171.9152069091797
2018-10-24,178.0,174.42999267578125,176.1300048828125,177.35000610351562,7866400.0,172.1092987060547
2018-10-25,178.27000427246094,174.60000610351562,177.55999755859375,175.30999755859375,4646400.0,170.12957763671875
2018-10-26,174.92999267578125,172.60000610351562,174.60000610351562,173.33999633789062,4741600.0,168.21778869628906
2018-10-29,176.16000366210938,172.22000122070312,175.0,173.22999572753906,3485200.0,168.11102294921875
2018-10-30,178.58999633789062,173.44000244140625,173.50999450683594,178.49000549316406,5582900.0,173.2156219482422
2018-10-31,178.9600067138672,176.3699951171875,178.80999755859375,176.89999389648438,5424700.0,171.67257690429688
2018-11-01,177.35000610351562,174.6999969482422,176.6699981689453,174.8800048828125,3701200.0,169.71229553222656
2018-11-02,176.99000549316406,174.0,176.4499969482422,176.75,4190900.0,171.5270233154297
2018-11-05,181.10000610351562,177.0,177.41000366210938,180.38999938964844,4747300.0,175.05946350097656
2018-11-06,182.86000061035156,179.49000549316406,180.02999877929688,182.7100067138672,4864700.0,177.31089782714844
2018-11-07,184.47999572753906,181.8800048828125,183.0,184.25,4363900.0,178.80540466308594
2018-11-08,186.0399932861328,184.0800018310547,184.2899932861328,185.47999572753906,3318600.0,179.99903869628906
2018-11-09,186.5800018310547,185.07000732421875,186.0,185.94000244140625,3237000.0,180.44544982910156
2018-11-12,187.4199981689453,183.77999877929688,185.9499969482422,184.3699951171875,3080800.0,178.92185974121094
2018-11-13,184.9199981689453,183.32000732421875,183.94000244140625,184.00999450683594,2358100.0,178.57249450683594
2018-11-14,185.08999633789062,183.36000061035156,184.22000122070312,183.85000610351562,3407500.0,178.41722106933594
2018-11-15,183.97999572753906,181.52000427246094,182.97000122070312,183.55999755859375,3351100.0,178.1357879638672
2018-11-16,187.77000427246094,183.4199981689453,183.5,187.58999633789062,3759500.0,182.0467071533203
2018-11-19,188.89999389648438,185.7899932861328,187.74000549316406,186.72000122070312,3745900.0,181.20240783691406
2018-11-20,186.6300048828125,183.02999877929688,185.6699981689453,183.7100067138672,3708300.0,178.28135681152344
2018-11-21,185.57000732421875,182.6999969482422,183.2100067138672,182.72000122070312,3410600.0,177.3206024169922
2018-11-23,183.0,181.07000732421875,182.52000427246094,181.92999267578125,1747700.0,176.553955078125
2018-11-26,184.08999633789062,182.07000732421875,182.39999389648438,183.88999938964844,3843300.0,178.45603942871094
2018-11-27,184.63999938964844,183.19000244140625,183.3300018310547,184.6300048828125,2194200.0,179.17416381835938
2018-11-28,188.0500030517578,184.72000122070312,185.97000122070312,187.85000610351562,3279500.0,182.29901123046875
2018-11-29,190.8800048828125,188.61000061035156,190.72000122070312,189.25999450683594,4617100.0,183.66734313964844
2018-11-30,189.22999572753906,186.75999450683594,188.33999633789062,188.50999450683594,6635700.0,184.06768798828125
2018-12-03,188.4199981689453,184.6699981689453,188.10000610351562,185.3699951171875,4401700.0,181.00169372558594
2018-12-04,188.0800018310547,184.89999389648438,185.7899932861328,185.0399932861328,4436200.0,180.67945861816406
2018-12-06,185.75,182.10000610351562,182.74000549316406,185.4499969482422,4878000.0,181.0797882080078
2018-12-07,187.1999969482422,182.6699981689453,185.3300018310547,182.9600067138672,3088000.0,178.6484832763672
2018-12-10,185.08999633789062,180.5500030517578,182.9600067138672,184.64999389648438,3084900.0,180.29864501953125
2018-12-11,186.8300018310547,182.8699951171875,186.57000732421875,183.58999633789062,2889100.0,179.2636260986328
2018-12-12,184.83999633789062,182.35000610351562,183.92999267578125,183.47999572753906,3024600.0,179.15621948242188
2018-12-13,186.75999450683594,183.80999755859375,184.0,186.42999267578125,2737500.0,182.0366973876953
2018-12-14,185.25999450683594,182.1999969482422,185.25999450683594,183.2899932861328,4450000.0,178.97068786621094
2018-12-17,183.6199951171875,180.1999969482422,182.8000030517578,180.7899932861328,4566700.0,176.5296173095703
2018-12-18,182.61000061035156,179.05999755859375,182.24000549316406,179.7100067138672,4269000.0,175.47506713867188
2018-12-19,182.97999572753906,178.5800018310547,180.9499969482422,179.16000366210938,3883800.0,174.93804931640625
2018-12-20,178.80999755859375,172.5399932861328,178.2100067138672,173.67999267578125,5775300.0,169.58717346191406
2018-12-21,177.64999389648438,173.52999877929688,173.52999877929688,174.14999389648438,8536900.0,170.0460968017578
2018-12-24,175.27000427246094,170.1699981689453,174.24000549316406,170.27999877929688,2400900.0,166.2672882080078
2018-12-26,174.0399932861328,169.0399932861328,170.08999633789062,174.02999877929688,4065500.0,169.92892456054688
2018-12-27,175.7100067138672,170.72999572753906,173.2899932861328,175.7100067138672,3934500.0,171.56935119628906
2018-12-28,177.5,174.85000610351562,176.3000030517578,175.55999755859375,2896800.0,171.42286682128906
2018-12-31,177.8000030517578,175.60000610351562,175.9600067138672,177.57000732421875,2482600.0,173.385498046875
2019-01-02,176.3000030517578,174.1699981689453,175.41000366210938,176.05999755859375,2571500.0,171.9110870361328
2019-01-03,176.4499969482422,174.41000366210938,175.4499969482422,174.89999389648438,3728200.0,170.77842712402344
2019-01-04,179.1999969482422,175.69000244140625,176.02999877929688,178.27999877929688,3194300.0,174.07875061035156
2019-01-07,181.8800048828125,178.13999938964844,178.13999938964844,180.22000122070312,3283000.0,175.97305297851562
2019-01-08,182.2899932861328,179.91000366210938,181.9600067138672,180.60000610351562,2941400.0,176.34408569335938
2019-01-09,180.89999389648438,179.19000244140625,180.55999755859375,180.2899932861328,2680700.0,176.04139709472656
2019-01-10,181.8800048828125,179.32000732421875,179.83999633789062,181.5500030517578,2498500.0,177.27169799804688
2019-01-11,182.39999389648438,180.4600067138672,180.58999633789062,182.3699951171875,2348900.0,178.07237243652344
2019-01-14,181.75,180.69000244140625,181.4199981689453,181.22000122070312,1886200.0,176.94949340820312
2019-01-15,183.2100067138672,180.74000549316406,181.47000122070312,181.02000427246094,3860200.0,176.7541961669922
2019-01-16,181.52999877929688,179.13999938964844,180.94000244140625,179.35000610351562,3375600.0,175.12356567382812
2019-01-17,181.11000061035156,179.02999877929688,179.25,181.11000061035156,3061000.0,176.8420867919922
2019-01-18,183.25999450683594,180.94000244140625,183.0399932861328,182.57000732421875,3498000.0,178.2677001953125
2019-01-22,185.47999572753906,182.25,182.25,184.57000732421875,3190300.0,180.22055053710938
2019-01-23,186.1699981689453,184.11000061035156,184.77999877929688,186.08999633789062,2530700.0,181.70472717285156
2019-01-24,187.8800048828125,185.94000244140625,186.86000061035156,187.3699951171875,3214200.0,182.95455932617188
2019-01-25,189.4199981689453,183.92999267578125,188.77000427246094,184.0,4405600.0,179.66397094726562
2019-01-28,183.72000122070312,181.8300018310547,183.05999755859375,183.60000610351562,4138700.0,179.27340698242188
2019-01-29,183.72000122070312,180.97000122070312,183.27999877929688,182.1699981689453,3666700.0,177.87710571289062
2019-01-30,187.7899932861328,178.6699981689453,182.9199981689453,181.77000427246094,9489900.0,177.48654174804688
2019-01-31,181.85000610351562,176.8699951171875,180.25,178.77999877929688,10440100.0,174.56698608398438
2019-02-01,180.49000549316406,176.47999572753906,179.5500030517578,176.72000122070312,6529200.0,172.55552673339844
2019-02-04,177.77999877929688,175.66000366210938,177.2899932861328,177.5500030517578,4533800.0,173.36598205566406
2019-02-05,179.4199981689453,177.22000122070312,177.7100067138672,177.57000732421875,4495900.0,173.385498046875
2019-02-06,177.5500030517578,175.99000549316406,177.5500030517578,176.17999267578125,3965200.0,172.0282440185547
2019-02-07,176.25999450683594,174.30999755859375,176.0,175.27999877929688,4176300.0,171.1494598388672
2019-02-08,175.47000122070312,174.39999389648438,174.77000427246094,174.75,4051600.0,170.6319580078125
2019-02-11,175.89999389648438,174.1699981689453,175.24000549316406,174.25999450683594,3216400.0,170.1534881591797
2019-02-12,175.27999877929688,173.8000030517578,174.7899932861328,173.97000122070312,4692800.0,169.87033081054688
2019-02-13,174.66000366210938,173.75,174.0,174.14999389648438,5283000.0,170.0460968017578
2019-02-14,176.44000244140625,173.41000366210938,173.92999267578125,175.8699951171875,4428800.0,171.7255401611328
2019-02-15,179.97999572753906,177.00999450683594,177.27999877929688,179.97000122070312,4648600.0,175.72894287109375
2019-02-19,181.89999389648438,179.16000366210938,181.11000061035156,179.25,4765400.0,175.02590942382812
2019-02-20,180.9199981689453,179.33999633789062,179.47000122070312,180.49000549316406,3707400.0,176.2366943359375
2019-02-21,183.33999633789062,180.39999389648438,180.4499969482422,182.80999755859375,4391000.0,178.50201416015625
2019-02-22,183.41000366210938,182.0,182.97999572753906,183.1699981689453,3073500.0,178.853515625
2019-02-25,184.7100067138672,182.41000366210938,183.92999267578125,182.61000061035156,3090800.0,178.3067169189453
2019-02-26,183.80999755859375,182.47000122070312,183.44000244140625,183.2100067138672,2219100.0,178.89259338378906
2019-02-27,184.05999755859375,182.83999633789062,183.07000732421875,183.36000061035156,2261700.0,179.0390625
2019-02-28,183.97999572753906,182.00999450683594,182.1300048828125,183.83999633789062,3297900.0,180.65061950683594
2019-03-01,185.64999389648438,184.07000732421875,184.58999633789062,185.0500030517578,2691000.0,181.83961486816406
2019-03-04,184.72999572753906,179.6999969482422,184.5500030517578,180.58999633789062,4899800.0,177.4569854736328
2019-03-05,181.75,180.35000610351562,180.60000610351562,181.35000610351562,3362500.0,178.2038116455078
2019-03-06,183.4600067138672,181.89999389648438,182.0,182.02999877929688,2083900.0,178.87200927734375
2019-03-07,182.38999938964844,179.9499969482422,182.1199951171875,180.52000427246094,3268100.0,177.38821411132812
2019-03-08,180.0,178.27000427246094,179.75,179.5,2757200.0,176.38589477539062
2019-03-11,181.1199951171875,179.8000030517578,180.0,181.0800018310547,2071500.0,177.93849182128906
2019-03-12,182.10000610351562,180.66000366210938,181.6699981689453,181.8300018310547,2191800.0,178.6754913330078
2019-03-13,183.17999267578125,181.6999969482422,182.52000427246094,182.05999755859375,2612100.0,178.9014892578125
2019-03-14,182.77999877929688,180.6699981689453,181.99000549316406,182.74000549316406,2375300.0,179.56968688964844
2019-03-15,185.4600067138672,182.11000061035156,183.27000427246094,185.3300018310547,6010500.0,182.11476135253906
2019-03-18,186.25999450683594,183.41000366210938,185.97999572753906,183.9499969482422,3669200.0,180.75869750976562
2019-03-19,184.3699951171875,182.52999877929688,184.05999755859375,183.11000061035156,4102800.0,179.9332733154297
2019-03-20,185.36000061035156,182.32000732421875,183.3800048828125,184.97000122070312,3522400.0,181.76100158691406
2019-03-21,186.6300048828125,184.42999267578125,184.44000244140625,186.3699951171875,2830200.0,183.13670349121094
2019-03-22,188.64999389648438,185.94000244140625,185.9600067138672,186.80999755859375,3319600.0,183.56906127929688
2019-03-25,186.4600067138672,184.00999450683594,186.25,185.72000122070312,2651600.0,182.4980010986328
2019-03-26,188.8800048828125,186.35000610351562,186.64999389648438,187.47999572753906,2609600.0,184.2274627685547
2019-03-27,188.66000366210938,187.02999877929688,187.63999938964844,187.50999450683594,1684800.0,184.25692749023438
2019-03-28,189.4499969482422,187.92999267578125,187.97000122070312,189.38999938964844,1977100.0,186.1043243408203
2019-03-29,190.52000427246094,188.91000366210938,190.25,189.89999389648438,2952000.0,186.60546875
2019-04-01,190.85000610351562,187.74000549316406,190.5,188.38999938964844,3195100.0,185.12167358398438
2019-04-02,188.9499969482422,186.6999969482422,188.91000366210938,188.35000610351562,1797700.0,185.08238220214844
2019-04-03,189.24000549316406,187.6199951171875,188.8800048828125,188.35000610351562,2512300.0,185.08238220214844
2019-04-04,190.72999572753906,188.89999389648438,189.0500030517578,189.8699951171875,2324900.0,186.5759735107422
2019-04-05,191.24000549316406,190.07000732421875,190.35000610351562,190.7100067138672,2438400.0,187.4014434814453
2019-04-08,191.5,189.60000610351562,190.7100067138672,189.85000610351562,2290100.0,186.5563507080078
2019-04-09,190.27999877929688,188.44000244140625,189.39999389648438,190.0800018310547,2279500.0,186.7823486328125
2019-04-10,191.3000030517578,188.75999450683594,190.55999755859375,189.22000122070312,2406800.0,185.93728637695312
2019-04-11,189.47999572753906,188.0500030517578,189.27999877929688,188.8800048828125,1740400.0,185.60317993164062
2019-04-12,192.27999877929688,189.57000732421875,189.58999633789062,191.60000610351562,3238800.0,188.27598571777344
2019-04-15,192.35000610351562,190.85000610351562,191.77000427246094,191.85000610351562,1973500.0,188.5216522216797
2019-04-16,193.07000732421875,191.38999938964844,192.5,191.6999969482422,1559200.0,188.37423706054688
2019-04-17,192.35000610351562,191.3699951171875,192.0,191.61000061035156,1875000.0,188.28579711914062
2019-04-18,195.0,191.66000366210938,191.77000427246094,194.91000366210938,2918400.0,191.528564453125
2019-04-22,194.72999572753906,193.3800048828125,194.0,193.9199981689453,1738400.0,190.55572509765625
2019-04-23,195.9499969482422,194.1199951171875,194.30999755859375,195.25999450683594,2192900.0,191.8724822998047
2019-04-24,198.25999450683594,195.33999633789062,195.57000732421875,197.6300048828125,3070100.0,194.2013702392578
2019-04-25,198.02000427246094,195.6199951171875,196.49000549316406,197.92999267578125,2040800.0,194.4961700439453
2019-04-26,198.60000610351562,196.5399932861328,198.47000122070312,197.4199981689453,2302100.0,193.99501037597656
2019-04-29,198.36000061035156,195.39999389648438,197.97999572753906,197.1199951171875,3456100.0,193.70021057128906
2019-04-30,200.0,195.5,198.85000610351562,197.57000732421875,6162300.0,194.1424102783203
2019-05-01,197.19000244140625,193.9499969482422,195.8699951171875,194.1699981689453,4059600.0,190.8013916015625
2019-05-02,195.14999389648438,193.32000732421875,194.19000244140625,194.61000061035156,2418000.0,191.2337646484375
2019-05-03,197.97000122070312,194.75,195.33999633789062,197.52000427246094,2915200.0,194.09327697753906
2019-05-06,199.17999267578125,195.94000244140625,196.52999877929688,198.89999389648438,2371300.0,195.44932556152344
2019-05-07,199.6199951171875,196.72999572753906,197.9600067138672,198.0399932861328,3072500.0,194.604248046875
2019-05-08,199.08999633789062,196.75,197.7100067138672,198.02999877929688,2040900.0,194.59442138671875
2019-05-09,198.30999755859375,196.41000366210938,197.1199951171875,197.72999572753906,1923600.0,194.29962158203125
2019-05-10,200.36000061035156,197.02000427246094,197.05999755859375,199.99000549316406,2668800.0,196.5204315185547
2019-05-13,199.91000366210938,197.27999877929688,198.0,199.02999877929688,2809400.0,195.57708740234375
2019-05-14,199.61000061035156,197.63999938964844,198.8300018310547,198.00999450683594,2787700.0,194.57476806640625
2019-05-15,199.72999572753906,197.5,197.66000366210938,199.07000732421875,1899000.0,195.61639404296875
2019-05-16,200.6300048828125,198.88999938964844,199.36000061035156,199.99000549316406,2520500.0,196.5204315185547
2019-05-17,200.3699951171875,198.8000030517578,198.86000061035156,199.22000122070312,2239600.0,195.76377868652344
2019-05-20,200.67999267578125,198.27999877929688,199.22000122070312,198.99000549316406,2217400.0,195.53778076171875
2019-05-21,201.14999389648438,199.07000732421875,200.88999938964844,199.83999633789062,2264600.0,196.37301635742188
2019-05-22,200.1699981689453,198.5,199.52000427246094,199.9600067138672,1760300.0,196.49095153808594
2019-05-23,199.42999267578125,198.10000610351562,198.80999755859375,198.97000122070312,3560400.0,195.5181121826172
2019-05-24,199.89999389648438,197.3300018310547,199.8699951171875,197.77000427246094,2105800.0,194.3389434814453
2019-05-28,199.3800048828125,196.3800048828125,198.27999877929688,196.6699981689453,3675100.0,193.25802612304688
2019-05-29,196.6999969482422,194.85000610351562,195.85000610351562,196.02000427246094,2925100.0,192.6193084716797
2019-05-30,199.4199981689453,195.77999877929688,196.00999450683594,199.24000549316406,2685000.0,195.783447265625
2019-05-31,200.02999877929688,197.25,197.41000366210938,198.27000427246094,3669100.0,195.9712371826172
2019-06-03,199.10000610351562,197.32000732421875,198.36000061035156,198.77999877929688,3211800.0,196.47531127929688
2019-06-04,200.3000030517578,198.7899932861328,199.0,199.6300048828125,3829900.0,197.31546020507812
2019-06-05,200.55999755859375,199.25,200.0800018310547,200.1300048828125,4294600.0,197.80967712402344
2019-06-06,203.3800048828125,200.02999877929688,200.1199951171875,203.0500030517578,4657600.0,200.69581604003906
2019-06-07,206.38999938964844,203.5,203.5,205.47999572753906,4345000.0,203.09764099121094
2019-06-10,206.10000610351562,199.74000549316406,206.10000610351562,201.3000030517578,4647500.0,198.96609497070312
2019-06-11,203.64999389648438,201.38999938964844,202.3000030517578,203.25999450683594,2991400.0,200.9033660888672
2019-06-12,205.49000549316406,203.6999969482422,204.49000549316406,204.92999267578125,2874000.0,202.55401611328125
2019-06-13,205.39999389648438,203.66000366210938,205.1999969482422,204.49000549316406,2277800.0,202.11912536621094
2019-06-14,205.80999755859375,203.77999877929688,204.0,205.2899932861328,2715800.0,202.9098358154297
2019-06-17,205.75,203.08999633789062,205.75,203.80999755859375,2694400.0,201.44700622558594
2019-06-18,205.39999389648438,203.9199981689453,205.0,204.50999450683594,2470900.0,202.13888549804688
2019-06-19,205.0,202.61000061035156,204.6199951171875,204.5500030517578,2328400.0,202.1784210205078
2019-06-20,205.38999938964844,204.10000610351562,205.0,205.1199951171875,2162200.0,202.74180603027344
2019-06-21,205.94000244140625,203.97999572753906,205.5800018310547,204.25999450683594,4267400.0,201.89178466796875
2019-06-24,205.25,203.6300048828125,204.75,203.9199981689453,2486800.0,201.55572509765625
2019-06-25,206.38999938964844,204.72000122070312,204.8000030517578,205.7100067138672,3020900.0,203.32498168945312
2019-06-26,205.6699981689453,204.00999450683594,205.49000549316406,204.5500030517578,2576000.0,202.1784210205078
2019-06-27,206.35000610351562,204.1999969482422,204.6699981689453,206.27000427246094,2253500.0,203.87847900390625
2019-06-28,207.99000549316406,206.32000732421875,206.89999389648438,207.66000366210938,3658200.0,205.2523651123047
2019-07-01,209.42999267578125,206.19000244140625,208.86000061035156,206.3000030517578,2689500.0,203.90814208984375
2019-07-02,209.5800018310547,206.32000732421875,206.75,209.5800018310547,3120000.0,207.1501007080078
2019-07-03,212.8699951171875,209.6999969482422,209.82000732421875,212.80999755859375,2306000.0,210.3426513671875
2019-07-05,213.00999450683594,210.25,212.3000030517578,211.24000549316406,1876200.0,208.79086303710938
2019-07-08,212.52999877929688,211.22999572753906,211.24000549316406,212.16000366210938,1818000.0,209.7001953125
2019-07-09,212.69000244140625,211.47000122070312,211.99000549316406,212.08999633789062,1618800.0,209.63101196289062
2019-07-10,213.4600067138672,211.9499969482422,212.25,213.0,1842300.0,210.53045654296875
2019-07-11,214.8000030517578,211.61000061035156,214.47000122070312,212.69000244140625,1922800.0,210.2240447998047
2019-07-12,213.39999389648438,211.27000427246094,212.69000244140625,212.99000549316406,1960100.0,210.52056884765625
2019-07-15,214.6999969482422,212.69000244140625,213.6300048828125,214.2100067138672,2408500.0,211.7264404296875
2019-07-16,214.89999389648438,212.14999389648438,213.52999877929688,213.72000122070312,2380400.0,211.24209594726562
2019-07-17,214.89999389648438,213.36000061035156,213.97999572753906,213.7100067138672,1698400.0,211.2322235107422
2019-07-18,215.9499969482422,213.3300018310547,214.0800018310547,215.91000366210938,2261600.0,213.40670776367188
2019-07-19,216.25999450683594,213.8000030517578,215.5800018310547,213.8699951171875,2860500.0,211.39036560058594
2019-07-22,215.3300018310547,212.52000427246094,213.7899932861328,215.0,2580000.0,212.50726318359375
2019-07-23,216.25,212.63999938964844,215.74000549316406,214.30999755859375,2503600.0,211.82525634765625
2019-07-24,214.9499969482422,212.27000427246094,213.83999633789062,212.77999877929688,2971600.0,210.31300354003906
2019-07-25,214.60000610351562,212.30999755859375,212.36000061035156,214.44000244140625,3789000.0,211.95376586914062
2019-07-26,218.9600067138672,214.49000549316406,217.9499969482422,215.5800018310547,5029300.0,213.08053588867188
2019-07-29,217.4199981689453,214.3000030517578,216.0,214.97999572753906,4278600.0,212.48748779296875
2019-07-30,215.2100067138672,211.5800018310547,214.2899932861328,212.33999633789062,2808500.0,209.8780975341797
2019-07-31,212.7100067138672,209.3699951171875,212.0800018310547,210.72000122070312,4048800.0,208.27688598632812
2019-08-01,213.1300048828125,210.11000061035156,211.17999267578125,211.25,3231800.0,208.8007354736328
2019-08-02,215.08999633789062,210.88999938964844,211.3000030517578,214.47999572753906,3516600.0,211.9932861328125
2019-08-05,214.61000061035156,209.42999267578125,213.63999938964844,210.4499969482422,3685600.0,208.010009765625
2019-08-06,214.5500030517578,209.8800048828125,210.5,214.0800018310547,2970300.0,211.59793090820312
2019-08-07,217.55999755859375,211.33999633789062,213.25999450683594,216.8300018310547,3767200.0,214.3160400390625
2019-08-08,219.74000549316406,216.1699981689453,217.30999755859375,218.00999450683594,3724300.0,215.48236083984375
2019-08-09,221.92999267578125,218.0800018310547,218.0800018310547,221.14999389648438,3784000.0,218.58595275878906
2019-08-12,220.64999389648438,216.3699951171875,220.44000244140625,217.16000366210938,2110300.0,214.64222717285156
2019-08-13,220.22000122070312,218.0399932861328,220.0,219.72999572753906,2913300.0,217.1824188232422
2019-08-14,219.74000549316406,216.3800048828125,218.9499969482422,216.47999572753906,3233700.0,213.97010803222656
2019-08-15,218.47999572753906,215.6699981689453,216.0,218.27000427246094,2774100.0,215.73934936523438
2019-08-16,219.82000732421875,217.3000030517578,219.17999267578125,218.47000122070312,2475900.0,215.93702697753906
2019-08-19,220.2100067138672,217.11000061035156,219.99000549316406,218.77999877929688,2721100.0,216.24343872070312
2019-08-20,219.9199981689453,218.35000610351562,218.86000061035156,218.47000122070312,2333800.0,215.93702697753906
2019-08-21,220.7899932861328,218.72999572753906,219.89999389648438,220.7100067138672,2053200.0,218.15106201171875
2019-08-22,220.88999938964844,217.8800048828125,220.5399932861328,219.49000549316406,2550600.0,216.94520568847656
2019-08-23,219.47000122070312,213.88999938964844,219.1699981689453,214.66000366210938,3662300.0,212.17120361328125
2019-08-26,217.17999267578125,214.2100067138672,216.0800018310547,216.91000366210938,2553100.0,214.39512634277344
2019-08-27,217.89999389648438,216.0500030517578,217.5800018310547,216.0500030517578,2070000.0,213.5450897216797
2019-08-28,218.2100067138672,215.39999389648438,216.6199951171875,218.07000732421875,2146100.0,215.5416717529297
2019-08-29,221.02000427246094,218.3699951171875,219.8300018310547,220.5399932861328,2729800.0,217.98301696777344
2019-08-30,220.0,216.94000244140625,219.8000030517578,217.97000122070312,2733700.0,216.58201599121094
2019-09-03,218.6699981689453,216.27999877929688,217.92999267578125,217.1300048828125,3183100.0,215.7473602294922
2019-09-04,219.25999450683594,216.5,217.5,218.5,2252200.0,217.108642578125
2019-09-05,220.3300018310547,218.39999389648438,220.2100067138672,219.49000549316406,2752100.0,218.0923309326172
2019-09-06,220.83999633789062,219.4499969482422,219.80999755859375,220.02999877929688,1976500.0,218.62889099121094
2019-09-09,220.5,217.16000366210938,220.5,217.25999450683594,2569600.0,215.87652587890625
2019-09-10,215.42999267578125,208.27999877929688,215.42999267578125,209.67999267578125,6407600.0,208.34478759765625
2019-09-11,211.5500030517578,208.5399932861328,209.69000244140625,210.1999969482422,3393300.0,208.86148071289062
2019-09-12,214.02999877929688,211.3000030517578,211.89999389648438,212.14999389648438,3439100.0,210.79905700683594
2019-09-13,212.77999877929688,208.9499969482422,212.5,209.80999755859375,3791800.0,208.47396850585938
2019-09-16,209.86000061035156,207.3300018310547,209.3000030517578,207.39999389648438,3437700.0,206.07931518554688
2019-09-17,210.83999633789062,207.49000549316406,208.0,209.85000610351562,3667900.0,208.5137176513672
2019-09-18,210.8800048828125,208.2899932861328,210.64999389648438,210.42999267578125,2534800.0,209.0900115966797
2019-09-19,211.8300018310547,209.8699951171875,210.3800048828125,210.52000427246094,2552000.0,209.17945861816406
2019-09-20,211.77999877929688,209.3699951171875,210.33999633789062,209.38999938964844,5979300.0,208.056640625
2019-09-23,212.47000122070312,209.05999755859375,209.05999755859375,211.5399932861328,2812100.0,210.1929473876953
2019-09-24,213.52000427246094,211.5500030517578,212.5,212.02000427246094,3049800.0,210.66990661621094
2019-09-25,213.14999389648438,211.0,212.02000427246094,212.6300048828125,2414500.0,211.27601623535156
2019-09-26,215.6699981689453,212.47999572753906,214.22000122070312,212.60000610351562,3053100.0,211.2462158203125
2019-09-27,213.6300048828125,212.2899932861328,213.05999755859375,213.16000366210938,2333200.0,211.80264282226562
2019-09-30,215.36000061035156,212.80999755859375,213.16000366210938,214.7100067138672,2488000.0,213.3427734375
2019-10-01,211.6999969482422,208.4600067138672,211.1300048828125,209.02000427246094,4811900.0,207.6890106201172
2019-10-02,208.47999572753906,205.58999633789062,207.92999267578125,206.27000427246094,4171400.0,204.95651245117188
2019-10-03,210.02999877929688,206.3300018310547,206.82000732421875,210.02999877929688,3499900.0,208.69256591796875
2019-10-04,211.7100067138672,210.0399932861328,210.8300018310547,211.69000244140625,2220300.0,210.3419952392578
2019-10-07,212.8699951171875,211.10000610351562,211.10000610351562,211.9199981689453,3057000.0,210.57052612304688
2019-10-08,213.13999938964844,209.97000122070312,210.97999572753906,211.11000061035156,2555900.0,209.7657012939453
2019-10-09,213.47000122070312,211.6199951171875,211.6999969482422,212.8300018310547,1745900.0,211.47474670410156
2019-10-10,213.1300048828125,211.5,211.75999450683594,211.75999450683594,1853100.0,210.4115447998047
2019-10-11,213.27000427246094,208.6699981689453,213.02999877929688,209.02000427246094,3945700.0,207.6890106201172
2019-10-14,210.02000427246094,207.7899932861328,208.0,208.3800048828125,3088000.0,207.05308532714844
2019-10-15,209.72000122070312,206.52000427246094,209.55999755859375,207.22000122070312,3766800.0,205.9004669189453
2019-10-16,208.92999267578125,206.80999755859375,207.0,208.3000030517578,2891400.0,206.9735870361328
2019-10-17,209.49000549316406,206.83999633789062,208.5,206.85000610351562,3340500.0,205.53282165527344
2019-10-18,209.0500030517578,206.72999572753906,206.8000030517578,208.5,3518800.0,207.1723175048828
2019-10-21,210.75999450683594,208.44000244140625,209.6999969482422,209.85000610351562,3684200.0,208.5137176513672
2019-10-22,205.25,199.14999389648438,205.08999633789062,199.27000427246094,10265400.0,198.0010986328125
2019-10-23,201.13999938964844,198.02000427246094,200.11000061035156,199.2100067138672,7943700.0,197.9414825439453
2019-10-24,199.5500030517578,195.7899932861328,199.5399932861328,196.02000427246094,4955600.0,194.77178955078125
2019-10-25,196.64999389648438,194.39999389648438,196.10000610351562,194.61000061035156,4773700.0,193.37075805664062
2019-10-28,195.32000732421875,191.5,194.97999572753906,191.77999877929688,7711400.0,190.55877685546875
2019-10-29,193.1999969482422,191.63999938964844,192.0,192.6199951171875,4454600.0,191.3934326171875
2019-10-30,197.0,191.67999267578125,193.2899932861328,196.88999938964844,6332600.0,195.63624572753906
2019-10-31,198.0,195.6300048828125,197.39999389648438,196.6999969482422,4960600.0,195.44744873046875
2019-11-01,197.97000122070312,193.6999969482422,197.77999877929688,193.94000244140625,4192400.0,192.7050323486328
2019-11-04,190.75,187.5500030517578,190.16000366210938,188.66000366210938,17662100.0,187.45864868164062
2019-11-05,193.0,189.4499969482422,189.64999389648438,192.17999267578125,10496000.0,190.9562225341797
2019-11-06,195.27000427246094,193.0500030517578,193.3000030517578,194.17999267578125,6473500.0,192.94349670410156
2019-11-07,196.0,192.32000732421875,195.72000122070312,193.0800018310547,4820200.0,191.8505096435547
2019-11-08,194.77999877929688,193.22000122070312,194.60000610351562,193.61000061035156,3499400.0,192.37713623046875
2019-11-11,194.25,192.5,193.6300048828125,192.63999938964844,2746700.0,191.41329956054688
2019-11-12,193.86000061035156,192.77000427246094,193.0,193.27999877929688,2930600.0,192.04922485351562
2019-11-13,195.08999633789062,193.50999450683594,193.77000427246094,195.0,3405000.0,193.75828552246094
2019-11-14,195.5,193.16000366210938,195.22999572753906,194.0,3173900.0,192.7646484375
2019-11-15,194.7899932861328,193.30999755859375,194.57000732421875,193.97000122070312,2991300.0,192.73483276367188
2019-11-18,195.72000122070312,193.86000061035156,194.1999969482422,194.27999877929688,3420300.0,193.04286193847656
2019-11-19,194.39999389648438,193.00999450683594,194.1999969482422,193.44000244140625,2910500.0,192.20822143554688
2019-11-20,194.97000122070312,193.5399932861328,193.58999633789062,194.1300048828125,3131300.0,192.89382934570312
2019-11-21,194.66000366210938,192.25999450683594,194.27999877929688,192.35000610351562,3509500.0,191.12515258789062
2019-11-22,193.4199981689453,192.14999389648438,193.19000244140625,193.13999938964844,2417700.0,191.91012573242188
2019-11-25,194.32000732421875,191.60000610351562,193.94000244140625,191.88999938964844,3999600.0,190.66807556152344
2019-11-26,194.02999877929688,191.9499969482422,192.0,194.00999450683594,3877200.0,192.7745819091797
2019-11-27,196.6699981689453,193.9199981689453,194.25999450683594,196.3000030517578,4133000.0,195.0500030517578
2019-11-29,196.5399932861328,194.27000427246094,196.50999450683594,194.47999572753906,2815500.0,194.47999572753906
2019-12-02,195.58999633789062,193.77999877929688,195.3800048828125,195.17999267578125,3197500.0,195.17999267578125
2019-12-03,195.0399932861328,192.35000610351562,194.3000030517578,193.1199951171875,3745300.0,193.1199951171875
2019-12-04,194.47000122070312,192.88999938964844,193.58999633789062,194.30999755859375,2217200.0,194.30999755859375
2019-12-05,194.5,193.13999938964844,194.5,194.2100067138672,2819600.0,194.2100067138672
2019-12-06,195.74000549316406,194.11000061035156,194.5500030517578,195.35000610351562,3095100.0,195.35000610351562
2019-12-09,196.35000610351562,194.2899932861328,195.66000366210938,194.67999267578125,2227500.0,194.67999267578125
2019-12-10,195.38999938964844,194.27999877929688,194.6199951171875,194.9499969482422,2470100.0,194.9499969482422
2019-12-11,195.75,194.25999450683594,195.6699981689453,194.72000122070312,2490300.0,194.72000122070312
2019-12-12,197.1699981689453,194.91000366210938,195.25,196.30999755859375,3024700.0,196.30999755859375
2019-12-13,197.3300018310547,195.33999633789062,196.0399932861328,197.1199951171875,2077900.0,197.1199951171875
2019-12-16,198.16000366210938,196.47999572753906,197.58999633789062,197.8800048828125,3650100.0,197.8800048828125
2019-12-17,198.72000122070312,196.4499969482422,197.60000610351562,196.52000427246094,3338200.0,196.52000427246094
2019-12-18,196.7899932861328,194.7100067138672,196.60000610351562,195.6300048828125,4287700.0,195.6300048828125
2019-12-19,197.17999267578125,195.25,195.4600067138672,197.05999755859375,3345700.0,197.05999755859375
2019-12-20,199.0,196.64999389648438,198.5500030517578,197.13999938964844,6415500.0,197.13999938964844
2019-12-23,197.5399932861328,196.02999877929688,197.5399932861328,196.1999969482422,2388900.0,196.1999969482422
2019-12-24,197.13999938964844,195.6699981689453,195.92999267578125,196.6699981689453,1152500.0,196.6699981689453
2019-12-26,197.16000366210938,196.16000366210938,196.61000061035156,197.05999755859375,1809600.0,197.05999755859375
2019-12-27,198.47000122070312,197.17999267578125,197.3300018310547,198.1699981689453,2263900.0,198.1699981689453
2019-12-30,197.8000030517578,195.94000244140625,197.5800018310547,196.91000366210938,2242400.0,196.91000366210938
2019-12-31,197.9499969482422,196.55999755859375,196.8000030517578,197.61000061035156,2278700.0,197.61000061035156
2020-01-02,200.8000030517578,197.80999755859375,198.0,200.7899932861328,3554200.0,200.7899932861328
2020-01-03,200.5500030517578,198.85000610351562,199.38999938964844,200.0800018310547,2767600.0,200.0800018310547
2020-01-06,202.77000427246094,199.35000610351562,199.60000610351562,202.3300018310547,4660400.0,202.3300018310547
2020-01-07,202.67999267578125,200.50999450683594,201.8699951171875,202.6300048828125,4047400.0,202.6300048828125
2020-01-08,206.69000244140625,202.1999969482422,202.6199951171875,205.91000366210938,5284200.0,205.91000366210938
2020-01-09,209.3699951171875,206.10000610351562,206.86000061035156,208.35000610351562,5971600.0,208.35000610351562
2020-01-10,208.9499969482422,207.27000427246094,208.44000244140625,207.27000427246094,2336400.0,207.27000427246094
2020-01-13,207.77999877929688,205.75999450683594,207.3800048828125,206.50999450683594,2784200.0,206.50999450683594
2020-01-14,207.64999389648438,205.4600067138672,205.4600067138672,207.32000732421875,2622700.0,207.32000732421875
2020-01-15,210.35000610351562,207.32000732421875,207.32000732421875,209.77000427246094,3369400.0,209.77000427246094
2020-01-16,211.11000061035156,209.22000122070312,210.11000061035156,210.85000610351562,2726700.0,210.85000610351562
2020-01-17,212.77000427246094,211.35000610351562,211.4199981689453,211.97999572753906,3540400.0,211.97999572753906
2020-01-21,212.25999450683594,210.22000122070312,211.3699951171875,211.16000366210938,4100500.0,211.16000366210938
2020-01-22,213.66000366210938,211.41000366210938,213.16000366210938,211.44000244140625,2757400.0,211.44000244140625
2020-01-23,213.5,208.6199951171875,210.5399932861328,213.4199981689453,3378200.0,213.4199981689453
2020-01-24,214.17999267578125,210.89999389648438,214.17999267578125,211.24000549316406,3106300.0,211.24000549316406
2020-01-27,210.61000061035156,207.3000030517578,207.83999633789062,209.33999633789062,3389300.0,209.33999633789062
2020-01-28,212.2100067138672,209.86000061035156,209.88999938964844,210.38999938964844,3855200.0,210.38999938964844
2020-01-29,216.4199981689453,210.8000030517578,211.69000244140625,214.44000244140625,5734800.0,214.44000244140625
2020-01-30,216.74000549316406,212.8300018310547,214.0,216.17999267578125,3560700.0,216.17999267578125
2020-01-31,217.10000610351562,213.13999938964844,215.52000427246094,213.97000122070312,3919900.0,213.97000122070312
