Date,High,Low,Open,Close,Volume,Adj Close
2017-01-30,177.72999572753906,174.8699951171875,177.25,175.4199981689453,1823100.0,161.52330017089844
2017-01-31,175.4600067138672,173.80999755859375,174.74000549316406,174.82000732421875,1845500.0,160.97080993652344
2017-02-01,175.8000030517578,174.3000030517578,175.1699981689453,175.1699981689453,2272900.0,161.29307556152344
2017-02-02,174.77999877929688,173.5500030517578,174.1300048828125,174.17999267578125,3106800.0,160.38150024414062
2017-02-03,175.3000030517578,173.85000610351562,174.02000427246094,175.0399932861328,2820500.0,161.1734161376953
2017-02-06,176.1999969482422,173.89999389648438,174.1199951171875,175.10000610351562,1622800.0,161.2286376953125
2017-02-07,176.39999389648438,175.14999389648438,176.0800018310547,175.75999450683594,1247400.0,161.8363800048828
2017-02-08,177.60000610351562,175.49000549316406,175.6199951171875,177.07000732421875,2145700.0,163.04257202148438
2017-02-09,178.5500030517578,176.8699951171875,176.8699951171875,178.17999267578125,2009700.0,164.0646514892578
2017-02-10,179.5800018310547,178.19000244140625,178.3000030517578,179.0,1392400.0,164.81968688964844
2017-02-13,181.3800048828125,179.25999450683594,179.86000061035156,181.02000427246094,1929800.0,166.67967224121094
2017-02-14,182.0,180.64999389648438,180.86000061035156,181.60000610351562,2035900.0,167.21371459960938
2017-02-15,181.8300018310547,180.14999389648438,180.3000030517578,181.6999969482422,1762900.0,168.39535522460938
2017-02-16,183.4600067138672,181.6199951171875,181.75,183.41000366210938,2164000.0,169.9801483154297
2017-02-17,183.60000610351562,182.52999877929688,183.42999267578125,182.9499969482422,1961500.0,169.5538330078125
2017-02-21,183.6199951171875,182.0399932861328,182.7899932861328,183.3699951171875,1736300.0,169.9430694580078
2017-02-22,186.1199951171875,183.0800018310547,183.39999389648438,186.0399932861328,2850900.0,172.41757202148438
2017-02-23,187.4600067138672,185.7100067138672,185.91000366210938,187.19000244140625,2401600.0,173.48333740234375
2017-02-24,188.41000366210938,186.3000030517578,186.82000732421875,187.41000366210938,2126300.0,173.68724060058594
2017-02-27,187.5500030517578,186.3800048828125,187.5,186.91000366210938,1393800.0,173.223876953125
2017-02-28,187.5,186.30999755859375,186.72999572753906,186.35000610351562,1932100.0,172.7048797607422
2017-03-01,190.5399932861328,188.00999450683594,188.0800018310547,189.86000061035156,2226200.0,175.9578399658203
2017-03-02,190.10000610351562,189.02999877929688,189.4600067138672,189.88999938964844,1764000.0,175.9856719970703
2017-03-03,190.24000549316406,188.5399932861328,189.88999938964844,189.30999755859375,1627400.0,175.44815063476562
2017-03-06,189.24000549316406,188.27000427246094,188.92999267578125,188.89999389648438,1668700.0,175.068115234375
2017-03-07,189.25999450683594,188.25,188.2899932861328,189.08999633789062,1662300.0,175.2442169189453
2017-03-08,190.2100067138672,188.97000122070312,189.72000122070312,189.50999450683594,1563700.0,175.6334686279297
2017-03-09,190.38999938964844,189.1699981689453,189.25,189.89999389648438,1556700.0,175.9949188232422
2017-03-10,191.24000549316406,190.02999877929688,190.63999938964844,191.2100067138672,2515000.0,177.2090301513672
2017-03-13,191.9600067138672,190.4600067138672,191.77000427246094,191.52000427246094,1972700.0,177.49630737304688
2017-03-14,191.44000244140625,189.11000061035156,190.92999267578125,190.3300018310547,1893600.0,176.3934326171875
2017-03-15,191.86000061035156,189.72000122070312,190.17999267578125,191.1999969482422,2047000.0,177.19973754882812
2017-03-16,191.63999938964844,189.63999938964844,191.05999755859375,190.30999755859375,1937100.0,176.37489318847656
2017-03-17,192.36000061035156,190.35000610351562,190.82000732421875,192.36000061035156,4228100.0,178.2747802734375
2017-03-20,193.5,192.27999877929688,192.52000427246094,193.00999450683594,2085600.0,178.877197265625
2017-03-21,193.49000549316406,191.50999450683594,193.49000549316406,192.1300048828125,1895100.0,178.0616455078125
2017-03-22,192.8800048828125,190.4600067138672,192.3000030517578,192.22000122070312,1627300.0,178.1450653076172
2017-03-23,192.97000122070312,191.22999572753906,192.1199951171875,192.13999938964844,1482000.0,178.07089233398438
2017-03-24,192.6199951171875,190.89999389648438,192.1199951171875,191.50999450683594,1435400.0,177.4870147705078
2017-03-27,191.0,189.16000366210938,190.6999969482422,190.42999267578125,1984600.0,176.4861297607422
2017-03-28,191.49000549316406,189.60000610351562,189.94000244140625,190.99000549316406,2330200.0,177.00509643554688
2017-03-29,191.27999877929688,190.25999450683594,190.58999633789062,190.67999267578125,1692200.0,176.7177734375
2017-03-30,191.49000549316406,190.10000610351562,190.74000549316406,191.27999877929688,1835400.0,177.27389526367188
2017-03-31,192.39999389648438,190.99000549316406,191.3000030517578,191.3300018310547,1730000.0,177.32020568847656
2017-04-03,192.1699981689453,189.9499969482422,191.8699951171875,190.72000122070312,1546700.0,176.7548828125
2017-04-04,190.97999572753906,189.77999877929688,190.57000732421875,190.19000244140625,1349900.0,176.26368713378906
2017-04-05,192.4199981689453,190.0399932861328,190.6999969482422,190.24000549316406,1448700.0,176.31002807617188
2017-04-06,191.02000427246094,189.5,190.41000366210938,189.88999938964844,1627400.0,175.9856719970703
2017-04-07,190.55999755859375,189.52000427246094,190.02999877929688,189.99000549316406,1025200.0,176.07835388183594
2017-04-10,190.52000427246094,189.30999755859375,190.16000366210938,189.7100067138672,1682700.0,175.81883239746094
2017-04-11,190.08999633789062,188.99000549316406,189.1300048828125,190.07000732421875,1459600.0,176.15249633789062
2017-04-12,190.49000549316406,189.39999389648438,190.30999755859375,189.6999969482422,1416100.0,175.8095703125
2017-04-13,189.86000061035156,188.6199951171875,189.25,188.64999389648438,1274400.0,174.83645629882812
2017-04-17,190.36000061035156,189.2899932861328,189.30999755859375,190.36000061035156,1543600.0,176.42123413085938
2017-04-18,190.83999633789062,189.50999450683594,189.75999450683594,190.22000122070312,1176900.0,176.29150390625
2017-04-19,191.1300048828125,189.52000427246094,190.8000030517578,189.8300018310547,1340400.0,175.9300537109375
2017-04-20,192.11000061035156,189.89999389648438,190.02000427246094,191.16000366210938,1748200.0,177.1626739501953
2017-04-21,191.6199951171875,190.58999633789062,191.14999389648438,191.5,2584200.0,177.47776794433594
2017-04-24,194.4499969482422,192.92999267578125,193.0,194.22999572753906,2709600.0,180.00787353515625
2017-04-25,195.61000061035156,192.36000061035156,193.99000549316406,195.1300048828125,4182200.0,180.84197998046875
2017-04-26,196.89999389648438,194.99000549316406,195.6999969482422,195.0,2641200.0,180.72149658203125
2017-04-27,196.5399932861328,195.11000061035156,195.42999267578125,196.11000061035156,1770200.0,181.75021362304688
2017-04-28,197.1199951171875,195.5399932861328,196.14999389648438,195.8300018310547,2467100.0,181.49072265625
2017-05-01,195.72999572753906,194.47000122070312,195.5,194.80999755859375,1498500.0,180.54541015625
2017-05-02,196.52999877929688,194.5800018310547,195.16000366210938,196.52999877929688,2467200.0,182.1394500732422
2017-05-03,197.8699951171875,195.7100067138672,196.60000610351562,197.6300048828125,2339500.0,183.15892028808594
2017-05-04,199.5399932861328,197.75999450683594,198.3000030517578,199.50999450683594,2320800.0,184.90126037597656
2017-05-05,199.89999389648438,198.97999572753906,199.6699981689453,199.39999389648438,1688600.0,184.79931640625
2017-05-08,199.14999389648438,198.3000030517578,198.83999633789062,198.64999389648438,1575900.0,184.10421752929688
2017-05-09,199.36000061035156,197.52999877929688,199.36000061035156,197.9600067138672,1747800.0,183.46473693847656
2017-05-10,197.58999633789062,196.52999877929688,197.3699951171875,196.63999938964844,2247700.0,182.24142456054688
2017-05-11,196.94000244140625,195.25999450683594,196.0399932861328,196.75,1705000.0,182.34335327148438
2017-05-12,197.1199951171875,195.86000061035156,195.89999389648438,196.57000732421875,1323100.0,182.176513671875
2017-05-15,197.74000549316406,196.22999572753906,196.6699981689453,197.6300048828125,1474500.0,183.15892028808594
2017-05-16,197.94000244140625,196.86000061035156,197.47999572753906,197.91000366210938,1183600.0,183.41839599609375
2017-05-17,196.74000549316406,194.72000122070312,196.74000549316406,194.83999633789062,1881800.0,181.65164184570312
2017-05-18,195.82000732421875,193.5399932861328,194.5,195.24000549316406,1929000.0,182.0245819091797
2017-05-19,196.3000030517578,194.4499969482422,196.3000030517578,195.8000030517578,1894700.0,182.5466766357422
2017-05-22,198.6699981689453,196.35000610351562,196.35000610351562,198.50999450683594,1835900.0,185.07325744628906
2017-05-23,198.97000122070312,197.52000427246094,198.72999572753906,197.72999572753906,1514200.0,184.34605407714844
2017-05-24,198.52999877929688,197.27999877929688,198.49000549316406,197.49000549316406,1206400.0,184.122314453125
2017-05-25,199.61000061035156,197.75,198.41000366210938,199.5399932861328,1508000.0,186.03353881835938
2017-05-26,200.69000244140625,198.97000122070312,199.13999938964844,200.6699981689453,1410600.0,187.08705139160156
2017-05-30,203.02999877929688,199.9600067138672,200.30999755859375,202.44000244140625,2171100.0,188.7372589111328
2017-05-31,204.47000122070312,202.27000427246094,202.72999572753906,204.47000122070312,3096800.0,190.62985229492188
2017-06-01,204.89999389648438,203.67999267578125,204.25,204.35000610351562,2352700.0,190.51797485351562
2017-06-02,207.38999938964844,204.7899932861328,205.05999755859375,206.6999969482422,1831900.0,192.70887756347656
2017-06-05,207.3300018310547,206.22000122070312,206.77000427246094,206.22000122070312,1253100.0,192.26138305664062
2017-06-06,206.66000366210938,205.41000366210938,206.00999450683594,205.41000366210938,1458800.0,191.50625610351562
2017-06-07,205.8699951171875,204.10000610351562,205.72999572753906,205.00999450683594,1885600.0,191.13328552246094
2017-06-08,206.02999877929688,204.08999633789062,205.00999450683594,205.94000244140625,2451300.0,192.00035095214844
2017-06-09,206.97000122070312,205.63999938964844,206.0,206.92999267578125,1893100.0,192.92332458496094
2017-06-12,208.4199981689453,205.5,206.92999267578125,207.38999938964844,2388200.0,193.35218811035156
2017-06-13,209.6699981689453,207.55999755859375,207.5800018310547,209.11000061035156,1688800.0,194.95578002929688
2017-06-14,210.7899932861328,209.52999877929688,209.77999877929688,210.00999450683594,1585300.0,195.79486083984375
2017-06-15,211.32000732421875,209.44000244140625,209.5,211.2899932861328,1594100.0,196.98818969726562
2017-06-16,213.4600067138672,211.44000244140625,211.72999572753906,213.24000549316406,3420600.0,198.8061981201172
2017-06-19,214.0,212.6999969482422,214.0,213.36000061035156,1667600.0,198.91807556152344
2017-06-20,214.57000732421875,213.0500030517578,213.4499969482422,213.36000061035156,1531200.0,198.91807556152344
2017-06-21,214.02000427246094,212.08999633789062,214.02000427246094,212.86000061035156,1812900.0,198.45193481445312
2017-06-22,213.1199951171875,212.08999633789062,212.72999572753906,212.22000122070312,1400400.0,197.85523986816406
2017-06-23,213.1699981689453,211.7100067138672,212.0,212.89999389648438,1584900.0,198.4892578125
2017-06-26,213.47000122070312,212.30999755859375,212.7899932861328,212.61000061035156,1352100.0,198.2188720703125
2017-06-27,212.5,209.3800048828125,212.0,209.77999877929688,2240200.0,195.58041381835938
2017-06-28,211.17999267578125,210.08999633789062,210.77999877929688,210.6199951171875,1542900.0,196.36355590820312
2017-06-29,211.0500030517578,207.0800018310547,211.0500030517578,207.85000610351562,1809900.0,193.78103637695312
2017-06-30,209.91000366210938,207.85000610351562,209.91000366210938,208.19000244140625,1770000.0,194.09805297851562
2017-07-03,210.33999633789062,208.75,209.13999938964844,209.8300018310547,1040200.0,195.62704467773438
2017-07-05,210.24000549316406,209.41000366210938,210.0,209.75999450683594,1065300.0,195.561767578125
2017-07-06,209.72000122070312,207.88999938964844,209.0500030517578,208.02000427246094,1189900.0,193.93954467773438
2017-07-07,210.14999389648438,208.0500030517578,208.5,209.58999633789062,1531000.0,195.40325927734375
2017-07-10,211.74000549316406,208.99000549316406,209.60000610351562,210.49000549316406,1308400.0,196.24237060546875
2017-07-11,211.1999969482422,208.0,210.41000366210938,209.66000366210938,1268100.0,195.4685516357422
2017-07-12,212.77999877929688,210.27000427246094,210.91000366210938,211.3000030517578,1447900.0,196.99752807617188
2017-07-13,212.0,210.17999267578125,211.1999969482422,211.08999633789062,1138800.0,196.80172729492188
2017-07-14,212.24000549316406,210.6300048828125,211.52000427246094,211.77000427246094,1062000.0,197.43572998046875
2017-07-17,212.1999969482422,210.58999633789062,212.1999969482422,211.67999267578125,1311300.0,197.351806640625
2017-07-18,211.52000427246094,210.3000030517578,210.67999267578125,211.30999755859375,1562600.0,197.00686645507812
2017-07-19,212.11000061035156,211.1699981689453,211.50999450683594,212.10000610351562,825300.0,197.743408203125
2017-07-20,213.41000366210938,212.05999755859375,212.2100067138672,212.4499969482422,1347400.0,198.06967163085938
2017-07-21,211.83999633789062,209.47999572753906,211.64999389648438,211.16000366210938,2246200.0,196.8670196533203
2017-07-24,211.66000366210938,210.0,211.1999969482422,210.0,2165200.0,195.78553771972656
2017-07-25,204.5,197.1699981689453,202.64999389648438,199.38999938964844,6593000.0,185.89369201660156
2017-07-26,201.14999389648438,198.5500030517578,200.4499969482422,199.02999877929688,2922100.0,185.55804443359375
2017-07-27,200.55999755859375,197.6699981689453,199.13999938964844,200.0500030517578,2174500.0,186.50904846191406
2017-07-28,201.0399932861328,198.69000244140625,200.7899932861328,199.72000122070312,1488000.0,186.20135498046875
2017-07-31,201.66000366210938,199.80999755859375,200.0,201.1699981689453,1833600.0,187.55322265625
2017-08-01,203.30999755859375,201.75999450683594,202.2899932861328,203.17999267578125,2015100.0,189.42713928222656
2017-08-02,205.60000610351562,202.82000732421875,203.19000244140625,205.41000366210938,2029600.0,191.50625610351562
2017-08-03,207.63999938964844,205.1199951171875,205.91000366210938,207.6199951171875,2054200.0,193.56663513183594
2017-08-04,208.61000061035156,206.11000061035156,207.9499969482422,207.64999389648438,1522700.0,193.5946044921875
2017-08-07,208.39999389648438,206.67999267578125,207.89999389648438,207.44000244140625,1172600.0,193.3988037109375
2017-08-08,207.88999938964844,205.69000244140625,206.8300018310547,206.42999267578125,1856300.0,192.45716857910156
2017-08-09,207.91000366210938,205.58999633789062,206.69000244140625,206.47999572753906,1622200.0,192.50376892089844
2017-08-10,207.16000366210938,205.17999267578125,205.6199951171875,206.22999572753906,1571500.0,192.2707061767578
2017-08-11,206.85000610351562,205.6300048828125,206.85000610351562,205.97999572753906,1452800.0,192.03762817382812
2017-08-14,207.6300048828125,206.07000732421875,206.66000366210938,207.3699951171875,1264400.0,193.3335418701172
2017-08-15,207.83999633789062,206.50999450683594,207.0,207.17999267578125,1048500.0,193.15640258789062
2017-08-16,208.6300048828125,206.6199951171875,207.2100067138672,207.9199981689453,1704300.0,193.8463134765625
2017-08-17,208.1199951171875,205.27999877929688,207.7899932861328,205.35000610351562,1396500.0,191.45025634765625
2017-08-18,205.6300048828125,203.4499969482422,205.35000610351562,203.52999877929688,1838600.0,189.75343322753906
2017-08-21,204.89999389648438,203.00999450683594,203.8000030517578,204.5500030517578,1567600.0,190.70443725585938
2017-08-22,205.86000061035156,204.6300048828125,205.1999969482422,205.4600067138672,2091200.0,191.5528564453125
2017-08-23,204.10000610351562,202.32000732421875,204.0500030517578,202.6699981689453,1267300.0,190.0384979248047
2017-08-24,203.88999938964844,201.9600067138672,203.88999938964844,202.1199951171875,1230800.0,189.5227508544922
2017-08-25,203.4499969482422,202.0500030517578,203.44000244140625,202.1300048828125,1238100.0,189.5321502685547
2017-08-28,203.27000427246094,201.85000610351562,202.77999877929688,202.4600067138672,1174700.0,189.84156799316406
2017-08-29,203.0800018310547,201.3300018310547,202.1999969482422,202.9199981689453,991300.0,190.27288818359375
2017-08-30,203.69000244140625,202.0,202.9199981689453,203.69000244140625,1196200.0,190.9949188232422
2017-08-31,204.6199951171875,203.02000427246094,204.32000732421875,204.32000732421875,1567900.0,191.58566284179688
2017-09-01,204.91000366210938,203.22999572753906,204.61000061035156,203.55999755859375,1413000.0,190.87303161621094
2017-09-05,202.52999877929688,200.50999450683594,202.25,200.97999572753906,1934500.0,188.45382690429688
2017-09-06,202.25,201.24000549316406,201.75,202.0500030517578,2236200.0,189.45712280273438
2017-09-07,204.7100067138672,201.47000122070312,201.47000122070312,204.4600067138672,1701500.0,191.71693420410156
2017-09-08,206.1199951171875,203.16000366210938,204.35000610351562,205.69000244140625,1474000.0,192.87025451660156
2017-09-11,209.77999877929688,206.08999633789062,206.4600067138672,209.55999755859375,1806700.0,196.4990692138672
2017-09-12,210.9600067138672,209.25999450683594,209.91000366210938,209.63999938964844,1441200.0,196.5740509033203
2017-09-13,210.2899932861328,208.57000732421875,209.1199951171875,209.49000549316406,1129600.0,196.4334259033203
2017-09-14,211.91000366210938,208.74000549316406,209.14999389648438,211.42999267578125,1984200.0,198.2525177001953
2017-09-15,214.1199951171875,210.66000366210938,212.58999633789062,213.35000610351562,3636400.0,200.0528564453125
2017-09-18,214.0399932861328,212.57000732421875,214.0,213.75999450683594,1272400.0,200.4373016357422
2017-09-19,214.64999389648438,212.85000610351562,214.22999572753906,213.55999755859375,1429700.0,200.249755859375
2017-09-20,212.60000610351562,208.30999755859375,211.77000427246094,210.50999450683594,2987200.0,197.3898468017578
2017-09-21,211.6199951171875,210.24000549316406,210.89999389648438,210.44000244140625,1382400.0,197.32423400878906
2017-09-22,211.3000030517578,209.27999877929688,209.63999938964844,210.75999450683594,1493300.0,197.62425231933594
2017-09-25,211.22000122070312,209.3699951171875,210.97999572753906,210.72999572753906,1609200.0,197.5961456298828
2017-09-26,212.8300018310547,210.92999267578125,211.25999450683594,211.02999877929688,1224600.0,197.87744140625
2017-09-27,211.3800048828125,208.16000366210938,211.08999633789062,209.47999572753906,1865100.0,196.42405700683594
2017-09-28,209.8800048828125,208.25,208.3000030517578,209.5500030517578,2092800.0,196.4897003173828
2017-09-29,209.89999389648438,208.72999572753906,209.05999755859375,209.89999389648438,1632200.0,196.81787109375
2017-10-02,212.7899932861328,210.02999877929688,210.72999572753906,212.75999450683594,1292100.0,199.49961853027344
2017-10-03,214.60000610351562,211.3800048828125,212.6199951171875,214.57000732421875,1634900.0,201.19680786132812
2017-10-04,216.94000244140625,214.5,214.85000610351562,216.52000427246094,1636400.0,203.02528381347656
2017-10-05,217.61000061035156,215.89999389648438,216.49000549316406,216.3699951171875,1740500.0,202.88462829589844
2017-10-06,216.5399932861328,215.27000427246094,216.0,216.52000427246094,1650800.0,203.02528381347656
2017-10-09,217.2100067138672,215.69000244140625,215.9600067138672,216.67999267578125,1054600.0,203.17530822753906
2017-10-10,217.60000610351562,216.5500030517578,217.3800048828125,216.75,1170900.0,203.240966796875
2017-10-11,216.86000061035156,214.66000366210938,216.75,216.50999450683594,2052900.0,203.01589965820312
2017-10-12,217.63999938964844,216.2899932861328,216.60000610351562,217.58999633789062,1908000.0,204.02859497070312
2017-10-13,219.75999450683594,216.8000030517578,218.8300018310547,217.72000122070312,1461600.0,204.1505126953125
2017-10-16,218.72999572753906,217.1999969482422,217.6999969482422,218.72000122070312,1185200.0,205.0881805419922
2017-10-17,218.72000122070312,216.47000122070312,218.49000549316406,217.75,2150800.0,204.17861938476562
2017-10-18,218.63999938964844,217.3699951171875,217.52000427246094,218.27000427246094,1413600.0,204.66619873046875
2017-10-19,219.25,217.47000122070312,218.49000549316406,219.24000549316406,1369000.0,205.5757598876953
2017-10-20,221.32000732421875,219.19000244140625,219.9499969482422,221.32000732421875,1647800.0,207.52610778808594
2017-10-23,222.77999877929688,221.1999969482422,221.75999450683594,221.5500030517578,2161300.0,207.7417755126953
2017-10-24,238.89999389648438,228.99000549316406,229.0,234.64999389648438,6508400.0,220.0253143310547
2017-10-25,237.94000244140625,233.94000244140625,235.00999450683594,237.67999267578125,4114500.0,222.86647033691406
2017-10-26,238.8000030517578,232.30999755859375,238.25999450683594,232.94000244140625,3385000.0,218.421875
2017-10-27,234.9499969482422,232.5500030517578,234.22999572753906,234.74000549316406,2000400.0,220.1097412109375
2017-10-30,233.66000366210938,230.63999938964844,233.66000366210938,231.02000427246094,2722600.0,216.62158203125
2017-10-31,231.60000610351562,229.80999755859375,231.3800048828125,230.19000244140625,1908200.0,215.84329223632812
2017-11-01,231.75999450683594,229.11000061035156,231.0,230.17999267578125,1389900.0,215.83392333984375
2017-11-02,232.8000030517578,229.5500030517578,230.24000549316406,232.22999572753906,1609500.0,217.75613403320312
2017-11-03,232.5800018310547,230.9199981689453,231.55999755859375,232.22000122070312,1582700.0,217.74676513671875
2017-11-06,232.6300048828125,230.14999389648438,232.22000122070312,230.30999755859375,1334700.0,215.955810546875
2017-11-07,230.77000427246094,229.13999938964844,230.3800048828125,230.0500030517578,1553600.0,215.71202087402344
2017-11-08,230.64999389648438,229.3800048828125,229.83999633789062,229.8300018310547,1510200.0,215.5057373046875
2017-11-09,229.39999389648438,227.0500030517578,228.5399932861328,228.38999938964844,1575800.0,214.1554718017578
2017-11-10,228.44000244140625,226.16000366210938,227.47000122070312,227.4499969482422,1295800.0,213.27407836914062
2017-11-13,228.42999267578125,226.25999450683594,226.72999572753906,228.22000122070312,1765300.0,213.99607849121094
2017-11-14,229.9600067138672,226.75,228.13999938964844,229.3300018310547,1393200.0,215.03688049316406
2017-11-15,228.50999450683594,226.0399932861328,228.07000732421875,227.39999389648438,1512100.0,213.22718811035156
2017-11-16,229.99000549316406,227.7899932861328,227.7899932861328,229.4199981689453,1224800.0,215.1212615966797
2017-11-17,229.9199981689453,227.74000549316406,228.42999267578125,229.36000061035156,1741800.0,215.0650177001953
2017-11-20,233.58999633789062,229.5500030517578,229.89999389648438,231.49000549316406,1700000.0,217.062255859375
2017-11-21,235.7100067138672,232.2100067138672,232.2100067138672,234.08999633789062,2122600.0,219.5001983642578
2017-11-22,233.86000061035156,231.39999389648438,233.05999755859375,231.5800018310547,1371800.0,218.24209594726562
2017-11-24,232.0399932861328,230.80999755859375,232.02999877929688,231.3800048828125,659100.0,218.0536346435547
2017-11-27,234.52999877929688,231.1300048828125,231.75,234.0,1780800.0,220.52272033691406
2017-11-28,235.94000244140625,233.3800048828125,234.1199951171875,235.6300048828125,1871700.0,222.058837890625
2017-11-29,238.19000244140625,235.63999938964844,236.0500030517578,238.00999450683594,1754600.0,224.3017578125
2017-11-30,243.4499969482422,237.69000244140625,238.86000061035156,243.13999938964844,4003400.0,229.13629150390625
2017-12-01,243.6300048828125,239.14999389648438,243.19000244140625,241.14999389648438,2232300.0,227.26092529296875
2017-12-04,244.22999572753906,238.50999450683594,243.0500030517578,239.25999450683594,2468700.0,225.47976684570312
2017-12-05,240.25999450683594,237.86000061035156,240.22000122070312,238.25999450683594,1543100.0,224.53736877441406
2017-12-06,241.0800018310547,236.97000122070312,240.3300018310547,238.6699981689453,1924100.0,224.92376708984375
2017-12-07,241.2899932861328,237.92999267578125,238.4499969482422,240.3000030517578,1367100.0,226.4598846435547
2017-12-08,241.00999450683594,237.49000549316406,240.0,238.1300048828125,1999800.0,224.4148712158203
2017-12-11,240.2100067138672,237.86000061035156,239.19000244140625,239.3000030517578,1742900.0,225.51747131347656
2017-12-12,241.67999267578125,236.1199951171875,236.5800018310547,236.5800018310547,2766300.0,222.9541473388672
2017-12-13,239.58999633789062,236.6300048828125,236.91000366210938,239.11000061035156,2707900.0,225.33840942382812
2017-12-14,240.8000030517578,237.80999755859375,240.32000732421875,238.0800018310547,1984700.0,224.36773681640625
2017-12-15,239.67999267578125,237.64999389648438,239.19000244140625,238.0,4518700.0,224.2923583984375
2017-12-18,240.00999450683594,237.14999389648438,238.5800018310547,238.4199981689453,2237300.0,224.68814086914062
2017-12-19,239.74000549316406,236.89999389648438,239.47000122070312,238.38999938964844,1868900.0,224.65988159179688
2017-12-20,238.47000122070312,236.49000549316406,238.1999969482422,236.9199981689453,1621600.0,223.27455139160156
2017-12-21,237.25,234.41000366210938,236.0,234.77999877929688,2241600.0,221.2577667236328
2017-12-22,236.0800018310547,234.27999877929688,235.36000061035156,234.72999572753906,1280600.0,221.21066284179688
2017-12-26,236.27999877929688,235.02999877929688,235.0800018310547,235.4499969482422,789100.0,221.8892059326172
2017-12-27,236.5399932861328,234.83999633789062,235.52000427246094,236.1999969482422,970500.0,222.5959930419922
2017-12-28,237.0800018310547,235.27999877929688,236.94000244140625,235.72000122070312,1189700.0,222.14364624023438
2017-12-29,237.30999755859375,235.3699951171875,236.47999572753906,235.3699951171875,1343900.0,221.8138427734375
2018-01-02,237.07000732421875,232.80999755859375,235.77999877929688,235.63999938964844,2931000.0,222.06825256347656
2018-01-03,235.72999572753906,233.2899932861328,235.07000732421875,235.6300048828125,2193700.0,222.058837890625
2018-01-04,239.44000244140625,236.47000122070312,237.0,238.7100067138672,2243100.0,224.9614715576172
2018-01-05,240.89999389648438,237.74000549316406,238.64999389648438,240.57000732421875,1835900.0,226.71434020996094
2018-01-08,240.94000244140625,239.17999267578125,239.3800048828125,239.7899932861328,1869000.0,225.97923278808594
2018-01-09,241.77999877929688,239.33999633789062,239.60000610351562,241.27999877929688,1695100.0,227.38343811035156
2018-01-10,242.57000732421875,240.02999877929688,241.0,241.13999938964844,1640900.0,227.25149536132812
2018-01-11,242.33999633789062,239.75,240.74000549316406,242.30999755859375,1487700.0,228.35414123535156
2018-01-12,246.0,242.5,243.07000732421875,244.47000122070312,1974300.0,230.3896942138672
2018-01-16,247.19000244140625,243.8300018310547,245.3000030517578,244.74000549316406,2411100.0,230.64414978027344
2018-01-17,248.52999877929688,245.8000030517578,246.85000610351562,248.11000061035156,2519000.0,233.820068359375
2018-01-18,249.0,244.9199981689453,248.1300048828125,245.91000366210938,2233500.0,231.74679565429688
2018-01-19,248.5,245.60000610351562,246.6300048828125,248.17999267578125,2013500.0,233.88601684570312
2018-01-22,247.88999938964844,245.0800018310547,247.1300048828125,247.3000030517578,1660500.0,233.05670166015625
2018-01-23,247.25999450683594,245.1199951171875,246.91000366210938,246.30999755859375,1822700.0,232.12371826171875
2018-01-24,248.5399932861328,246.25,247.99000549316406,247.69000244140625,3471000.0,233.4242401123047
2018-01-25,254.8000030517578,247.10000610351562,250.0,252.36000061035156,3507900.0,237.8252716064453
2018-01-26,259.7699890136719,253.38999938964844,253.42999267578125,258.6300048828125,3730600.0,243.7341766357422
2018-01-29,259.3399963378906,255.97000122070312,258.510009765625,256.010009765625,2306300.0,241.26507568359375
2018-01-30,255.69000244140625,251.41000366210938,255.60000610351562,251.5399932861328,2412600.0,237.05250549316406
2018-01-31,253.1300048828125,249.60000610351562,251.49000549316406,250.5,3136400.0,236.07240295410156
2018-02-01,250.08999633789062,246.17999267578125,247.44000244140625,247.94000244140625,2665500.0,233.6598663330078
2018-02-02,248.75,244.8800048828125,246.42999267578125,245.1699981689453,3925700.0,231.0493927001953
2018-02-05,244.39999389648438,226.00999450683594,243.5,231.44000244140625,6590500.0,218.11016845703125
2018-02-06,234.57000732421875,226.80999755859375,227.50999450683594,233.6300048828125,5108100.0,220.1740264892578
2018-02-07,237.52000427246094,232.82000732421875,233.19000244140625,233.19000244140625,2885600.0,219.75936889648438
2018-02-08,233.30999755859375,222.64999389648438,233.16000366210938,222.88999938964844,3751300.0,210.0526123046875
2018-02-09,226.9600067138672,218.17999267578125,224.61000061035156,225.2100067138672,4518600.0,212.23899841308594
2018-02-12,230.3800048828125,226.10000610351562,227.49000549316406,229.19000244140625,3290400.0,215.98976135253906
2018-02-13,231.97000122070312,228.92999267578125,229.7100067138672,231.36000061035156,2523600.0,218.0347900390625
2018-02-14,232.8699951171875,228.47000122070312,229.4499969482422,232.0,2337800.0,218.63790893554688
2018-02-15,234.89999389648438,230.8800048828125,233.30999755859375,234.8699951171875,2127500.0,222.6477813720703
2018-02-16,238.44000244140625,233.38999938964844,234.97000122070312,236.6699981689453,2221800.0,224.35411071777344
2018-02-20,236.6699981689453,233.91000366210938,234.5399932861328,235.07000732421875,2675900.0,222.83738708496094
2018-02-21,237.86000061035156,232.10000610351562,234.7100067138672,232.17999267578125,2561400.0,220.09774780273438
2018-02-22,237.3699951171875,232.25999450683594,232.42999267578125,236.0,2284500.0,223.718994140625
2018-02-23,237.88999938964844,234.38999938964844,236.85000610351562,237.02000427246094,1616700.0,224.6859130859375
2018-02-26,244.86000061035156,238.50999450683594,239.00999450683594,244.13999938964844,3086800.0,231.43540954589844
2018-02-27,244.6699981689453,240.72000122070312,244.61000061035156,240.77999877929688,1778300.0,228.25022888183594
2018-02-28,242.27999877929688,235.39999389648438,241.63999938964844,235.50999450683594,2461400.0,223.25448608398438
2018-03-01,236.8300018310547,229.52999877929688,236.14999389648438,231.33999633789062,3487100.0,219.3014678955078
2018-03-02,231.27000427246094,226.3300018310547,229.75,230.3699951171875,2912800.0,218.38198852539062
2018-03-05,233.7100067138672,228.52999877929688,230.0,232.80999755859375,2235300.0,220.69500732421875
2018-03-06,235.9199981689453,230.8000030517578,234.0500030517578,233.66000366210938,2091100.0,221.50074768066406
2018-03-07,236.22000122070312,230.58999633789062,231.22000122070312,235.57000732421875,2213800.0,223.31138610839844
2018-03-08,237.69000244140625,234.1199951171875,236.35000610351562,236.33999633789062,1955200.0,224.0413055419922
2018-03-09,241.3699951171875,236.1699981689453,238.0,241.35000610351562,1840900.0,228.79058837890625
2018-03-12,243.10000610351562,239.3000030517578,242.10000610351562,239.8000030517578,2151300.0,227.32125854492188
2018-03-13,242.97000122070312,236.88999938964844,240.89999389648438,237.57000732421875,2009900.0,225.207275390625
2018-03-14,239.32000732421875,233.85000610351562,238.8000030517578,234.2899932861328,2239700.0,222.0979766845703
2018-03-15,238.0800018310547,234.1999969482422,235.22000122070312,235.8699951171875,1770500.0,223.5957489013672
2018-03-16,238.1699981689453,235.6699981689453,235.6699981689453,237.22000122070312,4858000.0,224.87551879882812
2018-03-19,236.3300018310547,230.25999450683594,236.00999450683594,231.55999755859375,2621700.0,219.51004028320312
2018-03-20,234.38999938964844,231.5800018310547,232.1199951171875,232.4499969482422,1728000.0,220.3537139892578
2018-03-21,237.22000122070312,232.30999755859375,233.0,234.13999938964844,1588300.0,221.95579528808594
2018-03-22,232.1199951171875,222.8000030517578,232.0399932861328,223.1699981689453,4295500.0,211.55662536621094
2018-03-23,224.27000427246094,215.27000427246094,223.5,215.36000061035156,4221200.0,204.15304565429688
2018-03-26,220.8000030517578,215.17999267578125,217.86000061035156,220.24000549316406,3574000.0,208.77911376953125
2018-03-27,221.86000061035156,214.72999572753906,221.02000427246094,215.8699951171875,2696700.0,204.63650512695312
2018-03-28,219.66000366210938,214.91000366210938,217.22999572753906,216.5399932861328,2522900.0,205.27162170410156
2018-03-29,221.3800048828125,217.4600067138672,217.7899932861328,219.52000427246094,2643000.0,208.09657287597656
2018-04-02,218.72000122070312,209.47000122070312,218.0500030517578,212.6199951171875,3840800.0,201.55564880371094
2018-04-03,216.4600067138672,210.92999267578125,213.0,216.3300018310547,3006800.0,205.07257080078125
2018-04-04,217.9199981689453,211.1199951171875,212.38999938964844,217.55999755859375,2488800.0,206.2385711669922
2018-04-05,220.30999755859375,216.55999755859375,218.63999938964844,218.6699981689453,2879900.0,207.2908172607422
2018-04-06,218.85000610351562,211.0,217.39999389648438,212.25,2503900.0,201.20489501953125
2018-04-09,216.86000061035156,212.39999389648438,213.75,212.80999755859375,2186100.0,201.7357635498047
2018-04-10,218.7100067138672,215.22999572753906,215.32000732421875,216.97999572753906,2857400.0,205.68873596191406
2018-04-11,215.88999938964844,213.5,214.1999969482422,214.3300018310547,1819800.0,203.17666625976562
2018-04-12,217.67999267578125,215.00999450683594,215.72000122070312,216.4199981689453,2292900.0,205.1578826904297
2018-04-13,218.67999267578125,214.4600067138672,218.08999633789062,215.52000427246094,2034500.0,204.30474853515625
2018-04-16,219.27000427246094,216.58999633789062,217.1999969482422,217.6999969482422,2060500.0,206.3712921142578
2018-04-17,221.69000244140625,218.74000549316406,219.14999389648438,220.08999633789062,1853500.0,208.6369171142578
2018-04-18,221.00999450683594,219.16000366210938,220.38999938964844,219.52000427246094,1599300.0,208.09657287597656
2018-04-19,219.3000030517578,217.02999877929688,218.0399932861328,218.85000610351562,1453100.0,207.46142578125
2018-04-20,220.27999877929688,216.74000549316406,218.41000366210938,217.75,2634300.0,206.41868591308594
2018-04-23,218.72999572753906,214.75,218.02000427246094,215.8800048828125,2520700.0,204.64601135253906
2018-04-24,206.5,196.88999938964844,206.5,201.1300048828125,11671400.0,190.66357421875
2018-04-25,201.75,197.00999450683594,201.10000610351562,198.83999633789062,6205400.0,188.4927215576172
2018-04-26,199.6300048828125,196.1699981689453,198.67999267578125,197.08999633789062,4124300.0,186.83380126953125
2018-04-27,197.11000061035156,194.39999389648438,196.77000427246094,196.1199951171875,3354800.0,185.9142608642578
2018-04-30,198.33999633789062,194.17999267578125,196.9600067138672,194.38999938964844,4008700.0,184.27432250976562
2018-05-01,195.5399932861328,191.44000244140625,194.02999877929688,195.02000427246094,4710500.0,184.87152099609375
2018-05-02,196.41000366210938,194.02000427246094,195.14999389648438,194.5,4017600.0,184.3785858154297
2018-05-03,196.6999969482422,192.35000610351562,194.52000427246094,195.67999267578125,3425900.0,185.49716186523438
2018-05-04,199.92999267578125,194.05999755859375,195.07000732421875,199.36000061035156,3071700.0,188.98565673828125
2018-05-07,201.0,199.5800018310547,200.05999755859375,200.25999450683594,2863400.0,189.83883666992188
2018-05-08,202.11000061035156,199.55999755859375,200.0,201.74000549316406,3273500.0,191.2418212890625
2018-05-09,204.72999572753906,201.3699951171875,202.02999877929688,203.4199981689453,3361300.0,192.83436584472656
2018-05-10,205.67999267578125,202.38999938964844,202.61000061035156,205.02999877929688,2700800.0,194.36062622070312
2018-05-11,205.3699951171875,203.66000366210938,204.74000549316406,205.16000366210938,3155700.0,194.48382568359375
2018-05-14,206.0399932861328,204.6699981689453,205.6699981689453,205.75999450683594,3385900.0,195.0526123046875
2018-05-15,205.57000732421875,201.63999938964844,204.9600067138672,202.41000366210938,2259200.0,191.876953125
2018-05-16,201.0399932861328,199.0500030517578,200.52000427246094,200.2100067138672,2913500.0,189.79144287109375
2018-05-17,201.39999389648438,198.69000244140625,199.27000427246094,200.36000061035156,2265800.0,191.23265075683594
2018-05-18,200.75999450683594,198.4499969482422,200.27999877929688,198.9600067138672,2925700.0,189.89642333984375
2018-05-21,202.92999267578125,200.0,200.5,201.75999450683594,2126500.0,192.56887817382812
2018-05-22,202.11000061035156,198.72999572753906,201.9600067138672,198.97000122070312,2313900.0,189.9059600830078
2018-05-23,198.8000030517578,196.55999755859375,197.74000549316406,198.6699981689453,2737700.0,189.61962890625
2018-05-24,200.17999267578125,196.92999267578125,198.8300018310547,199.41000366210938,2055000.0,190.32591247558594
2018-05-25,199.41000366210938,197.92999267578125,198.3300018310547,199.02999877929688,1686500.0,189.96324157714844
2018-05-29,198.50999450683594,195.10000610351562,198.0,195.74000549316406,2346800.0,186.8231201171875
2018-05-30,199.3800048828125,196.6999969482422,197.08999633789062,198.67999267578125,2143100.0,189.62916564941406
2018-05-31,198.4499969482422,196.25999450683594,198.11000061035156,197.22999572753906,5253100.0,188.2452392578125
2018-06-01,200.4199981689453,198.27999877929688,198.75,199.58999633789062,1827000.0,190.4977264404297
2018-06-04,201.69000244140625,200.07000732421875,200.72999572753906,201.05999755859375,2408400.0,191.9007568359375
2018-06-05,202.10000610351562,200.88999938964844,201.0800018310547,201.1999969482422,2246100.0,192.0343780517578
2018-06-06,204.0500030517578,201.5500030517578,201.83999633789062,203.86000061035156,2297300.0,194.5731964111328
2018-06-07,205.88999938964844,203.75999450683594,204.17999267578125,205.07000732421875,2279200.0,195.72808837890625
2018-06-08,206.75,204.41000366210938,204.97999572753906,206.58999633789062,2170200.0,197.1788330078125
2018-06-11,206.7899932861328,205.0,206.58999633789062,205.1199951171875,2302900.0,195.77581787109375
2018-06-12,205.9499969482422,203.9499969482422,205.6699981689453,204.9199981689453,1806100.0,195.5849151611328
2018-06-13,205.66000366210938,203.72999572753906,205.13999938964844,204.88999938964844,2097900.0,195.55628967285156
2018-06-14,206.27000427246094,203.5,205.75999450683594,203.6300048828125,2221500.0,194.3536834716797
2018-06-15,205.05999755859375,200.11000061035156,202.5500030517578,204.97000122070312,5449500.0,195.63262939453125
2018-06-18,204.57000732421875,200.25,202.52999877929688,204.1699981689453,2842800.0,194.8690948486328
2018-06-19,201.8300018310547,198.3300018310547,201.25999450683594,199.38999938964844,3206800.0,190.3068389892578
2018-06-20,200.0,197.25999450683594,199.33999633789062,198.0800018310547,2348300.0,189.05650329589844
2018-06-21,197.83999633789062,194.58999633789062,197.83999633789062,195.52000427246094,2420400.0,186.61314392089844
2018-06-22,197.44000244140625,195.17999267578125,197.38999938964844,196.5,2290100.0,187.54849243164062
2018-06-25,196.3300018310547,193.63999938964844,195.97999572753906,195.8000030517578,2922500.0,186.88037109375
2018-06-26,197.9499969482422,195.97999572753906,196.83999633789062,196.5800018310547,2140200.0,187.62484741210938
2018-06-27,199.89999389648438,194.75999450683594,196.57000732421875,194.9199981689453,2889700.0,186.04046630859375
2018-06-28,196.85000610351562,194.2100067138672,195.5,195.97000122070312,1978700.0,187.04261779785156
2018-06-29,199.4199981689453,196.4600067138672,196.47000122070312,196.72000122070312,2671600.0,187.7584686279297
2018-07-02,195.88999938964844,193.50999450683594,195.4600067138672,195.52000427246094,1815500.0,186.61314392089844
2018-07-03,198.9499969482422,195.5,196.49000549316406,195.8300018310547,1228900.0,186.9090118408203
2018-07-05,197.47999572753906,195.02999877929688,197.07000732421875,197.33999633789062,2019300.0,188.3502197265625
2018-07-06,198.05999755859375,196.38999938964844,197.08999633789062,197.4600067138672,1624500.0,188.4647674560547
2018-07-09,200.83999633789062,198.07000732421875,198.13999938964844,200.52999877929688,1967100.0,191.39491271972656
2018-07-10,202.5800018310547,200.38999938964844,201.0,201.47999572753906,1688700.0,192.30162048339844
2018-07-11,199.82000732421875,197.49000549316406,199.82000732421875,197.67999267578125,1853100.0,188.6747283935547
2018-07-12,200.0,197.39999389648438,199.1699981689453,199.32000732421875,1733500.0,190.2400360107422
2018-07-13,201.7899932861328,200.0,200.27000427246094,201.17999267578125,1625400.0,192.0153045654297
2018-07-16,201.5800018310547,200.0800018310547,201.5500030517578,201.11000061035156,1468000.0,191.94845581054688
2018-07-17,203.07000732421875,200.1300048828125,200.99000549316406,202.07000732421875,1920600.0,192.86474609375
2018-07-18,203.1699981689453,201.35000610351562,202.22000122070312,202.1999969482422,1945000.0,192.9888153076172
2018-07-19,202.2899932861328,199.50999450683594,201.75999450683594,201.60000610351562,2616400.0,192.41616821289062
2018-07-20,202.9499969482422,198.25,199.3300018310547,201.9499969482422,2325400.0,192.75021362304688
2018-07-23,201.5399932861328,197.67999267578125,201.5399932861328,198.83999633789062,3269100.0,189.78189086914062
2018-07-24,202.19000244140625,190.57000732421875,192.94000244140625,200.67999267578125,8186500.0,191.53807067871094
2018-07-25,204.49000549316406,200.52000427246094,200.6300048828125,204.3800048828125,3345200.0,195.0695037841797
2018-07-26,208.44000244140625,204.64999389648438,204.88999938964844,207.9600067138672,2848300.0,198.48643493652344
2018-07-27,210.60000610351562,206.85000610351562,208.67999267578125,207.4199981689453,2248000.0,197.9710235595703
2018-07-30,209.25,204.75999450683594,208.25,205.1199951171875,2040500.0,195.77581787109375
2018-07-31,212.77999877929688,206.5,207.22999572753906,212.32000732421875,3573100.0,202.64781188964844
2018-08-01,211.05999755859375,206.8699951171875,210.97999572753906,207.0500030517578,2066600.0,197.61788940429688
2018-08-02,205.99000549316406,203.85000610351562,205.9499969482422,205.52999877929688,1699700.0,196.16712951660156
2018-08-03,207.5800018310547,205.1999969482422,205.9199981689453,207.2899932861328,1299900.0,197.84693908691406
2018-08-06,207.4600067138672,205.24000549316406,207.4499969482422,206.6999969482422,1063800.0,197.28382873535156
2018-08-07,209.61000061035156,207.3699951171875,208.00999450683594,208.57000732421875,1314600.0,199.06863403320312
2018-08-08,209.0399932861328,206.77000427246094,208.49000549316406,207.13999938964844,1052100.0,197.70376586914062
2018-08-09,207.97000122070312,204.49000549316406,207.13999938964844,204.77999877929688,1812600.0,195.4512939453125
2018-08-10,204.1300048828125,201.0,203.80999755859375,201.9600067138672,1893200.0,192.759765625
2018-08-13,202.7899932861328,199.5,202.02000427246094,199.83999633789062,1587200.0,190.736328125
2018-08-14,201.0800018310547,199.41000366210938,199.77999877929688,200.52000427246094,1719000.0,191.38536071777344
2018-08-15,201.75999450683594,197.11000061035156,199.25,201.38999938964844,2028900.0,192.21571350097656
2018-08-16,203.42999267578125,201.82000732421875,202.02000427246094,203.14999389648438,1640200.0,193.89553833007812
2018-08-17,204.99000549316406,201.88999938964844,203.27999877929688,204.77000427246094,1598900.0,195.44174194335938
2018-08-20,205.8000030517578,203.66000366210938,205.72000122070312,204.60000610351562,2091700.0,195.27947998046875
2018-08-21,206.0399932861328,204.38999938964844,205.0,205.69000244140625,1709700.0,196.31983947753906
2018-08-22,205.77000427246094,203.39999389648438,205.77000427246094,204.25999450683594,1461300.0,194.95498657226562
2018-08-23,203.14999389648438,201.4600067138672,203.0,202.75,1367300.0,194.8108673095703
2018-08-24,205.49000549316406,203.07000732421875,203.27999877929688,205.2899932861328,1676600.0,197.25137329101562
2018-08-27,208.5,205.85000610351562,206.17999267578125,208.3300018310547,1777200.0,200.17236328125
2018-08-28,210.1199951171875,208.47999572753906,208.97000122070312,209.42999267578125,2136700.0,201.22927856445312
2018-08-29,210.97000122070312,208.50999450683594,209.1699981689453,210.4600067138672,2110300.0,202.21896362304688
2018-08-30,211.08999633789062,209.22999572753906,209.7100067138672,210.22000122070312,2240800.0,201.9883575439453
2018-08-31,211.72000122070312,209.44000244140625,209.57000732421875,210.9199981689453,1943500.0,202.66094970703125
2018-09-04,210.75,207.5500030517578,210.5500030517578,208.60000610351562,2108500.0,200.43177795410156
2018-09-05,211.91000366210938,207.35000610351562,208.2899932861328,211.8300018310547,1951500.0,203.5353240966797
2018-09-06,213.3699951171875,211.07000732421875,212.0,212.74000549316406,2363500.0,204.40968322753906
2018-09-07,212.97000122070312,209.97000122070312,212.24000549316406,212.57000732421875,2739200.0,204.246337890625
2018-09-10,216.3699951171875,212.86000061035156,213.67999267578125,212.92999267578125,2399700.0,204.59222412109375
2018-09-11,212.22000122070312,210.0,211.36000061035156,211.77999877929688,1967500.0,203.4872589111328
2018-09-12,214.75999450683594,205.89999389648438,212.3000030517578,206.7100067138672,4937000.0,198.6157989501953
2018-09-13,209.13999938964844,206.5500030517578,207.33999633789062,209.0500030517578,2171300.0,200.86416625976562
2018-09-14,210.3000030517578,207.14999389648438,208.83999633789062,207.8800048828125,1721600.0,199.739990234375
2018-09-17,210.19000244140625,207.3000030517578,207.4600067138672,209.52999877929688,1610400.0,201.32534790039062
2018-09-18,211.8300018310547,208.42999267578125,210.24000549316406,211.52999877929688,1652900.0,203.24705505371094
2018-09-19,214.13999938964844,211.6300048828125,211.77000427246094,213.1199951171875,1884500.0,204.77479553222656
2018-09-20,217.0,213.25999450683594,214.6999969482422,215.27000427246094,2075100.0,206.8406219482422
2018-09-21,217.8699951171875,215.61000061035156,217.32000732421875,216.3300018310547,5563700.0,207.85910034179688
2018-09-24,215.8699951171875,212.69000244140625,215.38999938964844,213.50999450683594,2044800.0,205.14952087402344
2018-09-25,214.1300048828125,210.27999877929688,214.1300048828125,210.63999938964844,2090600.0,202.3918914794922
2018-09-26,212.58999633789062,210.63999938964844,211.49000549316406,211.07000732421875,1677700.0,202.80506896972656
2018-09-27,212.8699951171875,210.0,212.0,210.11000061035156,1609800.0,201.88265991210938
2018-09-28,211.27999877929688,208.8699951171875,209.52999877929688,210.7100067138672,2500200.0,202.45916748046875
2018-10-01,213.39999389648438,211.30999755859375,212.39999389648438,212.19000244140625,1828800.0,203.88121032714844
2018-10-02,215.83999633789062,212.10000610351562,212.3800048828125,215.7100067138672,1749400.0,207.26336669921875
2018-10-03,217.33999633789062,214.94000244140625,216.0,215.75999450683594,2139200.0,207.3114013671875
2018-10-04,215.66000366210938,212.0399932861328,214.85000610351562,213.83999633789062,1682500.0,205.46661376953125
2018-10-05,215.02999877929688,211.05999755859375,214.35000610351562,213.19000244140625,2140300.0,204.84207153320312
2018-10-08,214.5800018310547,212.25999450683594,213.1300048828125,214.3699951171875,1666700.0,205.97584533691406
2018-10-09,213.11000061035156,209.63999938964844,212.67999267578125,210.4199981689453,2947400.0,202.18051147460938
2018-10-10,209.19000244140625,201.5500030517578,209.19000244140625,202.14999389648438,3525200.0,194.23435974121094
2018-10-11,202.91000366210938,196.5,201.14999389648438,196.72999572753906,3497200.0,189.02658081054688
2018-10-12,202.5500030517578,195.92999267578125,200.8699951171875,198.22999572753906,2798100.0,190.4678497314453
2018-10-15,200.6999969482422,197.4199981689453,197.82000732421875,198.94000244140625,1812800.0,191.1500701904297
2018-10-16,202.52000427246094,199.22999572753906,200.4600067138672,202.3300018310547,1939500.0,194.4073028564453
2018-10-17,203.77000427246094,200.4499969482422,201.7899932861328,202.92999267578125,1824200.0,194.9838104248047
2018-10-18,202.52000427246094,198.39999389648438,202.33999633789062,200.3800048828125,2339400.0,192.53366088867188
2018-10-19,201.10000610351562,198.3699951171875,200.1199951171875,199.85000610351562,3167300.0,192.02442932128906
2018-10-22,203.39999389648438,199.69000244140625,201.25,201.36000061035156,3263300.0,193.47528076171875
2018-10-23,194.88999938964844,184.5,188.8000030517578,192.5500030517578,8255600.0,185.01025390625
2018-10-24,192.9600067138672,183.97000122070312,192.10000610351562,184.5399932861328,5003500.0,177.31390380859375
2018-10-25,187.47999572753906,182.36000061035156,186.57000732421875,184.99000549316406,3535200.0,177.7462921142578
2018-10-26,186.66000366210938,181.97999572753906,183.30999755859375,184.9499969482422,3546200.0,177.70787048339844
2018-10-29,188.8800048828125,183.16000366210938,187.85000610351562,185.7899932861328,2867600.0,178.5149688720703
2018-10-30,190.0800018310547,185.0,186.8300018310547,189.80999755859375,2919600.0,182.37754821777344
2018-10-31,192.1199951171875,189.6699981689453,190.6999969482422,190.25999450683594,2845100.0,182.80992126464844
2018-11-01,193.2100067138672,190.08999633789062,190.61000061035156,192.22000122070312,2242800.0,184.6931915283203
2018-11-02,194.47000122070312,191.60000610351562,193.66000366210938,192.80999755859375,3069600.0,185.2600860595703
2018-11-05,194.55999755859375,192.2100067138672,193.5,193.25,2886500.0,185.682861328125
2018-11-06,195.5,193.0,193.27000427246094,195.3000030517578,1900200.0,187.65257263183594
2018-11-07,201.39999389648438,195.41000366210938,197.19000244140625,201.2899932861328,2444400.0,193.40802001953125
2018-11-08,204.27000427246094,200.72999572753906,201.0,204.07000732421875,2534000.0,196.0791778564453
2018-11-09,204.0,199.6999969482422,204.0,201.10000610351562,2429300.0,193.2254638671875
2018-11-12,200.77000427246094,196.5,200.57000732421875,197.0399932861328,2770000.0,189.32444763183594
2018-11-13,200.8800048828125,197.16000366210938,197.52000427246094,198.3699951171875,2168800.0,190.60235595703125
2018-11-14,201.0399932861328,196.2899932861328,200.8000030517578,198.05999755859375,2797700.0,190.3044891357422
2018-11-15,205.1300048828125,196.24000549316406,197.72999572753906,204.91000366210938,3157500.0,196.8862762451172
2018-11-16,209.77000427246094,202.60000610351562,203.24000549316406,209.0,2620400.0,200.8161163330078
2018-11-19,208.0500030517578,204.3699951171875,207.8300018310547,205.5800018310547,3220400.0,197.53004455566406
2018-11-20,204.13999938964844,200.19000244140625,203.5800018310547,200.50999450683594,2677200.0,192.6585693359375
2018-11-21,201.17999267578125,198.66000366210938,199.67999267578125,198.69000244140625,1832700.0,192.2135772705078
2018-11-23,198.67999267578125,196.7899932861328,197.75999450683594,196.8000030517578,999900.0,190.3851776123047
2018-11-26,201.8300018310547,197.32000732421875,198.57000732421875,199.86000061035156,2321000.0,193.3454132080078
2018-11-27,201.32000732421875,196.77999877929688,199.1199951171875,200.69000244140625,2079600.0,194.14837646484375
2018-11-28,204.35000610351562,199.4199981689453,201.99000549316406,204.33999633789062,2184400.0,197.67938232421875
2018-11-29,205.83999633789062,202.66000366210938,203.8699951171875,204.55999755859375,1569200.0,197.8922119140625
2018-11-30,207.9199981689453,203.97999572753906,204.36000061035156,207.9199981689453,3171900.0,201.1427001953125
2018-12-03,211.9499969482422,207.0500030517578,211.2100067138672,208.75999450683594,2493400.0,201.955322265625
2018-12-04,208.5500030517578,202.08999633789062,208.05999755859375,202.1999969482422,2698700.0,195.60914611816406
2018-12-06,203.0800018310547,198.19000244140625,199.61000061035156,202.67999267578125,2991800.0,196.073486328125
2018-12-07,204.3699951171875,197.00999450683594,202.6199951171875,198.24000549316406,2254500.0,191.77822875976562
2018-12-10,198.9499969482422,193.63999938964844,198.36000061035156,198.32000732421875,1980300.0,191.85562133789062
2018-12-11,202.0,196.13999938964844,201.25999450683594,197.4600067138672,1828900.0,191.02366638183594
2018-12-12,202.6199951171875,199.6999969482422,200.60000610351562,199.80999755859375,1919000.0,193.2970733642578
2018-12-13,202.39999389648438,199.52000427246094,201.42999267578125,202.1300048828125,1831700.0,195.54144287109375
2018-12-14,201.57000732421875,195.85000610351562,200.1199951171875,196.10000610351562,2473200.0,189.70799255371094
2018-12-17,198.25,191.85000610351562,195.83999633789062,192.82000732421875,2547600.0,186.53489685058594
2018-12-18,196.9199981689453,193.14999389648438,193.38999938964844,194.55999755859375,2636300.0,188.21817016601562
2018-12-19,198.22999572753906,189.6999969482422,196.0,189.9600067138672,3266500.0,183.76812744140625
2018-12-20,191.1199951171875,185.5,189.11000061035156,187.3800048828125,3609200.0,181.272216796875
2018-12-21,190.5,183.63999938964844,187.86000061035156,183.75,6699200.0,177.76055908203125
2018-12-24,183.5399932861328,178.50999450683594,181.88999938964844,178.6199951171875,2249500.0,172.79774475097656
2018-12-26,186.3300018310547,176.8699951171875,179.3800048828125,186.25999450683594,2925500.0,180.188720703125
2018-12-27,190.6999969482422,182.8800048828125,183.5,190.6999969482422,2809000.0,184.48399353027344
2018-12-28,192.3000030517578,188.57000732421875,191.80999755859375,189.3699951171875,2311400.0,183.19735717773438
2018-12-31,191.64999389648438,188.5,190.33999633789062,190.5399932861328,1804400.0,184.3292236328125
2019-01-02,190.99000549316406,186.6999969482422,187.82000732421875,190.9499969482422,2475200.0,184.7258758544922
2019-01-03,188.27999877929688,182.88999938964844,188.27999877929688,183.75999450683594,3358200.0,177.7702178955078
2019-01-04,191.97999572753906,186.02999877929688,186.75,191.32000732421875,2995100.0,185.08380126953125
2019-01-07,192.3000030517578,188.66000366210938,191.36000061035156,190.8800048828125,2162200.0,184.65814208984375
2019-01-08,194.11000061035156,189.5800018310547,193.0,191.67999267578125,2479800.0,185.4320526123047
2019-01-09,193.94000244140625,191.3800048828125,193.25,192.3000030517578,2163600.0,186.0318603515625
2019-01-10,193.80999755859375,189.39999389648438,190.8699951171875,193.60000610351562,1939300.0,187.28948974609375
2019-01-11,192.69000244140625,190.86000061035156,191.83999633789062,192.2100067138672,2359900.0,185.94479370117188
2019-01-14,192.8300018310547,189.8000030517578,190.63999938964844,192.1699981689453,1914400.0,185.90609741210938
2019-01-15,190.67999267578125,187.86000061035156,188.83999633789062,188.94000244140625,2737300.0,182.7813720703125
2019-01-16,190.44000244140625,188.4199981689453,188.50999450683594,189.47999572753906,2492100.0,183.30377197265625
2019-01-17,192.89999389648438,187.89999389648438,188.55999755859375,191.7100067138672,1978900.0,185.4611053466797
2019-01-18,196.39999389648438,192.36000061035156,194.33999633789062,195.86000061035156,2746600.0,189.47581481933594
2019-01-22,194.49000549316406,190.42999267578125,194.22000122070312,192.25999450683594,2709600.0,185.99314880371094
2019-01-23,194.0,190.27999877929688,192.6300048828125,192.2899932861328,1652900.0,186.0221710205078
2019-01-24,193.1699981689453,191.50999450683594,192.25999450683594,192.52000427246094,1582800.0,186.2446746826172
2019-01-25,197.16000366210938,194.4600067138672,194.72000122070312,195.89999389648438,2320100.0,189.51449584960938
2019-01-28,193.4499969482422,191.07000732421875,193.13999938964844,193.1999969482422,3156600.0,186.9025115966797
2019-01-29,199.88999938964844,194.1999969482422,195.00999450683594,196.9499969482422,4311100.0,190.53028869628906
2019-01-30,200.11000061035156,194.6300048828125,198.22000122070312,199.27000427246094,2168100.0,192.774658203125
2019-01-31,200.88999938964844,197.74000549316406,198.8000030517578,200.3000030517578,3338400.0,193.77110290527344
2019-02-01,201.77000427246094,198.2899932861328,201.49000549316406,199.16000366210938,2239400.0,192.66822814941406
2019-02-04,200.25999450683594,196.25,199.00999450683594,200.2100067138672,1973600.0,193.6840362548828
2019-02-05,201.1300048828125,199.72999572753906,200.72000122070312,201.1199951171875,2036900.0,194.56436157226562
2019-02-06,203.0800018310547,200.25,201.22000122070312,202.57000732421875,1672400.0,195.9671173095703
2019-02-07,202.39999389648438,198.86000061035156,201.02000427246094,199.83999633789062,1949400.0,193.32606506347656
2019-02-08,199.85000610351562,197.89999389648438,199.22000122070312,199.82000732421875,1451800.0,193.30673217773438
2019-02-11,201.1999969482422,199.63999938964844,200.92999267578125,200.91000366210938,1513500.0,194.36122131347656
2019-02-12,206.7899932861328,202.19000244140625,202.8699951171875,206.57000732421875,2623000.0,199.8367156982422
2019-02-13,210.39999389648438,206.58999633789062,207.08999633789062,209.72000122070312,2967300.0,202.88401794433594
2019-02-14,207.1199951171875,204.0500030517578,206.58999633789062,204.92999267578125,2229700.0,199.62081909179688
2019-02-15,208.97000122070312,206.0,206.4600067138672,208.86000061035156,2000400.0,203.4490203857422
2019-02-19,209.14999389648438,207.38999938964844,207.91000366210938,208.41000366210938,1534400.0,203.0106658935547
2019-02-20,208.97000122070312,207.32000732421875,208.92999267578125,208.52999877929688,1879100.0,203.1275634765625
2019-02-21,209.11000061035156,207.25,208.16000366210938,207.77000427246094,1737600.0,202.38723754882812
2019-02-22,209.66000366210938,207.14999389648438,207.77000427246094,209.35000610351562,1534200.0,203.9263153076172
2019-02-25,211.35000610351562,210.33999633789062,210.47000122070312,210.5800018310547,2183500.0,205.1244354248047
2019-02-26,211.58999633789062,209.3699951171875,210.5800018310547,209.3800048828125,1671300.0,203.95553588867188
2019-02-27,209.69000244140625,208.16000366210938,209.60000610351562,209.02999877929688,1540600.0,203.61460876464844
2019-02-28,209.0500030517578,206.9600067138672,209.0500030517578,207.38999938964844,2121700.0,202.01708984375
2019-03-01,209.75999450683594,206.89999389648438,208.80999755859375,207.49000549316406,1754400.0,202.11451721191406
2019-03-04,209.97999572753906,205.74000549316406,208.99000549316406,206.86000061035156,1989900.0,201.50082397460938
2019-03-05,207.25,203.83999633789062,205.5800018310547,203.83999633789062,2744500.0,198.55906677246094
2019-03-06,204.7899932861328,202.75999450683594,204.72999572753906,202.8000030517578,1825300.0,197.5460205078125
2019-03-07,202.55999755859375,198.5,202.55999755859375,199.86000061035156,3339600.0,194.6821746826172
2019-03-08,201.1699981689453,198.0,198.3800048828125,200.88999938964844,1724500.0,195.68548583984375
2019-03-11,207.16000366210938,201.66000366210938,201.8800048828125,207.10000610351562,2385300.0,201.73458862304688
2019-03-12,208.38999938964844,205.3800048828125,207.83999633789062,205.8000030517578,2115100.0,200.46829223632812
2019-03-13,207.3000030517578,205.6300048828125,206.8300018310547,206.66000366210938,2036700.0,201.30599975585938
2019-03-14,207.4499969482422,205.72999572753906,206.6999969482422,207.3800048828125,1793400.0,202.00735473632812
2019-03-15,208.66000366210938,206.7899932861328,208.39999389648438,208.0800018310547,4394700.0,202.68922424316406
2019-03-18,208.60000610351562,205.61000061035156,208.44000244140625,208.49000549316406,1843600.0,203.08859252929688
2019-03-19,210.5399932861328,208.30999755859375,209.10000610351562,209.02000427246094,2351600.0,203.6048583984375
2019-03-20,210.50999450683594,207.2899932861328,209.0,208.3000030517578,1734600.0,202.90350341796875
2019-03-21,210.16000366210938,205.97000122070312,206.8000030517578,209.61000061035156,2288100.0,204.17958068847656
2019-03-22,208.49000549316406,204.47000122070312,208.2899932861328,204.66000366210938,2716100.0,199.35781860351562
2019-03-25,205.47000122070312,202.25,203.4600067138672,203.2100067138672,2020600.0,197.9453887939453
2019-03-26,207.63999938964844,204.77000427246094,205.0,207.24000549316406,1895600.0,201.8709716796875
2019-03-27,207.94000244140625,205.1300048828125,207.39999389648438,207.16000366210938,2004000.0,201.7930450439453
2019-03-28,208.74000549316406,206.63999938964844,208.0,208.52999877929688,1670600.0,203.1275634765625
2019-03-29,209.5,206.1999969482422,209.2899932861328,207.77999877929688,2858300.0,202.39697265625
2019-04-01,212.38999938964844,209.25999450683594,209.88999938964844,211.94000244140625,2588400.0,206.44920349121094
2019-04-02,212.6999969482422,211.0,212.24000549316406,212.1300048828125,1413500.0,206.63427734375
2019-04-03,213.92999267578125,212.44000244140625,212.9499969482422,213.1300048828125,1570000.0,207.60838317871094
2019-04-04,215.27000427246094,212.3300018310547,213.5,215.02999877929688,1560900.0,209.45916748046875
2019-04-05,216.49000549316406,214.8000030517578,215.8800048828125,215.41000366210938,1391100.0,209.82931518554688
2019-04-08,215.07000732421875,213.47000122070312,214.7100067138672,215.02000427246094,1130000.0,209.4494171142578
2019-04-09,214.57000732421875,211.82000732421875,214.4199981689453,211.9600067138672,1516500.0,206.46868896484375
2019-04-10,212.7100067138672,210.72000122070312,212.4199981689453,212.11000061035156,1348600.0,206.6147918701172
2019-04-11,213.7100067138672,211.44000244140625,211.7100067138672,213.52999877929688,1181200.0,207.99801635742188
2019-04-12,217.49000549316406,214.35000610351562,215.10000610351562,217.4199981689453,1922400.0,211.78724670410156
2019-04-15,217.36000061035156,214.89999389648438,216.83999633789062,215.8300018310547,1483300.0,210.23843383789062
2019-04-16,217.6699981689453,215.47999572753906,216.58999633789062,216.89999389648438,1549600.0,211.28070068359375
2019-04-17,219.3300018310547,217.17999267578125,217.6300048828125,217.63999938964844,1977600.0,212.0015411376953
2019-04-18,219.6699981689453,217.6199951171875,217.97999572753906,218.8800048828125,1780100.0,213.20941162109375
2019-04-22,219.39999389648438,217.27000427246094,217.3000030517578,218.5399932861328,1403500.0,212.8782196044922
2019-04-23,219.5500030517578,217.17999267578125,218.00999450683594,219.5,1561800.0,213.8133544921875
2019-04-24,219.75,218.10000610351562,219.0,219.0800018310547,2048900.0,213.4042205810547
2019-04-25,198.9600067138672,189.60000610351562,197.5399932861328,190.72000122070312,14646200.0,185.77896118164062
2019-04-26,192.25,189.36000061035156,190.52999877929688,191.6699981689453,4491300.0,186.704345703125
2019-04-29,192.19000244140625,189.75,191.52000427246094,190.2100067138672,3803400.0,185.2821807861328
2019-04-30,190.86000061035156,186.5500030517578,190.86000061035156,189.50999450683594,4541000.0,184.60031127929688
2019-05-01,189.7100067138672,185.9199981689453,189.49000549316406,186.07000732421875,3818500.0,181.2494354248047
2019-05-02,186.5,183.3800048828125,184.5,184.75,5654900.0,179.96363830566406
2019-05-03,186.69000244140625,184.08999633789062,185.80999755859375,185.22000122070312,4747700.0,180.42144775390625
2019-05-06,183.11000061035156,180.1300048828125,182.0399932861328,183.0399932861328,6517600.0,178.2979278564453
2019-05-07,181.89999389648438,177.80999755859375,181.80999755859375,179.1199951171875,5415600.0,174.47947692871094
2019-05-08,180.52999877929688,178.5,179.50999450683594,178.58999633789062,2990500.0,173.9632110595703
2019-05-09,177.39999389648438,174.17999267578125,177.3000030517578,175.27999877929688,5098200.0,170.7389678955078
2019-05-10,176.3300018310547,173.00999450683594,175.02000427246094,175.86000061035156,5012300.0,171.303955078125
2019-05-13,174.5800018310547,172.7899932861328,173.94000244140625,174.07000732421875,5916700.0,169.56031799316406
2019-05-14,176.97000122070312,174.50999450683594,174.7899932861328,175.2100067138672,4014000.0,170.67079162597656
2019-05-15,175.64999389648438,173.64999389648438,174.02000427246094,174.1199951171875,3015500.0,169.60902404785156
2019-05-16,174.38999938964844,171.36000061035156,174.38999938964844,171.80999755859375,4039500.0,167.35885620117188
2019-05-17,170.25999450683594,168.42999267578125,170.0,169.08999633789062,4595000.0,164.7093505859375
2019-05-20,167.9600067138672,165.61000061035156,167.9600067138672,166.25,4374600.0,161.94290161132812
2019-05-21,167.4199981689453,166.17999267578125,167.00999450683594,167.3000030517578,4148200.0,162.96571350097656
2019-05-22,170.75999450683594,166.4600067138672,167.42999267578125,169.74000549316406,4504200.0,165.34249877929688
2019-05-23,168.3000030517578,164.58999633789062,167.5800018310547,165.8699951171875,3830200.0,162.9552001953125
2019-05-24,167.4199981689453,165.32000732421875,166.33999633789062,166.08999633789062,2366900.0,163.17132568359375
2019-05-28,166.99000549316406,163.35000610351562,166.8000030517578,163.35000610351562,4875100.0,160.47950744628906
2019-05-29,163.8000030517578,160.5,163.00999450683594,161.39999389648438,3669000.0,158.56373596191406
2019-05-30,162.27000427246094,160.0,161.39999389648438,160.5800018310547,2478700.0,157.7581787109375
2019-05-31,160.74000549316406,159.6300048828125,159.8300018310547,159.75,3521900.0,156.9427490234375
2019-06-03,161.5,159.32000732421875,159.75,160.0399932861328,3726500.0,157.22764587402344
2019-06-04,165.08999633789062,161.5800018310547,161.72999572753906,164.2899932861328,3746800.0,161.40296936035156
2019-06-05,165.8300018310547,162.8800048828125,165.13999938964844,163.85000610351562,3161600.0,160.970703125
2019-06-06,166.35000610351562,162.4600067138672,164.0,164.72000122070312,3581800.0,161.82540893554688
2019-06-07,167.08999633789062,164.63999938964844,165.55999755859375,166.61000061035156,2017700.0,163.68218994140625
2019-06-10,170.22000122070312,167.8699951171875,168.11000061035156,168.2899932861328,2257600.0,165.33267211914062
2019-06-11,170.36000061035156,168.5,169.91000366210938,168.91000366210938,2227200.0,165.94178771972656
2019-06-12,170.14999389648438,168.58999633789062,169.8699951171875,169.00999450683594,2166400.0,166.04002380371094
2019-06-13,169.89999389648438,167.8699951171875,169.36000061035156,168.85000610351562,2141500.0,165.88284301757812
2019-06-14,168.25,166.0500030517578,168.24000549316406,166.69000244140625,2719200.0,163.76080322265625
2019-06-17,167.42999267578125,166.4600067138672,167.10000610351562,166.77999877929688,1783300.0,163.84921264648438
2019-06-18,172.27000427246094,167.57000732421875,167.85000610351562,171.86000061035156,3623000.0,168.83995056152344
2019-06-19,172.80999755859375,170.5399932861328,171.8800048828125,170.75,2777400.0,167.74945068359375
2019-06-20,174.27999877929688,171.6999969482422,172.8699951171875,173.94000244140625,3064200.0,170.88340759277344
2019-06-21,174.55999755859375,172.6300048828125,173.75,173.35000610351562,4880800.0,170.3037567138672
2019-06-24,174.33999633789062,173.33999633789062,173.35000610351562,173.3800048828125,2711900.0,170.33323669433594
2019-06-25,173.38999938964844,171.27999877929688,173.25,172.02999877929688,2733200.0,169.0069580078125
2019-06-26,173.24000549316406,171.72000122070312,172.35000610351562,171.8800048828125,1812200.0,168.85960388183594
2019-06-27,172.7899932861328,170.64999389648438,172.50999450683594,171.5,1718500.0,168.48626708984375
2019-06-28,174.3699951171875,171.77000427246094,171.85000610351562,173.33999633789062,3600800.0,170.29393005371094
2019-07-01,175.77999877929688,173.52000427246094,175.4600067138672,174.50999450683594,2106700.0,171.44337463378906
2019-07-02,175.10000610351562,173.07000732421875,175.10000610351562,174.02000427246094,1555400.0,170.9619903564453
2019-07-03,175.0399932861328,172.92999267578125,174.1699981689453,174.97999572753906,1170700.0,171.90512084960938
2019-07-05,173.27999877929688,169.72999572753906,173.0,172.0,1740500.0,168.97747802734375
2019-07-08,170.47999572753906,168.77000427246094,169.9199981689453,169.19000244140625,2285300.0,166.21685791015625
2019-07-09,167.4499969482422,164.2899932861328,166.82000732421875,165.6999969482422,4536100.0,162.78819274902344
2019-07-10,167.32000732421875,165.57000732421875,166.19000244140625,165.6999969482422,2661700.0,162.78819274902344
2019-07-11,169.08999633789062,165.8699951171875,166.3000030517578,169.0399932861328,2814800.0,166.06948852539062
2019-07-12,173.36000061035156,169.25,170.10000610351562,173.33999633789062,3160700.0,170.29393005371094
2019-07-15,174.25,171.2100067138672,173.3800048828125,172.83999633789062,2187500.0,169.80271911621094
2019-07-16,177.25,172.72000122070312,172.75,176.49000549316406,3918900.0,173.38858032226562
2019-07-17,176.49000549316406,174.10000610351562,176.35000610351562,174.6699981689453,2947400.0,171.60057067871094
2019-07-18,175.13999938964844,172.39999389648438,174.4199981689453,173.05999755859375,2223300.0,170.0188446044922
2019-07-19,173.99000549316406,172.2100067138672,173.00999450683594,172.61000061035156,2360300.0,169.57676696777344
2019-07-22,175.2100067138672,172.1300048828125,172.80999755859375,174.63999938964844,2004400.0,171.5710906982422
2019-07-23,178.02000427246094,175.64999389648438,176.0,177.52000427246094,2360700.0,174.40048217773438
2019-07-24,180.2899932861328,176.25999450683594,176.92999267578125,179.4199981689453,3532300.0,176.26708984375
2019-07-25,187.72000122070312,176.66000366210938,187.00999450683594,178.1300048828125,7362000.0,174.99977111816406
2019-07-26,178.38999938964844,170.57000732421875,177.6300048828125,173.97999572753906,4016100.0,170.9226837158203
2019-07-29,177.6199951171875,173.66000366210938,173.8300018310547,176.75999450683594,2638900.0,173.65383911132812
2019-07-30,177.80999755859375,173.8000030517578,175.66000366210938,177.6300048828125,1968700.0,174.50856018066406
2019-07-31,178.02000427246094,173.39999389648438,177.64999389648438,174.72000122070312,3015800.0,171.64968872070312
2019-08-01,177.6699981689453,173.02999877929688,174.7899932861328,173.36000061035156,2381200.0,170.31358337402344
2019-08-02,172.9199981689453,169.80999755859375,172.86000061035156,170.5500030517578,2423100.0,167.55296325683594
2019-08-05,169.02000427246094,164.4199981689453,168.9499969482422,164.7100067138672,2894700.0,161.81558227539062
2019-08-06,165.47999572753906,162.89999389648438,164.82000732421875,163.7100067138672,3494800.0,160.8331756591797
2019-08-07,163.9499969482422,158.0399932861328,162.0,163.63999938964844,5993200.0,160.76438903808594
2019-08-08,165.49000549316406,163.5500030517578,164.3699951171875,164.22000122070312,3260100.0,161.33421325683594
2019-08-09,164.75,162.02999877929688,164.5399932861328,163.47000122070312,1582100.0,160.59738159179688
2019-08-12,164.77999877929688,161.5500030517578,163.02000427246094,162.10000610351562,1446300.0,159.25144958496094
2019-08-13,167.8800048828125,162.14999389648438,162.55999755859375,164.8800048828125,3244600.0,161.98260498046875
2019-08-14,162.8699951171875,158.6699981689453,162.5,158.80999755859375,4056100.0,156.01925659179688
2019-08-15,159.6999969482422,155.6300048828125,158.05999755859375,156.83999633789062,4452700.0,155.49380493164062
2019-08-16,161.91000366210938,157.4499969482422,157.83999633789062,161.5,3481800.0,160.1138153076172
2019-08-19,163.9499969482422,161.77999877929688,163.7100067138672,162.9499969482422,3198000.0,161.55136108398438
2019-08-20,163.11000061035156,160.9600067138672,163.11000061035156,161.00999450683594,2061700.0,159.62802124023438
2019-08-21,163.64999389648438,161.0500030517578,162.69000244140625,161.14999389648438,1623600.0,159.76681518554688
2019-08-22,162.92999267578125,160.14999389648438,162.0,160.8800048828125,1441600.0,159.4991455078125
2019-08-23,160.35000610351562,155.27000427246094,160.0800018310547,155.85000610351562,4223900.0,154.51231384277344
2019-08-26,157.47000122070312,155.0800018310547,157.00999450683594,156.1199951171875,2215300.0,154.7799835205078
2019-08-27,157.47999572753906,155.39999389648438,157.3300018310547,155.75,2281100.0,154.4131622314453
2019-08-28,157.77999877929688,154.0,155.10000610351562,157.5500030517578,2346900.0,156.19772338867188
2019-08-29,161.02999877929688,159.0500030517578,159.3000030517578,160.36000061035156,3170500.0,158.9835968017578
2019-08-30,162.14999389648438,160.41000366210938,161.57000732421875,161.72000122070312,1967000.0,160.33192443847656
2019-09-03,161.6300048828125,157.25999450683594,161.39999389648438,158.63999938964844,1835800.0,157.2783660888672
2019-09-04,160.6300048828125,158.99000549316406,159.8300018310547,160.07000732421875,1506600.0,158.6960906982422
2019-09-05,166.41000366210938,162.38999938964844,162.5,164.22999572753906,2421400.0,162.82037353515625
2019-09-06,164.8800048828125,162.9499969482422,164.63999938964844,163.94000244140625,1762300.0,162.53286743164062
2019-09-09,167.85000610351562,164.69000244140625,165.0,165.94000244140625,3091300.0,164.5157012939453
2019-09-10,169.10000610351562,166.00999450683594,166.16000366210938,168.86000061035156,3240200.0,167.41064453125
2019-09-11,169.88999938964844,165.3699951171875,169.86000061035156,168.0800018310547,3579100.0,166.63734436035156
2019-09-12,171.85000610351562,168.61000061035156,169.6199951171875,170.5800018310547,2870400.0,169.11587524414062
2019-09-13,172.47999572753906,169.86000061035156,170.58999633789062,171.44000244140625,2534200.0,169.968505859375
2019-09-16,171.2100067138672,167.91000366210938,171.2100067138672,169.6699981689453,2459300.0,168.21368408203125
2019-09-17,168.57000732421875,166.5,167.75999450683594,168.07000732421875,2716400.0,166.62742614746094
2019-09-18,168.0500030517578,165.25,167.61000061035156,167.44000244140625,2096700.0,166.00283813476562
2019-09-19,168.80999755859375,166.91000366210938,167.38999938964844,167.07000732421875,1623000.0,165.63601684570312
2019-09-20,169.1699981689453,166.47999572753906,167.42999267578125,166.75999450683594,3698900.0,165.3286590576172
2019-09-23,167.42999267578125,164.5,165.49000549316406,166.75999450683594,1938600.0,165.3286590576172
2019-09-24,167.5500030517578,164.16000366210938,167.0500030517578,164.74000549316406,2986800.0,163.3260040283203
2019-09-25,164.97999572753906,163.69000244140625,164.75999450683594,164.0,2758200.0,162.5923614501953
2019-09-26,164.41000366210938,162.8000030517578,164.0,163.8300018310547,2763300.0,162.42381286621094
2019-09-27,165.63999938964844,163.52000427246094,164.47999572753906,164.52999877929688,2870300.0,163.11781311035156
2019-09-30,165.57000732421875,163.94000244140625,165.2100067138672,164.39999389648438,2508500.0,162.98892211914062
2019-10-01,165.2100067138672,158.1699981689453,165.0,158.3800048828125,3271500.0,157.02059936523438
2019-10-02,157.22000122070312,154.6300048828125,157.05999755859375,155.64999389648438,2972300.0,154.31402587890625
2019-10-03,155.4600067138672,150.80999755859375,155.13999938964844,155.22999572753906,3025700.0,153.8976287841797
2019-10-04,156.0500030517578,154.39999389648438,155.22999572753906,155.82000732421875,2646400.0,154.48257446289062
2019-10-07,155.35000610351562,153.52000427246094,155.0,153.52000427246094,2471200.0,152.2023162841797
2019-10-08,152.8000030517578,150.5800018310547,152.3300018310547,150.74000549316406,2781800.0,149.44618225097656
2019-10-09,152.44000244140625,150.7899932861328,152.33999633789062,150.99000549316406,3358600.0,149.69403076171875
2019-10-10,153.08999633789062,150.8699951171875,150.9499969482422,152.30999755859375,3192000.0,151.002685546875
2019-10-11,159.60000610351562,154.11000061035156,154.1300048828125,158.10000610351562,4670200.0,156.74301147460938
2019-10-14,162.38999938964844,157.33999633789062,158.0399932861328,160.50999450683594,3269800.0,159.13230895996094
2019-10-15,164.02000427246094,159.35000610351562,159.35000610351562,162.97999572753906,3098600.0,161.5811004638672
2019-10-16,164.1999969482422,162.1199951171875,163.10000610351562,162.17999267578125,1935200.0,160.7879638671875
2019-10-17,165.49000549316406,163.0800018310547,163.13999938964844,163.5399932861328,1944600.0,162.13629150390625
2019-10-18,164.27000427246094,162.97999572753906,163.55999755859375,163.10000610351562,2693700.0,161.70008850097656
2019-10-21,166.14999389648438,164.75999450683594,165.47000122070312,165.94000244140625,1998600.0,164.5157012939453
2019-10-22,168.91000366210938,165.10000610351562,166.27000427246094,167.5399932861328,2064000.0,166.10195922851562
2019-10-23,168.75999450683594,166.55999755859375,167.41000366210938,168.75999450683594,2712300.0,167.31149291992188
2019-10-24,165.25,159.6300048828125,165.16000366210938,161.88999938964844,5953300.0,160.50047302246094
2019-10-25,167.6300048828125,162.1300048828125,162.50999450683594,166.08999633789062,3104700.0,164.66441345214844
2019-10-28,169.7100067138672,166.1999969482422,166.47999572753906,169.05999755859375,3138000.0,167.60891723632812
2019-10-29,169.9499969482422,167.50999450683594,168.02999877929688,168.80999755859375,2669200.0,167.36106872558594
2019-10-30,168.57000732421875,167.02999877929688,168.22999572753906,168.3699951171875,1780100.0,166.9248504638672
2019-10-31,168.55999755859375,163.5500030517578,168.50999450683594,164.99000549316406,2653100.0,163.57386779785156
2019-11-01,170.14999389648438,166.72000122070312,166.94000244140625,170.08999633789062,2467400.0,168.6300811767578
2019-11-04,175.0,171.6199951171875,171.6199951171875,174.89999389648438,4142800.0,173.39878845214844
2019-11-05,175.4600067138672,173.77000427246094,175.0,175.27000427246094,2304300.0,173.765625
2019-11-06,175.0,172.36000061035156,174.91000366210938,174.0,3012900.0,172.50653076171875
2019-11-07,176.7100067138672,173.7899932861328,175.72999572753906,174.52000427246094,3358800.0,173.02206420898438
2019-11-08,174.8699951171875,172.11000061035156,174.5800018310547,173.14999389648438,1615600.0,171.663818359375
2019-11-11,172.5,169.64999389648438,172.5,170.11000061035156,2664300.0,168.64991760253906
2019-11-12,172.07000732421875,170.02999877929688,170.36000061035156,170.83999633789062,1740400.0,169.37364196777344
2019-11-13,171.38999938964844,169.5800018310547,170.11000061035156,170.5500030517578,1638800.0,169.0861358642578
2019-11-14,172.32000732421875,169.92999267578125,169.97999572753906,170.92999267578125,1613900.0,169.46287536621094
2019-11-15,172.69000244140625,171.0399932861328,171.66000366210938,171.8800048828125,2616900.0,170.40472412109375
2019-11-18,171.1999969482422,169.1699981689453,170.7899932861328,170.5399932861328,2364600.0,169.0762176513672
2019-11-19,171.72000122070312,169.52999877929688,171.72000122070312,170.67999267578125,1791800.0,169.2150115966797
2019-11-20,170.0,167.14999389648438,169.7899932861328,167.77000427246094,2689500.0,166.3300018310547
2019-11-21,167.0,164.50999450683594,166.8800048828125,165.13999938964844,3605700.0,165.13999938964844
2019-11-22,167.75,165.0,165.5,167.60000610351562,3268300.0,167.60000610351562
2019-11-25,170.36000061035156,167.8699951171875,168.47000122070312,170.24000549316406,2761900.0,170.24000549316406
2019-11-26,170.25,168.7100067138672,169.8000030517578,169.22999572753906,2610900.0,169.22999572753906
2019-11-27,171.3699951171875,169.50999450683594,170.0,170.61000061035156,1331500.0,170.61000061035156
2019-11-29,170.5800018310547,169.25999450683594,170.42999267578125,169.77000427246094,942500.0,169.77000427246094
2019-12-02,171.6999969482422,168.24000549316406,170.16000366210938,168.27000427246094,2342200.0,168.27000427246094
2019-12-03,166.60000610351562,164.39999389648438,166.5,165.1699981689453,2702000.0,165.1699981689453
2019-12-04,168.8699951171875,166.0,166.4199981689453,167.13999938964844,2139200.0,167.13999938964844
2019-12-05,167.8699951171875,162.72000122070312,167.22000122070312,164.3699951171875,3309300.0,164.3699951171875
2019-12-06,171.99000549316406,167.25,167.25,171.47000122070312,3880000.0,171.47000122070312
2019-12-09,171.25999450683594,168.7899932861328,169.39999389648438,169.8300018310547,2058200.0,169.8300018310547
2019-12-10,169.38999938964844,166.97000122070312,169.1300048828125,167.66000366210938,2670500.0,167.66000366210938
2019-12-11,168.83999633789062,167.3300018310547,168.3800048828125,168.74000549316406,1859000.0,168.74000549316406
2019-12-12,170.85000610351562,166.3300018310547,166.72999572753906,168.55999755859375,2872400.0,168.55999755859375
2019-12-13,171.1199951171875,168.0800018310547,169.6199951171875,168.7899932861328,2098000.0,168.7899932861328
2019-12-16,170.8300018310547,168.19000244140625,168.94000244140625,170.75,2917200.0,170.75
2019-12-17,171.7899932861328,169.2100067138672,170.35000610351562,169.92999267578125,2672600.0,169.92999267578125
2019-12-18,170.0,168.19000244140625,169.77999877929688,169.02999877929688,2270400.0,169.02999877929688
2019-12-19,172.5800018310547,169.14999389648438,169.6199951171875,172.14999389648438,2757600.0,172.14999389648438
2019-12-20,175.47000122070312,172.1999969482422,174.7899932861328,175.3699951171875,7513000.0,175.3699951171875
2019-12-23,179.17999267578125,176.55999755859375,176.7100067138672,178.47000122070312,4876300.0,178.47000122070312
2019-12-24,178.6699981689453,176.0399932861328,178.27000427246094,176.67999267578125,1259500.0,176.67999267578125
2019-12-26,176.66000366210938,175.5,176.4499969482422,176.58999633789062,1435200.0,176.58999633789062
2019-12-27,177.5399932861328,175.6199951171875,176.64999389648438,177.25999450683594,1472900.0,177.25999450683594
2019-12-30,178.9600067138672,175.58999633789062,177.25999450683594,175.8300018310547,1715100.0,175.8300018310547
2019-12-31,176.58999633789062,175.07000732421875,175.22999572753906,176.4199981689453,1573500.0,176.4199981689453
2020-01-02,180.00999450683594,177.13999938964844,177.67999267578125,180.0,3601700.0,180.0
2020-01-03,178.66000366210938,175.6300048828125,177.02000427246094,178.4499969482422,2466900.0,178.4499969482422
2020-01-06,178.7100067138672,176.35000610351562,177.14999389648438,178.6199951171875,1998000.0,178.6199951171875
2020-01-07,178.50999450683594,176.82000732421875,178.27999877929688,177.89999389648438,2173000.0,177.89999389648438
2020-01-08,181.5,177.64999389648438,178.0,180.6300048828125,2758300.0,180.6300048828125
2020-01-09,181.58999633789062,179.75999450683594,181.50999450683594,181.1999969482422,2746300.0,181.1999969482422
2020-01-10,182.17999267578125,180.13999938964844,181.61000061035156,180.47000122070312,2103800.0,180.47000122070312
2020-01-13,182.22999572753906,180.36000061035156,180.94000244140625,180.9199981689453,2090800.0,180.9199981689453
2020-01-14,182.5500030517578,180.2100067138672,180.9199981689453,181.3699951171875,2911200.0,181.3699951171875
2020-01-15,181.86000061035156,179.17999267578125,181.4199981689453,179.77999877929688,2482200.0,179.77999877929688
2020-01-16,181.1999969482422,179.69000244140625,180.67999267578125,181.00999450683594,2149900.0,181.00999450683594
2020-01-17,182.14999389648438,180.6999969482422,181.0,181.35000610351562,3690100.0,181.35000610351562
2020-01-21,181.91000366210938,178.6300048828125,181.85000610351562,179.38999938964844,3367700.0,179.38999938964844
2020-01-22,180.57000732421875,177.8800048828125,179.50999450683594,178.02999877929688,2420200.0,178.02999877929688
2020-01-23,178.44000244140625,176.38999938964844,177.07000732421875,177.74000549316406,2358400.0,177.74000549316406
2020-01-24,179.80999755859375,177.52999877929688,178.49000549316406,178.14999389648438,2643100.0,178.14999389648438
2020-01-27,180.58999633789062,175.5399932861328,179.86000061035156,175.6300048828125,4361400.0,175.6300048828125
2020-01-28,172.33999633789062,165.0500030517578,171.89999389648438,165.5800018310547,8920700.0,165.5800018310547
2020-01-29,166.47000122070312,161.52999877929688,166.35000610351562,162.0,5343900.0,162.0
