Date,High,Low,Open,Close,Volume,Adj Close
2017-01-30,61.709999084472656,60.93000030517578,61.52000045776367,61.43000030517578,7853600.0,56.29677200317383
2017-01-31,62.2400016784668,60.91999816894531,61.060001373291016,61.9900016784668,9821100.0,56.80997848510742
2017-02-01,62.27000045776367,61.560001373291016,62.060001373291016,62.099998474121094,11018800.0,56.9107780456543
2017-02-02,64.20999908447266,62.529998779296875,62.63999938964844,64.18000030517578,18990200.0,58.816978454589844
2017-02-03,64.33000183105469,63.27000045776367,63.86000061035156,64.29000091552734,11650500.0,58.917781829833984
2017-02-06,64.94999694824219,63.900001525878906,63.91999816894531,64.94000244140625,9158800.0,59.513465881347656
2017-02-07,64.93000030517578,64.05000305175781,64.76000213623047,64.19999694824219,8435300.0,58.83530044555664
2017-02-08,64.4800033569336,63.83000183105469,63.900001525878906,64.31999969482422,5906800.0,58.94527816772461
2017-02-09,64.81999969482422,64.30000305175781,64.31999969482422,64.38999938964844,7052900.0,59.00942611694336
2017-02-10,64.56999969482422,63.959999084472656,64.31999969482422,64.1500015258789,8531400.0,58.789485931396484
2017-02-13,64.83000183105469,64.22000122070312,64.25,64.7699966430664,7151100.0,59.35767364501953
2017-02-14,65.72000122070312,64.43000030517578,64.63999938964844,65.66000366210938,10142700.0,60.173309326171875
2017-02-15,65.87000274658203,64.8499984741211,64.9000015258789,65.16000366210938,17807300.0,59.715084075927734
2017-02-16,65.41000366210938,64.45999908447266,65.13999938964844,65.26000213623047,12346300.0,59.80672836303711
2017-02-17,65.55999755859375,64.86000061035156,65.19999694824219,65.38999938964844,9048300.0,59.92585754394531
2017-02-21,65.77999877929688,64.9000015258789,64.9000015258789,65.4800033569336,7386100.0,60.00834274291992
2017-02-22,65.75,65.08999633789062,65.5,65.29000091552734,8679600.0,59.8342170715332
2017-02-23,66.11000061035156,65.3499984741211,65.5199966430664,65.8499984741211,6855600.0,60.347415924072266
2017-02-24,66.16000366210938,65.62999725341797,65.6500015258789,66.16000366210938,8444300.0,60.63152313232422
2017-02-27,65.94000244140625,65.55999755859375,65.77999877929688,65.8499984741211,7133800.0,60.347415924072266
2017-02-28,66.1500015258789,65.6500015258789,65.80999755859375,65.87000274658203,7740500.0,60.36575698852539
2017-03-01,66.80000305175781,65.88999938964844,66.06999969482422,66.20999908447266,10680700.0,60.677337646484375
2017-03-02,66.58000183105469,66.0,66.37999725341797,66.08000183105469,8647700.0,60.558204650878906
2017-03-03,66.62000274658203,65.80999755859375,66.08000183105469,66.58000183105469,8316900.0,61.01642990112305
2017-03-06,66.77999877929688,65.9000015258789,66.08000183105469,66.47000122070312,8687500.0,60.915611267089844
2017-03-07,66.30999755859375,65.19000244140625,65.43000030517578,65.95999908447266,8328700.0,60.4482307434082
2017-03-08,66.12000274658203,65.2699966430664,65.95999908447266,65.80000305175781,8417600.0,60.301597595214844
2017-03-09,66.02999877929688,65.5199966430664,65.97000122070312,65.88999938964844,7735000.0,60.38407897949219
2017-03-10,66.19999694824219,65.5,66.06999969482422,65.5999984741211,8823900.0,60.11831283569336
2017-03-13,65.29000091552734,64.01000213623047,65.23999786376953,64.1500015258789,14198600.0,59.213722229003906
2017-03-14,64.51000213623047,64.05000305175781,64.12999725341797,64.19999694824219,7892900.0,59.2598762512207
2017-03-15,64.97000122070312,64.22000122070312,64.4000015258789,64.69999694824219,9025000.0,59.721405029296875
2017-03-16,64.79000091552734,63.9900016784668,64.56999969482422,64.18000030517578,9613200.0,59.24142074584961
2017-03-17,64.69999694824219,63.88999938964844,64.25,63.900001525878906,14449200.0,58.982967376708984
2017-03-20,64.30000305175781,64.0,64.13999938964844,64.11000061035156,12971200.0,59.17680358886719
2017-03-21,64.61000061035156,63.619998931884766,64.31999969482422,63.90999984741211,10550700.0,58.99219512939453
2017-03-22,64.11000061035156,63.25,63.97999954223633,63.5,9549000.0,58.61374282836914
2017-03-23,63.81999969482422,63.189998626708984,63.36000061035156,63.279998779296875,9461000.0,58.410667419433594
2017-03-24,63.529998779296875,62.86000061035156,63.15999984741211,63.18000030517578,9136500.0,58.318363189697266
2017-03-27,63.40999984741211,62.810001373291016,62.91999816894531,63.189998626708984,8015900.0,58.32759094238281
2017-03-28,63.400001525878906,62.880001068115234,63.20000076293945,63.34000015258789,10185000.0,58.46604919433594
2017-03-29,64.11000061035156,63.459999084472656,63.66999816894531,63.63999938964844,8135300.0,58.74296951293945
2017-03-30,63.68000030517578,63.31999969482422,63.5,63.45000076293945,5322000.0,58.567588806152344
2017-03-31,63.630001068115234,63.25,63.2599983215332,63.540000915527344,7614000.0,58.650665283203125
2017-04-03,63.709999084472656,63.220001220703125,63.43000030517578,63.470001220703125,6643600.0,58.5860481262207
2017-04-04,63.77000045776367,63.369998931884766,63.59000015258789,63.66999816894531,6345600.0,58.77065658569336
2017-04-05,64.1500015258789,63.5099983215332,63.689998626708984,63.56999969482422,7713300.0,58.67835235595703
2017-04-06,63.970001220703125,63.189998626708984,63.47999954223633,63.2400016784668,7552600.0,58.373748779296875
2017-04-07,63.33000183105469,62.95000076293945,63.279998779296875,63.130001068115234,7721100.0,58.272212982177734
2017-04-10,63.33000183105469,62.529998779296875,63.27000045776367,62.54999923706055,7247700.0,57.73684310913086
2017-04-11,62.7599983215332,62.18000030517578,62.4900016784668,62.58000183105469,6544800.0,57.76453399658203
2017-04-12,63.209999084472656,62.279998779296875,62.369998931884766,63.04999923706055,9509200.0,58.198368072509766
2017-04-13,63.0,62.560001373291016,62.790000915527344,62.61000061035156,5932500.0,57.79222869873047
2017-04-17,62.84000015258789,62.38999938964844,62.709999084472656,62.79999923706055,5334200.0,57.96760559082031
2017-04-18,62.459999084472656,61.9900016784668,62.459999084472656,62.27000045776367,7394500.0,57.4783935546875
2017-04-19,62.63999938964844,62.0,62.2599983215332,62.63999938964844,10349100.0,57.819915771484375
2017-04-20,62.75,62.25,62.65999984741211,62.54999923706055,8962300.0,57.73684310913086
2017-04-21,62.630001068115234,61.869998931884766,62.36000061035156,61.88999938964844,10498400.0,57.127628326416016
2017-04-24,62.52000045776367,62.02000045776367,62.5,62.13999938964844,8846300.0,57.358394622802734
2017-04-25,62.93000030517578,62.25,62.4900016784668,62.29999923706055,10691800.0,57.50608444213867
2017-04-26,62.880001068115234,62.43000030517578,62.630001068115234,62.70000076293945,8859300.0,57.87530517578125
2017-04-27,62.90999984741211,62.45000076293945,62.779998779296875,62.58000183105469,6603300.0,57.76453399658203
2017-04-28,62.650001525878906,62.13999938964844,62.58000183105469,62.33000183105469,9461700.0,57.53376770019531
2017-05-01,62.5,62.099998474121094,62.25,62.380001068115234,10217100.0,57.57992935180664
2017-05-02,63.2400016784668,62.310001373291016,62.5099983215332,62.70000076293945,13022500.0,57.87530517578125
2017-05-03,63.66999816894531,62.380001068115234,62.5,63.630001068115234,11429800.0,58.733741760253906
2017-05-04,63.88999938964844,63.220001220703125,63.66999816894531,63.380001068115234,8610000.0,58.50297546386719
2017-05-05,64.08999633789062,63.43000030517578,63.5,63.970001220703125,9346600.0,59.04758071899414
2017-05-08,64.51000213623047,63.83000183105469,63.90999984741211,64.01000213623047,11149500.0,59.08449935913086
2017-05-09,64.2699966430664,63.15999984741211,64.18000030517578,63.290000915527344,10222300.0,58.419898986816406
2017-05-10,63.95000076293945,63.09000015258789,63.130001068115234,63.939998626708984,9631800.0,59.01988220214844
2017-05-11,65.25,64.30999755859375,64.75,64.43000030517578,18515900.0,59.47218322753906
2017-05-12,64.66999816894531,63.27000045776367,64.38999938964844,63.56999969482422,10342100.0,58.67835235595703
2017-05-15,63.599998474121094,63.34000015258789,63.41999816894531,63.5099983215332,8311400.0,58.62297058105469
2017-05-16,63.869998931884766,63.13999938964844,63.439998626708984,63.790000915527344,7870700.0,58.88142395019531
2017-05-17,63.790000915527344,62.880001068115234,63.790000915527344,63.0,7916900.0,58.15221405029297
2017-05-18,64.5,62.90999984741211,62.90999984741211,63.88999938964844,11954500.0,58.973731994628906
2017-05-19,64.04000091552734,63.5,64.04000091552734,63.779998779296875,9293700.0,58.872196197509766
2017-05-22,64.44000244140625,63.56999969482422,63.70000076293945,64.04000091552734,6226500.0,59.11219024658203
2017-05-23,64.58999633789062,64.0,64.0,64.55000305175781,5734600.0,59.58294677734375
2017-05-24,65.19999694824219,64.54000091552734,64.7699966430664,64.93000030517578,6955400.0,59.93370819091797
2017-05-25,65.12000274658203,64.66000366210938,64.95999908447266,65.04000091552734,7095900.0,60.035247802734375
2017-05-26,65.20999908447266,64.81999969482422,65.0,64.91999816894531,3685700.0,59.92447280883789
2017-05-30,65.13999938964844,64.52999877929688,64.72000122070312,64.87999725341797,4885600.0,59.887542724609375
2017-05-31,65.48999786376953,65.02999877929688,65.08000183105469,65.11000061035156,7788300.0,60.099853515625
2017-06-01,65.26000213623047,64.86000061035156,65.08999633789062,65.26000213623047,7560500.0,60.238311767578125
2017-06-02,65.58000183105469,65.18000030517578,65.45999908447266,65.47000122070312,6298600.0,60.432159423828125
2017-06-05,65.38999938964844,64.69999694824219,65.3499984741211,65.06999969482422,5968500.0,60.06292724609375
2017-06-06,65.04000091552734,64.45999908447266,65.0,64.66999816894531,7841800.0,59.69371032714844
2017-06-07,64.6500015258789,64.0,64.5999984741211,64.05999755859375,7606600.0,59.13064956665039
2017-06-08,64.25,62.83000183105469,64.05999755859375,63.20000076293945,18522000.0,58.336830139160156
2017-06-09,64.44000244140625,63.13999938964844,63.20000076293945,64.38999938964844,10750400.0,59.43525695800781
2017-06-12,64.68000030517578,64.19999694824219,64.38999938964844,64.38999938964844,9400300.0,59.43525695800781
2017-06-13,63.84000015258789,63.029998779296875,63.72999954223633,63.27000045776367,12053000.0,58.83086013793945
2017-06-14,63.63999938964844,63.02000045776367,63.02000045776367,63.369998931884766,10338600.0,58.92384338378906
2017-06-15,63.439998626708984,62.880001068115234,63.29999923706055,63.189998626708984,7866800.0,58.756473541259766
2017-06-16,63.709999084472656,62.689998626708984,63.2599983215332,62.970001220703125,14902000.0,58.55191421508789
2017-06-19,63.810001373291016,63.02000045776367,63.09000015258789,63.68000030517578,8426900.0,59.212093353271484
2017-06-20,64.95999908447266,63.58000183105469,63.68000030517578,64.52999877929688,10263000.0,60.00245666503906
2017-06-21,65.5999984741211,64.55999755859375,64.55999755859375,65.45999908447266,11145000.0,60.86720275878906
2017-06-22,66.37000274658203,65.37999725341797,65.51000213623047,66.0199966430664,13441900.0,61.38791275024414
2017-06-23,66.38999938964844,65.83999633789062,66.04000091552734,66.16000366210938,14093500.0,61.518104553222656
2017-06-26,66.4000015258789,65.83000183105469,66.1500015258789,65.91999816894531,7576400.0,61.294925689697266
2017-06-27,66.2699966430664,65.54000091552734,66.2699966430664,65.54000091552734,8121600.0,60.94159698486328
2017-06-28,65.9000015258789,65.13999938964844,65.76000213623047,65.16000366210938,6733300.0,60.588260650634766
2017-06-29,65.08000183105469,64.08999633789062,65.01000213623047,64.33999633789062,8350300.0,59.82577896118164
2017-06-30,64.7300033569336,64.0,64.48999786376953,64.08999633789062,8360900.0,59.59332275390625
2017-07-03,64.62999725341797,63.849998474121094,63.849998474121094,64.2699966430664,4671400.0,59.76069259643555
2017-07-05,64.80000305175781,63.91999816894531,64.47000122070312,64.16000366210938,6507800.0,59.65842056274414
2017-07-06,63.90999984741211,62.9900016784668,63.77000045776367,63.099998474121094,11342700.0,58.672786712646484
2017-07-07,63.34000015258789,62.810001373291016,63.209999084472656,63.15999984741211,7243400.0,58.728580474853516
2017-07-10,63.400001525878906,62.61000061035156,63.38999938964844,62.83000183105469,6713800.0,58.42173767089844
2017-07-11,62.97999954223633,62.2400016784668,62.81999969482422,62.34000015258789,6877500.0,57.96611404418945
2017-07-12,63.130001068115234,62.65999984741211,62.65999984741211,62.779998779296875,8216000.0,58.375240325927734
2017-07-13,62.9900016784668,62.279998779296875,62.790000915527344,62.88999938964844,6799200.0,58.47752380371094
2017-07-14,63.400001525878906,62.86000061035156,62.93000030517578,63.060001373291016,6020900.0,58.635597229003906
2017-07-17,63.310001373291016,62.529998779296875,63.150001525878906,62.61000061035156,7387300.0,58.21717071533203
2017-07-18,62.630001068115234,62.27000045776367,62.5,62.40999984741211,6114900.0,58.03120422363281
2017-07-19,62.83000183105469,62.439998626708984,62.5,62.619998931884766,5699100.0,58.22646713256836
2017-07-20,63.2400016784668,62.86000061035156,62.90999984741211,62.939998626708984,6655100.0,58.52401351928711
2017-07-21,63.0,62.58000183105469,62.790000915527344,62.630001068115234,6906400.0,58.23576736450195
2017-07-24,62.900001525878906,62.5,62.540000915527344,62.56999969482422,7783700.0,58.17997360229492
2017-07-25,63.0,62.25,62.849998474121094,62.36000061035156,5955900.0,57.984710693359375
2017-07-26,62.34000015258789,61.720001220703125,62.310001373291016,61.79999923706055,9366700.0,57.46399688720703
2017-07-27,64.55000305175781,62.79999923706055,63.66999816894531,63.689998626708984,21846300.0,59.22138977050781
2017-07-28,64.36000061035156,63.220001220703125,63.810001373291016,64.11000061035156,13342100.0,59.6119270324707
2017-07-31,64.30999755859375,63.5099983215332,64.25,63.880001068115234,11714900.0,59.3980598449707
2017-08-01,64.2699966430664,63.77000045776367,64.04000091552734,63.91999816894531,6490900.0,59.43524932861328
2017-08-02,63.959999084472656,63.16999816894531,63.95000076293945,63.439998626708984,7034900.0,58.98893356323242
2017-08-03,63.72999954223633,63.18000030517578,63.209999084472656,63.52000045776367,7018800.0,59.06332015991211
2017-08-04,63.689998626708984,62.939998626708984,63.630001068115234,63.099998474121094,5341000.0,58.672786712646484
2017-08-07,63.09000015258789,62.65999984741211,62.95000076293945,62.84000015258789,6696800.0,58.431026458740234
2017-08-08,62.720001220703125,62.20000076293945,62.540000915527344,62.31999969482422,7680100.0,57.94751739501953
2017-08-09,62.720001220703125,62.220001220703125,62.45000076293945,62.4900016784668,6552300.0,58.1055908203125
2017-08-10,62.58000183105469,62.16999816894531,62.369998931884766,62.18000030517578,7765100.0,57.81733703613281
2017-08-11,62.959999084472656,62.2599983215332,62.41999816894531,62.380001068115234,6051000.0,58.00330352783203
2017-08-14,63.0,62.59000015258789,62.90999984741211,62.66999816894531,5507500.0,58.27295684814453
2017-08-15,63.029998779296875,62.4900016784668,62.72999954223633,62.5,6316000.0,58.11488723754883
2017-08-16,62.93000030517578,62.33000183105469,62.43000030517578,62.70000076293945,6061200.0,58.30086135864258
2017-08-17,63.02000045776367,61.810001373291016,62.75,61.84000015258789,9150100.0,57.50119400024414
2017-08-18,61.81999969482422,61.15999984741211,61.77000045776367,61.4900016784668,8421700.0,57.175750732421875
2017-08-21,62.040000915527344,61.43000030517578,61.47999954223633,61.970001220703125,7197200.0,57.6220703125
2017-08-22,62.5,61.91999816894531,61.970001220703125,62.41999816894531,5515200.0,58.04049301147461
2017-08-23,62.599998474121094,62.150001525878906,62.25,62.150001525878906,6434900.0,57.7894401550293
2017-08-24,62.90999984741211,62.189998626708984,62.25,62.709999084472656,7750100.0,58.310150146484375
2017-08-25,63.290000915527344,62.77000045776367,62.869998931884766,62.939998626708984,5274900.0,58.52401351928711
2017-08-28,63.459999084472656,62.97999954223633,63.11000061035156,63.31999969482422,7498200.0,58.877349853515625
2017-08-29,63.209999084472656,62.720001220703125,63.130001068115234,63.119998931884766,6564700.0,58.69137954711914
2017-08-30,63.16999816894531,62.900001525878906,63.13999938964844,63.119998931884766,5022500.0,58.69137954711914
2017-08-31,63.91999816894531,62.95000076293945,63.349998474121094,63.86000061035156,12903000.0,59.379459381103516
2017-09-01,64.0999984741211,63.599998474121094,63.790000915527344,63.83000183105469,6185100.0,59.351566314697266
2017-09-05,64.11000061035156,63.459999084472656,63.75,63.619998931884766,7236200.0,59.156307220458984
2017-09-06,64.33000183105469,63.77000045776367,63.88999938964844,64.0,7148700.0,59.5096435546875
2017-09-07,64.41999816894531,63.790000915527344,64.08999633789062,64.31999969482422,6856400.0,59.807193756103516
2017-09-08,64.52999877929688,63.939998626708984,63.9900016784668,64.2699966430664,7365800.0,59.76069259643555
2017-09-11,65.30999755859375,64.68000030517578,64.94000244140625,65.12999725341797,10291600.0,60.56035614013672
2017-09-12,65.62000274658203,65.12000274658203,65.12000274658203,65.45999908447266,7354200.0,60.86720275878906
2017-09-13,65.55000305175781,65.30000305175781,65.36000061035156,65.44999694824219,5628700.0,60.85791015625
2017-09-14,66.16999816894531,64.91000366210938,64.98999786376953,66.12000274658203,9959100.0,61.925594329833984
2017-09-15,66.37999725341797,65.75,66.16999816894531,66.16000366210938,14685800.0,61.96306610107422
2017-09-18,66.41000366210938,65.80999755859375,66.0199966430664,65.98999786376953,10543200.0,61.80384063720703
2017-09-19,66.16000366210938,65.68000030517578,66.0199966430664,65.94999694824219,7009300.0,61.76637649536133
2017-09-20,66.30999755859375,65.19000244140625,66.06999969482422,65.79000091552734,9450000.0,61.61651611328125
2017-09-21,65.93000030517578,65.5199966430664,65.8499984741211,65.5999984741211,5968700.0,61.43858337402344
2017-09-22,65.69999694824219,65.06999969482422,65.62999725341797,65.12999725341797,7465900.0,60.99838638305664
2017-09-25,65.4000015258789,65.04000091552734,65.16000366210938,65.18000030517578,5573400.0,61.045223236083984
2017-09-26,65.31999969482422,64.72000122070312,65.0999984741211,64.76000213623047,6976200.0,60.65187072753906
2017-09-27,64.75,64.31999969482422,64.68000030517578,64.56999969482422,6691900.0,60.473915100097656
2017-09-28,64.66000366210938,64.16999816894531,64.2699966430664,64.29000091552734,7022800.0,60.2116813659668
2017-09-29,64.52999877929688,63.33000183105469,64.29000091552734,64.02999877929688,11449600.0,59.968170166015625
2017-10-02,64.68000030517578,63.88999938964844,64.20999908447266,64.55000305175781,6743400.0,60.4551887512207
2017-10-03,64.58000183105469,63.779998779296875,64.55000305175781,64.37000274658203,6507100.0,60.28660583496094
2017-10-04,64.62000274658203,64.33000183105469,64.41999816894531,64.5999984741211,6414700.0,60.50200653076172
2017-10-05,64.80000305175781,64.33000183105469,64.41999816894531,64.5999984741211,9150000.0,60.50200653076172
2017-10-06,64.9000015258789,64.37000274658203,64.69999694824219,64.55000305175781,7488400.0,60.4551887512207
2017-10-09,64.73999786376953,64.12000274658203,64.66999816894531,64.33000183105469,5451300.0,60.249141693115234
2017-10-10,64.47000122070312,64.19000244140625,64.30999755859375,64.45999908447266,4921000.0,60.37089538574219
2017-10-11,64.33999633789062,63.779998779296875,64.33999633789062,63.779998779296875,10101600.0,59.73402786254883
2017-10-12,63.97999954223633,63.560001373291016,63.790000915527344,63.83000183105469,6158500.0,59.780853271484375
2017-10-13,64.16000366210938,63.380001068115234,63.95000076293945,63.38999938964844,7341400.0,59.3687744140625
2017-10-16,63.72999954223633,63.2599983215332,63.4900016784668,63.34000015258789,7449200.0,59.32194137573242
2017-10-17,63.310001373291016,62.880001068115234,63.209999084472656,63.220001220703125,7028500.0,59.20956039428711
2017-10-18,64.11000061035156,63.40999984741211,64.08999633789062,63.5099983215332,7886900.0,59.48115921020508
2017-10-19,64.02999877929688,63.59000015258789,63.63999938964844,63.75,10071200.0,59.7059326171875
2017-10-20,63.9900016784668,63.56999969482422,63.849998474121094,63.880001068115234,10304200.0,59.82768630981445
2017-10-23,64.5199966430664,63.29999923706055,64.02999877929688,63.400001525878906,11582000.0,59.378135681152344
2017-10-24,63.310001373291016,62.369998931884766,63.310001373291016,63.11000061035156,10221100.0,59.10653305053711
2017-10-25,63.130001068115234,62.33000183105469,63.099998474121094,62.45000076293945,11016700.0,58.488399505615234
2017-10-26,62.689998626708984,61.810001373291016,62.290000915527344,61.9900016784668,10744300.0,58.057579040527344
2017-10-27,60.54999923706055,57.81999969482422,60.54999923706055,58.2400016784668,29561300.0,54.545467376708984
2017-10-30,56.04999923706055,54.40999984741211,55.75,54.709999084472656,38989400.0,51.239402770996094
2017-10-31,55.790000915527344,55.029998779296875,55.16999816894531,55.09000015258789,18429200.0,51.59529113769531
2017-11-01,55.79999923706055,55.279998779296875,55.540000915527344,55.34000015258789,16418400.0,51.82943344116211
2017-11-02,55.56999969482422,55.040000915527344,55.47999954223633,55.369998931884766,12318500.0,51.85752487182617
2017-11-03,56.279998779296875,55.189998626708984,55.29999923706055,56.060001373291016,9810800.0,52.503761291503906
2017-11-06,56.18000030517578,55.599998474121094,56.040000915527344,55.880001068115234,8718500.0,52.335174560546875
2017-11-07,56.189998626708984,55.380001068115234,55.880001068115234,55.59000015258789,14321100.0,52.06357192993164
2017-11-08,56.720001220703125,55.459999084472656,55.5,56.58000183105469,15132900.0,52.99077224731445
2017-11-09,56.65999984741211,55.619998931884766,56.54999923706055,56.209999084472656,14140100.0,52.64423751831055
2017-11-10,56.290000915527344,55.150001525878906,56.290000915527344,55.47999954223633,16743900.0,51.96055603027344
2017-11-13,55.52000045776367,55.060001373291016,55.310001373291016,55.099998474121094,13488300.0,51.60465621948242
2017-11-14,55.18000030517578,54.75,54.970001220703125,54.9900016784668,12705800.0,51.50164031982422
2017-11-15,55.099998474121094,54.400001525878906,54.7599983215332,54.79999923706055,11727400.0,51.323692321777344
2017-11-16,55.369998931884766,54.75,54.86000061035156,55.16999816894531,11996300.0,51.67021942138672
2017-11-17,55.43000030517578,54.75,55.0,55.20000076293945,9884100.0,51.69831466674805
2017-11-20,54.38999938964844,53.630001068115234,54.040000915527344,54.099998474121094,17178700.0,50.6680908203125
2017-11-21,54.849998474121094,54.18000030517578,54.36000061035156,54.27000045776367,13711300.0,50.827308654785156
2017-11-22,54.56999969482422,54.16999816894531,54.22999954223633,54.369998931884766,7376200.0,50.920963287353516
2017-11-24,54.630001068115234,54.11000061035156,54.5,54.349998474121094,4341300.0,50.9022331237793
2017-11-27,54.599998474121094,54.20000076293945,54.40999984741211,54.54999923706055,10100100.0,51.08954620361328
2017-11-28,55.130001068115234,54.40999984741211,54.93000030517578,54.93000030517578,12830900.0,51.445438385009766
2017-11-29,55.650001525878906,54.93000030517578,55.040000915527344,55.36000061035156,10477600.0,51.84816360473633
2017-11-30,55.88999938964844,55.029998779296875,55.189998626708984,55.27000045776367,15400400.0,51.763877868652344
2017-12-01,55.97999954223633,55.220001220703125,55.400001525878906,55.869998931884766,12092400.0,52.32581329345703
2017-12-04,56.709999084472656,55.869998931884766,55.93000030517578,56.220001220703125,13440000.0,52.65360641479492
2017-12-05,56.5099983215332,55.720001220703125,56.150001525878906,55.77000045776367,11837200.0,52.23215103149414
2017-12-06,55.93000030517578,54.189998626708984,54.439998626708984,54.349998474121094,20245900.0,50.9022331237793
2017-12-07,55.84000015258789,54.68000030517578,54.849998474121094,54.77000045776367,16460500.0,51.29559326171875
2017-12-08,55.56999969482422,54.65999984741211,55.310001373291016,55.56999969482422,10423400.0,52.04484176635742
2017-12-11,56.63999938964844,55.560001373291016,56.34000015258789,56.34000015258789,9770200.0,52.76599884033203
2017-12-12,57.16999816894531,56.630001068115234,56.869998931884766,57.06999969482422,13792700.0,53.4496955871582
2017-12-13,57.369998931884766,56.650001525878906,56.939998626708984,56.90999984741211,13342500.0,53.29983901977539
2017-12-14,56.7400016784668,55.959999084472656,56.400001525878906,56.0099983215332,10137300.0,52.903133392333984
2017-12-15,56.369998931884766,55.75,56.22999954223633,56.2400016784668,22580700.0,53.120384216308594
2017-12-18,56.689998626708984,56.20000076293945,56.380001068115234,56.220001220703125,11595000.0,53.10148620605469
2017-12-19,56.619998931884766,56.0099983215332,56.220001220703125,56.22999954223633,9467100.0,53.11093521118164
2017-12-20,56.4900016784668,55.97999954223633,56.279998779296875,56.11000061035156,13135900.0,52.997589111328125
2017-12-21,56.79999923706055,56.08000183105469,56.08000183105469,56.599998474121094,9961800.0,53.460411071777344
2017-12-22,56.83000183105469,56.130001068115234,56.599998474121094,56.36000061035156,11346000.0,53.23371887207031
2017-12-26,56.599998474121094,56.27000045776367,56.4900016784668,56.34000015258789,4405300.0,53.21482849121094
2017-12-27,56.630001068115234,56.2599983215332,56.38999938964844,56.34000015258789,5660300.0,53.21482849121094
2017-12-28,56.79999923706055,56.29999923706055,56.34000015258789,56.599998474121094,5783500.0,53.460411071777344
2017-12-29,56.9900016784668,56.27000045776367,56.83000183105469,56.27000045776367,8436600.0,53.148712158203125
2018-01-02,56.75,56.04999923706055,56.59000015258789,56.220001220703125,10073000.0,53.10148620605469
2018-01-03,56.2599983215332,55.959999084472656,56.22999954223633,56.13999938964844,10582500.0,53.02592468261719
2018-01-04,57.41999816894531,56.380001068115234,56.439998626708984,57.04999923706055,15030200.0,53.88544464111328
2018-01-05,57.38999938964844,56.59000015258789,57.38999938964844,56.9900016784668,9499100.0,53.82877731323242
2018-01-08,57.25,56.5,57.209999084472656,56.65999984741211,11109300.0,53.51708221435547
2018-01-09,57.099998474121094,56.56999969482422,56.810001373291016,56.79999923706055,10631700.0,53.649314880371094
2018-01-10,57.369998931884766,56.459999084472656,56.54999923706055,57.29999923706055,9062400.0,54.12157440185547
2018-01-11,57.61000061035156,57.15999984741211,57.29999923706055,57.599998474121094,7106300.0,54.404937744140625
2018-01-12,58.810001373291016,57.88999938964844,57.95000076293945,58.65999984741211,12343100.0,55.40613555908203
2018-01-16,63.779998779296875,61.25,61.75,62.06999969482422,48091300.0,58.62698745727539
2018-01-17,62.59000015258789,61.88999938964844,62.290000915527344,62.029998779296875,21889900.0,58.58920669555664
2018-01-18,62.119998931884766,60.630001068115234,62.0,61.130001068115234,19905800.0,57.73912811279297
2018-01-19,61.47999954223633,60.63999938964844,61.47999954223633,61.279998779296875,12161900.0,57.88080596923828
2018-01-22,61.439998626708984,60.720001220703125,60.95000076293945,61.25,12247500.0,57.852474212646484
2018-01-23,62.130001068115234,60.869998931884766,61.029998779296875,61.70000076293945,11181500.0,58.27751159667969
2018-01-24,62.11000061035156,60.959999084472656,62.0099983215332,61.18000030517578,13482100.0,57.786354064941406
2018-01-25,61.380001068115234,60.95000076293945,61.29999923706055,61.29999923706055,9402300.0,57.899696350097656
2018-01-26,62.08000183105469,61.34000015258789,61.4900016784668,62.040000915527344,10553700.0,58.59865188598633
2018-01-29,62.13999938964844,61.560001373291016,61.95000076293945,61.630001068115234,8776900.0,58.21139907836914
2018-01-30,61.25,60.439998626708984,60.790000915527344,60.650001525878906,13040700.0,57.2857551574707
2018-01-31,60.79999923706055,58.900001525878906,60.77000045776367,59.25,14869000.0,55.96341323852539
2018-02-01,60.34000015258789,59.06999969482422,59.16999816894531,59.86000061035156,13368000.0,56.539581298828125
2018-02-02,59.970001220703125,58.279998779296875,59.40999984741211,58.560001373291016,12264100.0,55.31169128417969
2018-02-05,58.95000076293945,55.81999969482422,58.27000045776367,56.400001525878906,19605700.0,53.271507263183594
2018-02-06,56.77000045776367,54.33000183105469,55.13999938964844,55.459999084472656,31006200.0,52.383636474609375
2018-02-07,56.709999084472656,55.09000015258789,55.16999816894531,55.880001068115234,13692500.0,52.78034210205078
2018-02-08,56.459999084472656,54.709999084472656,56.040000915527344,54.72999954223633,20870000.0,51.69413375854492
2018-02-09,55.40999984741211,53.36000061035156,55.150001525878906,54.869998931884766,18580500.0,51.82637023925781
2018-02-12,55.88999938964844,54.959999084472656,55.349998474121094,55.43000030517578,12652200.0,52.35531234741211
2018-02-13,55.369998931884766,54.77000045776367,55.22999954223633,54.900001525878906,17039400.0,51.854705810546875
2018-02-14,55.099998474121094,54.220001220703125,54.310001373291016,54.900001525878906,11446700.0,51.854705810546875
2018-02-15,55.9900016784668,54.83000183105469,55.43000030517578,55.9900016784668,10099900.0,52.88425064086914
2018-02-16,56.9900016784668,55.91999816894531,55.970001220703125,56.290000915527344,11731300.0,53.167606353759766
2018-02-20,56.13999938964844,54.95000076293945,56.119998931884766,54.97999954223633,13467000.0,51.93027114868164
2018-02-21,55.439998626708984,54.54999923706055,55.029998779296875,54.54999923706055,10729900.0,51.52412033081055
2018-02-22,55.06999969482422,54.41999816894531,54.599998474121094,54.56999969482422,10815800.0,51.54301071166992
2018-02-23,55.0,54.56999969482422,54.81999969482422,54.869998931884766,9064100.0,51.82637023925781
2018-02-26,56.189998626708984,55.0,55.0,56.060001373291016,12142200.0,52.95036315917969
2018-02-27,55.959999084472656,54.70000076293945,55.90999984741211,54.720001220703125,9288600.0,51.6846923828125
2018-02-28,55.16999816894531,54.209999084472656,55.060001373291016,54.220001220703125,11266800.0,51.21242141723633
2018-03-01,54.810001373291016,53.41999816894531,54.2599983215332,53.70000076293945,13023400.0,50.72127151489258
2018-03-02,54.43000030517578,53.119998931884766,53.47999954223633,54.36000061035156,8927200.0,51.34465789794922
2018-03-05,54.709999084472656,54.08000183105469,54.2400016784668,54.400001525878906,13114100.0,51.3824462890625
2018-03-06,54.709999084472656,53.81999969482422,54.4900016784668,54.29999923706055,9271900.0,51.287986755371094
2018-03-07,54.58000183105469,53.75,53.84000015258789,54.470001220703125,12230500.0,51.44856262207031
2018-03-08,54.81999969482422,54.36000061035156,54.52000045776367,54.7599983215332,7352100.0,51.72247314453125
2018-03-09,55.189998626708984,54.70000076293945,55.029998779296875,55.13999938964844,8816800.0,52.081398010253906
2018-03-12,56.130001068115234,55.2400016784668,55.72999954223633,55.36000061035156,10752900.0,52.28919219970703
2018-03-13,55.75,55.0,55.7400016784668,55.369998931884766,11710000.0,52.29863357543945
2018-03-14,55.43000030517578,54.310001373291016,55.27000045776367,54.79999923706055,11156700.0,52.21288299560547
2018-03-15,55.72999954223633,54.88999938964844,54.95000076293945,55.25,10076600.0,52.64164352416992
2018-03-16,55.849998474121094,55.08000183105469,55.189998626708984,55.66999816894531,21002500.0,53.041812896728516
2018-03-19,55.68000030517578,54.2400016784668,55.65999984741211,54.630001068115234,11824200.0,52.05091094970703
2018-03-20,54.939998626708984,54.36000061035156,54.75,54.63999938964844,7780000.0,52.06043243408203
2018-03-21,55.279998779296875,54.41999816894531,54.7599983215332,54.689998626708984,10009300.0,52.10808181762695
2018-03-22,54.97999954223633,54.029998779296875,54.2400016784668,54.119998931884766,12774800.0,51.56499099731445
2018-03-23,54.709999084472656,53.34000015258789,54.31999969482422,53.40999984741211,11840300.0,50.88850402832031
2018-03-26,54.15999984741211,52.970001220703125,54.04999923706055,54.040000915527344,9970200.0,51.488765716552734
2018-03-27,54.560001373291016,53.470001220703125,53.9900016784668,53.75,16179900.0,51.21245193481445
2018-03-28,55.34000015258789,54.02000045776367,54.04999923706055,55.09000015258789,12693500.0,52.48919677734375
2018-03-29,55.40999984741211,54.470001220703125,55.36000061035156,54.470001220703125,9750500.0,51.89846420288086
2018-04-02,54.650001525878906,52.959999084472656,54.400001525878906,53.27000045776367,13398000.0,50.7551155090332
2018-04-03,54.150001525878906,52.83000183105469,53.34000015258789,54.09000015258789,9244600.0,51.536407470703125
2018-04-04,54.689998626708984,53.400001525878906,53.470001220703125,54.540000915527344,8902700.0,51.96516036987305
2018-04-05,55.380001068115234,54.439998626708984,55.060001373291016,54.529998779296875,12475800.0,51.955631256103516
2018-04-06,54.58000183105469,52.900001525878906,54.279998779296875,53.36000061035156,12500800.0,50.84086990356445
2018-04-09,57.41999816894531,54.560001373291016,55.0,56.15999984741211,23237000.0,53.5086784362793
2018-04-10,56.790000915527344,56.040000915527344,56.68000030517578,56.4900016784668,12864400.0,53.82310104370117
2018-04-11,56.540000915527344,55.88999938964844,56.060001373291016,56.20000076293945,9013200.0,53.54679489135742
2018-04-12,57.189998626708984,56.13999938964844,56.599998474121094,56.7400016784668,11938900.0,54.06129837036133
2018-04-13,57.33000183105469,56.63999938964844,57.08000183105469,57.16999816894531,10053700.0,54.47099685668945
2018-04-16,59.25,57.16999816894531,57.77000045776367,58.650001525878906,22545800.0,55.881126403808594
2018-04-17,59.959999084472656,58.959999084472656,59.84000015258789,59.27000045776367,15334400.0,56.471858978271484
2018-04-18,59.619998931884766,58.59000015258789,59.40999984741211,58.91999816894531,11240200.0,56.13837432861328
2018-04-19,59.31999969482422,58.41999816894531,58.91999816894531,58.63999938964844,10535500.0,55.8715934753418
2018-04-20,59.27000045776367,58.65999984741211,58.86000061035156,58.83000183105469,9646900.0,56.0526237487793
2018-04-23,60.619998931884766,59.43000030517578,60.04999923706055,60.25,19816400.0,57.40559005737305
2018-04-24,61.0,59.77000045776367,60.40999984741211,60.09000015258789,13334900.0,57.25313949584961
2018-04-25,59.91999816894531,58.93000030517578,59.900001525878906,59.630001068115234,13413200.0,56.81486129760742
2018-04-26,60.09000015258789,59.11000061035156,59.81999969482422,59.40999984741211,13500100.0,56.60524368286133
2018-04-27,59.650001525878906,59.310001373291016,59.34000015258789,59.470001220703125,7666100.0,56.66241455078125
2018-04-30,59.97999954223633,58.869998931884766,59.650001525878906,58.869998931884766,13101400.0,56.090736389160156
2018-05-01,59.2400016784668,56.880001068115234,59.0,57.97999954223633,13126700.0,55.24275207519531
2018-05-02,58.0,57.02000045776367,57.68000030517578,57.29999923706055,10421600.0,54.5948600769043
2018-05-03,57.79999923706055,56.369998931884766,57.13999938964844,57.529998779296875,11321500.0,54.81399917602539
2018-05-04,57.90999984741211,56.83000183105469,57.119998931884766,57.75,8730900.0,55.023616790771484
2018-05-07,58.099998474121094,57.08000183105469,57.77000045776367,57.380001068115234,10032400.0,54.67108917236328
2018-05-08,57.41999816894531,56.2599983215332,57.369998931884766,56.7599983215332,10257200.0,54.080352783203125
2018-05-09,58.40999984741211,56.83000183105469,56.970001220703125,57.95000076293945,8286300.0,55.21417236328125
2018-05-10,58.72999954223633,57.93000030517578,58.130001068115234,58.060001373291016,8229100.0,55.31898880004883
2018-05-11,59.970001220703125,58.130001068115234,58.15999984741211,59.689998626708984,12733300.0,56.87202835083008
2018-05-14,60.08000183105469,59.43000030517578,59.77000045776367,59.68000030517578,9486700.0,56.86250686645508
2018-05-15,59.79999923706055,58.900001525878906,59.439998626708984,59.20000076293945,6821500.0,56.405155181884766
2018-05-16,60.0099983215332,59.11000061035156,59.31999969482422,59.75,8531700.0,56.9291877746582
2018-05-17,59.779998779296875,58.880001068115234,59.540000915527344,59.06999969482422,7845800.0,56.28129577636719
2018-05-18,59.459999084472656,57.4900016784668,58.959999084472656,59.13999938964844,9686300.0,56.347991943359375
2018-05-21,59.31999969482422,58.38999938964844,59.18000030517578,58.56999969482422,8475400.0,55.80490493774414
2018-05-22,59.13999938964844,58.400001525878906,58.779998779296875,58.45000076293945,8928500.0,55.69056701660156
2018-05-23,59.4900016784668,58.43000030517578,58.45000076293945,59.16999816894531,9900400.0,56.3765754699707
2018-05-24,59.40999984741211,58.810001373291016,59.25,59.130001068115234,6928800.0,56.338462829589844
2018-05-25,59.459999084472656,58.84000015258789,59.13999938964844,59.09000015258789,6665400.0,56.300350189208984
2018-05-29,58.88999938964844,58.029998779296875,58.58000183105469,58.400001525878906,8805600.0,55.64292907714844
2018-05-30,59.79999923706055,58.52000045776367,58.650001525878906,59.720001220703125,11042000.0,56.90060806274414
2018-05-31,59.880001068115234,59.310001373291016,59.630001068115234,59.529998779296875,12200400.0,56.71957778930664
2018-06-01,60.810001373291016,59.619998931884766,59.88999938964844,60.560001373291016,11027600.0,57.70095443725586
2018-06-04,62.529998779296875,61.18000030517578,61.54999923706055,62.02000045776367,19475700.0,59.0920295715332
2018-06-05,62.33000183105469,61.060001373291016,62.0,61.38999938964844,12498300.0,58.49177169799805
2018-06-06,61.939998626708984,61.220001220703125,61.5099983215332,61.93000030517578,7549800.0,59.00627899169922
2018-06-07,62.040000915527344,61.5099983215332,62.0,61.9900016784668,7548600.0,59.063446044921875
2018-06-08,62.650001525878906,61.970001220703125,62.0099983215332,62.58000183105469,9678200.0,59.62559509277344
2018-06-11,62.86000061035156,62.08000183105469,62.77000045776367,62.33000183105469,7197200.0,59.387393951416016
2018-06-12,62.61000061035156,62.0099983215332,62.369998931884766,62.439998626708984,7927700.0,59.4921989440918
2018-06-13,62.959999084472656,62.349998474121094,62.56999969482422,62.59000015258789,9421500.0,59.6351203918457
2018-06-14,62.380001068115234,61.220001220703125,62.06999969482422,61.560001373291016,11954400.0,59.10702896118164
2018-06-15,62.099998474121094,61.220001220703125,61.59000015258789,62.029998779296875,16456600.0,59.55830383300781
2018-06-18,61.36000061035156,60.59000015258789,61.349998474121094,60.9900016784668,9532700.0,58.55974578857422
2018-06-19,61.310001373291016,60.630001068115234,60.650001525878906,61.029998779296875,10020600.0,58.59815216064453
2018-06-20,61.47999954223633,60.790000915527344,61.060001373291016,61.279998779296875,12172800.0,58.83818817138672
2018-06-21,61.27000045776367,60.810001373291016,61.27000045776367,61.18000030517578,8908900.0,58.74217224121094
2018-06-22,61.91999816894531,61.220001220703125,61.279998779296875,61.470001220703125,12295800.0,59.02062225341797
2018-06-25,61.619998931884766,60.63999938964844,61.40999984741211,61.08000183105469,10550800.0,58.64616394042969
2018-06-26,61.02000045776367,60.61000061035156,60.83000183105469,60.720001220703125,11996100.0,58.300506591796875
2018-06-27,61.08000183105469,59.79999923706055,60.70000076293945,59.880001068115234,10447300.0,57.49397277832031
2018-06-28,60.75,59.9900016784668,60.11000061035156,60.29999923706055,10201900.0,57.897239685058594
2018-06-29,61.470001220703125,60.349998474121094,60.529998779296875,60.70000076293945,14271900.0,58.281307220458984
2018-07-02,60.560001373291016,59.91999816894531,60.54999923706055,60.459999084472656,9109100.0,58.05086135864258
2018-07-03,61.29999923706055,60.54999923706055,60.7400016784668,60.709999084472656,4872700.0,58.2909049987793
2018-07-05,61.959999084472656,61.09000015258789,61.400001525878906,61.63999938964844,9081200.0,59.18384552001953
2018-07-06,62.5099983215332,61.790000915527344,61.79999923706055,62.20000076293945,8151900.0,59.721534729003906
2018-07-09,62.689998626708984,62.0,62.459999084472656,62.02000045776367,8325000.0,59.5487060546875
2018-07-10,62.630001068115234,62.11000061035156,62.38999938964844,62.29999923706055,10750500.0,59.81754684448242
2018-07-11,62.20000076293945,61.59000015258789,62.13999938964844,61.900001525878906,5778000.0,59.43349075317383
2018-07-12,62.84000015258789,62.13999938964844,62.439998626708984,62.65999984741211,8038600.0,60.163204193115234
2018-07-13,63.040000915527344,62.25,62.27000045776367,62.88999938964844,7352200.0,60.38404083251953
2018-07-16,62.95000076293945,62.33000183105469,62.93000030517578,62.59000015258789,4513300.0,60.09599304199219
2018-07-17,62.810001373291016,62.459999084472656,62.529998779296875,62.529998779296875,5049700.0,60.03837966918945
2018-07-18,62.97999954223633,62.369998931884766,62.599998474121094,62.939998626708984,6341200.0,60.43204116821289
2018-07-19,62.939998626708984,62.25,62.7400016784668,62.5099983215332,7282100.0,60.01918029785156
2018-07-20,62.540000915527344,62.0099983215332,62.060001373291016,62.52000045776367,6874700.0,60.028778076171875
2018-07-23,62.779998779296875,62.5099983215332,62.56999969482422,62.689998626708984,6933600.0,60.19200897216797
2018-07-24,63.439998626708984,62.81999969482422,62.900001525878906,63.41999816894531,9476200.0,60.89291763305664
2018-07-25,64.56999969482422,63.36000061035156,63.43000030517578,64.48999786376953,10518700.0,61.920284271240234
2018-07-26,65.19999694824219,63.9900016784668,64.61000061035156,64.01000213623047,11142400.0,61.459415435791016
2018-07-27,64.0199966430664,62.380001068115234,62.45000076293945,63.4900016784668,8411600.0,60.96012878417969
2018-07-30,64.9000015258789,63.529998779296875,63.790000915527344,64.80999755859375,9665200.0,62.22753143310547
2018-07-31,66.12000274658203,64.87999725341797,64.9000015258789,65.87000274658203,15443400.0,63.245296478271484
2018-08-01,66.13999938964844,65.44999694824219,65.70999908447266,65.48999786376953,7585500.0,62.88044357299805
2018-08-02,65.43000030517578,64.87000274658203,65.30000305175781,65.22000122070312,6895400.0,62.62119674682617
2018-08-03,66.0199966430664,64.97000122070312,65.19999694824219,65.93000030517578,6997200.0,63.30290603637695
2018-08-06,66.4800033569336,65.69000244140625,66.08999633789062,66.22000122070312,8206300.0,63.58135223388672
2018-08-07,66.98999786376953,66.02999877929688,66.08999633789062,66.58000183105469,8083300.0,63.927001953125
2018-08-08,66.98999786376953,66.1500015258789,66.51000213623047,66.69000244140625,6509300.0,64.03262329101562
2018-08-09,66.87000274658203,65.80000305175781,66.87000274658203,66.0,7151800.0,63.370113372802734
2018-08-10,66.5,65.68000030517578,65.9000015258789,66.06999969482422,7439700.0,63.43732452392578
2018-08-13,66.88999938964844,66.06999969482422,66.12999725341797,66.72000122070312,9516800.0,64.06143951416016
2018-08-14,66.94999694824219,66.26000213623047,66.61000061035156,66.45999908447266,6596000.0,63.811790466308594
2018-08-15,67.56999969482422,66.47000122070312,66.7300033569336,67.37000274658203,10891100.0,64.6855239868164
2018-08-16,69.0,67.37000274658203,67.5999984741211,68.8499984741211,18490800.0,66.1065444946289
2018-08-17,69.23999786376953,68.69999694824219,68.77999877929688,69.05999755859375,7847100.0,66.30817413330078
2018-08-20,70.22000122070312,68.93000030517578,69.0,70.16999816894531,10419300.0,67.37395477294922
2018-08-21,70.25,69.08999633789062,70.20999908447266,69.16999816894531,9814600.0,66.4137954711914
2018-08-22,69.4000015258789,68.8499984741211,69.18000030517578,69.04000091552734,5893300.0,66.28898620605469
2018-08-23,69.19000244140625,68.73999786376953,68.87000274658203,68.97000122070312,5540700.0,66.22177124023438
2018-08-24,69.25,68.7699966430664,69.0,69.04000091552734,4956200.0,66.28898620605469
2018-08-27,69.43000030517578,68.52999877929688,69.33999633789062,68.98999786376953,5083800.0,66.24098205566406
2018-08-28,68.87000274658203,68.37999725341797,68.8499984741211,68.62999725341797,5934400.0,65.89530944824219
2018-08-29,68.9000015258789,68.2699966430664,68.37999725341797,68.80999755859375,5489700.0,66.06814575195312
2018-08-30,68.94000244140625,68.3499984741211,68.66000366210938,68.54000091552734,4744600.0,65.80889892578125
2018-08-31,68.75,68.16000366210938,68.3499984741211,68.58999633789062,5743300.0,65.8569107055664
2018-09-04,68.41000366210938,67.93000030517578,68.37000274658203,67.94999694824219,5768300.0,65.2424087524414
2018-09-05,68.69000244140625,67.91000366210938,67.94999694824219,68.62000274658203,6359100.0,65.8857192993164
2018-09-06,69.54000091552734,68.81999969482422,68.97000122070312,69.37999725341797,9637400.0,66.61543273925781
2018-09-07,69.77999877929688,68.8499984741211,69.16000366210938,69.66999816894531,9515200.0,66.89387512207031
2018-09-10,70.58999633789062,69.52999877929688,70.0,69.55999755859375,7267900.0,66.78824615478516
2018-09-11,69.80000305175781,69.06999969482422,69.80000305175781,69.08000183105469,5815500.0,66.327392578125
2018-09-12,70.0199966430664,69.12000274658203,69.4000015258789,69.86000061035156,6090000.0,67.07630157470703
2018-09-13,70.94000244140625,69.58000183105469,70.16000366210938,70.83000183105469,10258200.0,68.00765991210938
2018-09-14,70.73999786376953,69.66000366210938,70.73999786376953,69.9800033569336,7436000.0,67.64997100830078
2018-09-17,70.45999908447266,69.6500015258789,69.8499984741211,70.41999816894531,6697300.0,68.07532501220703
2018-09-18,70.9000015258789,69.9000015258789,70.41000366210938,70.41999816894531,6800400.0,68.07532501220703
2018-09-19,70.56999969482422,69.63999938964844,70.1500015258789,69.9800033569336,7944200.0,67.64997100830078
2018-09-20,70.83000183105469,70.05000305175781,70.3499984741211,70.77999877929688,6140700.0,68.42333984375
2018-09-21,71.58000183105469,70.91000366210938,70.91000366210938,71.0999984741211,17033100.0,68.73268127441406
2018-09-24,71.30000305175781,70.62999725341797,70.91999816894531,70.77999877929688,6438800.0,68.42333984375
2018-09-25,71.37999725341797,70.5199966430664,70.8499984741211,70.6500015258789,6460400.0,68.29766082763672
2018-09-26,71.1500015258789,70.18000030517578,70.93000030517578,70.33000183105469,6928400.0,67.98831939697266
2018-09-27,71.18000030517578,70.08000183105469,70.33000183105469,70.72000122070312,6026200.0,68.3653335571289
2018-09-28,71.19999694824219,70.6500015258789,70.72000122070312,70.94000244140625,6808800.0,68.57801818847656
2018-10-01,71.88999938964844,70.61000061035156,71.06999969482422,71.52999877929688,7628500.0,69.14835357666016
2018-10-02,72.16999816894531,71.08999633789062,71.97000122070312,71.75,10395600.0,69.36104583740234
2018-10-03,72.41999816894531,71.3499984741211,72.08999633789062,71.37000274658203,9577600.0,68.99370574951172
2018-10-04,71.36000061035156,70.45999908447266,71.12000274658203,71.22000122070312,10340700.0,68.84870147705078
2018-10-05,71.69000244140625,70.58000183105469,71.2300033569336,71.02999877929688,7433500.0,68.66502380371094
2018-10-08,71.69999694824219,70.88999938964844,70.93000030517578,71.45999908447266,8854800.0,69.08069610595703
2018-10-09,72.66000366210938,70.97000122070312,71.45999908447266,72.33999633789062,7871300.0,69.93138885498047
2018-10-10,72.88999938964844,70.38999938964844,72.4800033569336,70.44999694824219,12651900.0,68.10431671142578
2018-10-11,70.52999877929688,67.81999969482422,70.37000274658203,68.37000274658203,12874000.0,66.09358978271484
2018-10-12,70.05999755859375,68.41999816894531,68.69999694824219,69.80999755859375,10161200.0,67.48563385009766
2018-10-15,70.20999908447266,68.93000030517578,69.19000244140625,69.45999908447266,6580900.0,67.14728546142578
2018-10-16,71.30999755859375,69.75,69.8499984741211,71.22000122070312,10229000.0,68.84870147705078
2018-10-17,71.94000244140625,70.80000305175781,71.08999633789062,71.81999969482422,9344500.0,69.42871856689453
2018-10-18,72.4000015258789,71.41999816894531,72.1500015258789,72.20999908447266,12226000.0,69.80572509765625
2018-10-19,72.66000366210938,71.94000244140625,72.30000305175781,72.3499984741211,14513400.0,69.94105529785156
2018-10-22,73.48999786376953,71.8499984741211,72.97000122070312,72.56999969482422,11914300.0,70.15373992919922
2018-10-23,72.41999816894531,71.22000122070312,72.16000366210938,72.0999984741211,11561900.0,69.69938659667969
2018-10-24,72.63999938964844,70.2300033569336,71.81999969482422,70.54000091552734,14645200.0,68.19132995605469
2018-10-25,70.56999969482422,66.0999984741211,66.94000244140625,69.95999908447266,20566500.0,67.6306381225586
2018-10-26,70.77999877929688,68.87999725341797,69.7699966430664,70.4000015258789,16950600.0,68.05599212646484
2018-10-29,73.02999877929688,70.55000305175781,71.37000274658203,71.44999694824219,18839600.0,69.07102966308594
2018-10-30,72.95999908447266,71.5,71.69000244140625,72.87000274658203,18937000.0,70.4437484741211
2018-10-31,74.48999786376953,72.7699966430664,73.41000366210938,73.61000061035156,15863100.0,71.15911865234375
2018-11-01,74.04000091552734,72.66999816894531,73.80000305175781,73.12000274658203,13843500.0,70.68543243408203
2018-11-02,73.69999694824219,71.62000274658203,73.56999969482422,72.2699966430664,12898700.0,69.86372375488281
2018-11-05,73.56999969482422,70.12000274658203,71.95999908447266,73.12000274658203,12330500.0,70.68543243408203
2018-11-06,73.80000305175781,72.75,72.94000244140625,73.30999755859375,10246100.0,70.86910247802734
2018-11-07,75.33000183105469,73.83999633789062,74.0999984741211,75.08000183105469,18670500.0,72.58016967773438
2018-11-08,75.69000244140625,74.62000274658203,74.88999938964844,75.4800033569336,13010200.0,72.96685028076172
2018-11-09,75.98999786376953,74.80000305175781,75.86000061035156,74.86000061035156,14656300.0,72.36749267578125
2018-11-12,75.2699966430664,74.02999877929688,75.12999725341797,74.69000244140625,14006700.0,72.20315551757812
2018-11-13,75.2699966430664,74.01000213623047,75.22000122070312,74.61000061035156,15827700.0,72.12581634521484
2018-11-14,74.95999908447266,73.68000030517578,74.94999694824219,74.08999633789062,9481100.0,71.62312316894531
2018-11-15,74.87000274658203,73.12999725341797,73.5,74.83999633789062,11974400.0,72.34815216064453
2018-11-16,76.25,74.55000305175781,74.73999786376953,76.05999755859375,13725200.0,73.52754211425781
2018-11-19,76.61000061035156,75.58999633789062,76.22000122070312,76.3499984741211,16422400.0,73.8078842163086
2018-11-20,76.36000061035156,74.6500015258789,76.01000213623047,74.77999877929688,13587800.0,72.29014587402344
2018-11-21,75.06999969482422,74.18000030517578,74.91999816894531,74.79000091552734,9054500.0,72.2998275756836
2018-11-23,75.30000305175781,74.01000213623047,74.12999725341797,74.66999816894531,3521800.0,72.18382263183594
2018-11-26,75.75,74.79000091552734,74.98999786376953,75.44000244140625,10884600.0,72.92818450927734
2018-11-27,76.5199966430664,75.06999969482422,75.06999969482422,76.33999633789062,14623600.0,73.7982177734375
2018-11-28,77.36000061035156,76.2699966430664,76.80000305175781,77.2300033569336,12047400.0,74.65858459472656
2018-11-29,78.4800033569336,77.11000061035156,77.19000244140625,77.91000366210938,10905700.0,75.3159408569336
2018-11-30,79.48999786376953,77.72000122070312,77.83999633789062,79.33999633789062,21355600.0,76.69832611083984
2018-12-03,79.58000183105469,78.27999877929688,79.5199966430664,79.22000122070312,12579300.0,76.58232116699219
2018-12-04,80.19000244140625,78.0999984741211,79.30000305175781,78.20999908447266,14773800.0,75.60595703125
2018-12-06,78.37000274658203,75.81999969482422,76.95999908447266,78.37000274658203,16535800.0,75.76062774658203
2018-12-07,78.30000305175781,76.0999984741211,78.22000122070312,76.72000122070312,12622900.0,74.16556549072266
2018-12-10,77.77999877929688,75.86000061035156,77.44999694824219,77.41999816894531,15423300.0,74.84225463867188
2018-12-11,78.30999755859375,76.54000091552734,77.91999816894531,77.11000061035156,13232500.0,74.5425796508789
2018-12-12,78.76000213623047,77.72000122070312,77.7699966430664,78.01000213623047,10705800.0,75.41261291503906
2018-12-13,79.08000183105469,78.0,78.25,79.01000213623047,10756200.0,76.37931060791016
2018-12-14,78.02999877929688,76.2300033569336,77.83000183105469,76.4800033569336,13259900.0,74.45183563232422
2018-12-17,76.88999938964844,74.86000061035156,75.97000122070312,75.2300033569336,15106700.0,73.23497772216797
2018-12-18,75.77999877929688,73.55999755859375,75.5999984741211,74.33000183105469,15423500.0,72.35884857177734
2018-12-19,75.25,73.06999969482422,74.68000030517578,73.7699966430664,18860300.0,71.81369018554688
2018-12-20,74.12999725341797,72.63999938964844,73.44999694824219,73.48999786376953,19390700.0,71.54112243652344
2018-12-21,74.44999694824219,72.22000122070312,72.94999694824219,72.9000015258789,36183200.0,70.96676635742188
2018-12-24,72.9000015258789,70.88999938964844,72.52999877929688,71.1500015258789,11036100.0,69.26318359375
2018-12-26,74.02999877929688,70.97000122070312,70.97000122070312,74.0,13429400.0,72.03759002685547
2018-12-27,75.37999725341797,72.76000213623047,73.27999877929688,75.37999725341797,12955300.0,73.38098907470703
2018-12-28,76.58000183105469,74.83000183105469,75.87999725341797,75.37000274658203,12577000.0,73.37126922607422
2018-12-31,76.69999694824219,75.66000366210938,75.81999969482422,76.41000366210938,9243800.0,74.38368225097656
2019-01-02,75.98999786376953,74.5999984741211,75.29000091552734,75.58999633789062,14427600.0,73.58541870117188
2019-01-03,75.97000122070312,73.8499984741211,75.55999755859375,74.04000091552734,13273500.0,72.07653045654297
2019-01-04,76.5,74.63999938964844,74.73999786376953,76.2699966430664,14077400.0,74.24739074707031
2019-01-07,76.47000122070312,75.41000366210938,76.1500015258789,75.43000030517578,15071700.0,73.42967224121094
2019-01-08,76.20999908447266,75.29000091552734,75.87000274658203,75.98999786376953,11351800.0,73.97481536865234
2019-01-09,76.30999755859375,75.31999969482422,75.88999938964844,75.41000366210938,11370500.0,73.41020965576172
2019-01-10,75.68000030517578,73.47000122070312,75.68000030517578,74.4800033569336,18257700.0,72.50486755371094
2019-01-11,74.94000244140625,74.1500015258789,74.69999694824219,74.9000015258789,9425600.0,72.91372680664062
2019-01-14,74.44000244140625,73.0999984741211,74.29000091552734,73.37000274658203,14951800.0,71.42430114746094
2019-01-15,74.88999938964844,73.0999984741211,73.0999984741211,74.5,12502000.0,72.52433776855469
2019-01-16,75.7699966430664,74.47000122070312,74.73999786376953,74.61000061035156,14573000.0,72.63141632080078
2019-01-17,75.7699966430664,74.30999755859375,74.30999755859375,75.5999984741211,16192100.0,73.59516143798828
2019-01-18,76.33000183105469,75.47000122070312,76.13999938964844,75.87000274658203,14294600.0,73.85800170898438
2019-01-22,76.19999694824219,75.36000061035156,75.56999969482422,75.83000183105469,10084700.0,73.8190689086914
2019-01-23,75.70999908447266,74.73999786376953,75.55000305175781,75.44000244140625,13711100.0,73.43940734863281
2019-01-24,75.16000366210938,72.37999725341797,75.16000366210938,73.16999816894531,20979600.0,71.22959899902344
2019-01-25,73.83999633789062,72.12000274658203,73.81999969482422,72.94999694824219,13410400.0,71.01544189453125
2019-01-28,73.06999969482422,72.05000305175781,72.5,72.91999816894531,12764000.0,70.98624420166016
2019-01-29,73.68000030517578,72.63999938964844,72.9000015258789,73.2300033569336,11418600.0,71.28801727294922
2019-01-30,73.80999755859375,73.0199966430664,73.45999908447266,73.37000274658203,13302700.0,71.42430114746094
2019-01-31,74.81999969482422,73.11000061035156,73.1500015258789,74.43000030517578,16028300.0,72.4561996459961
2019-02-01,77.48999786376953,75.33000183105469,75.97000122070312,76.44999694824219,15211600.0,74.42262268066406
2019-02-04,76.88999938964844,75.68000030517578,75.94999694824219,76.87000274658203,11282600.0,74.83148956298828
2019-02-05,78.37999725341797,77.05999755859375,77.37999725341797,77.1500015258789,12362300.0,75.10406494140625
2019-02-06,77.72000122070312,76.62999725341797,76.83999633789062,77.38999938964844,7992100.0,75.33769226074219
2019-02-07,77.12999725341797,76.11000061035156,76.94000244140625,76.81999969482422,9218900.0,74.78280639648438
2019-02-08,77.54000091552734,76.56999969482422,76.75,77.5199966430664,8842500.0,75.46424102783203
2019-02-11,77.83999633789062,76.20999908447266,77.80000305175781,76.70999908447266,13171700.0,74.67572784423828
2019-02-12,78.93000030517578,77.11000061035156,77.29000091552734,78.5199966430664,13049700.0,76.43772888183594
2019-02-13,79.16999816894531,78.44999694824219,78.55999755859375,79.0199966430664,10477200.0,76.92446899414062
2019-02-14,79.55000305175781,78.69000244140625,79.12999725341797,78.94000244140625,8184200.0,76.84658813476562
2019-02-15,80.12999725341797,79.2699966430664,79.66000366210938,79.80999755859375,10387500.0,77.69351196289062
2019-02-19,80.12999725341797,79.08000183105469,79.79000091552734,79.23999786376953,9211400.0,77.13863372802734
2019-02-20,79.54000091552734,78.80999755859375,79.0,79.43000030517578,8581600.0,77.32360076904297
2019-02-21,80.02999877929688,79.1500015258789,79.18000030517578,79.83000183105469,7386100.0,77.7129898071289
2019-02-22,80.86000061035156,79.7699966430664,79.7699966430664,80.7699966430664,7955600.0,78.6280517578125
2019-02-25,80.98999786376953,79.98999786376953,80.86000061035156,80.37999725341797,9295100.0,78.24839782714844
2019-02-26,81.0999984741211,80.0,80.5199966430664,80.73999786376953,8519000.0,78.59884643554688
2019-02-27,81.29000091552734,80.43000030517578,80.54000091552734,80.62000274658203,7493300.0,78.48204040527344
2019-02-28,81.76000213623047,80.52999877929688,80.52999877929688,81.29000091552734,11057600.0,79.13426971435547
2019-03-01,81.93000030517578,81.16999816894531,81.76000213623047,81.6500015258789,10137600.0,79.48472595214844
2019-03-04,82.12000274658203,80.52999877929688,82.02999877929688,81.37000274658203,8132400.0,79.21215057373047
2019-03-05,82.02999877929688,81.22000122070312,81.4800033569336,81.69999694824219,8299800.0,79.53339385986328
2019-03-06,81.76000213623047,80.30000305175781,81.5999984741211,80.76000213623047,7793100.0,78.61832427978516
2019-03-07,81.11000061035156,80.04000091552734,81.02999877929688,80.44999694824219,10425100.0,78.31654357910156
2019-03-08,80.5999984741211,79.05000305175781,80.20999908447266,79.80000305175781,11179700.0,77.68378448486328
2019-03-11,81.02999877929688,80.06999969482422,80.36000061035156,80.87000274658203,8708600.0,78.72541046142578
2019-03-12,81.55999755859375,80.77999877929688,81.16999816894531,81.2300033569336,8837100.0,79.07586669921875
2019-03-13,82.01000213623047,81.19000244140625,81.61000061035156,81.5999984741211,7690600.0,79.4360580444336
2019-03-14,81.76000213623047,80.93000030517578,81.30999755859375,81.48999786376953,8139700.0,79.8672866821289
2019-03-15,81.91000366210938,80.80000305175781,81.5,81.56999969482422,16546800.0,79.94569396972656
2019-03-18,81.83000183105469,80.91999816894531,81.2699966430664,81.3499984741211,13700300.0,79.7300796508789
2019-03-19,82.0,80.95999908447266,81.54000091552734,81.91000366210938,9756100.0,80.2789306640625
2019-03-20,82.72000122070312,81.37999725341797,81.8499984741211,82.08000183105469,11349800.0,80.44554138183594
2019-03-21,83.16999816894531,81.8499984741211,82.0999984741211,82.94999694824219,9039400.0,81.29821014404297
2019-03-22,83.44999694824219,82.0199966430664,82.91000366210938,82.29000091552734,10151900.0,80.6513671875
2019-03-25,82.75,81.91999816894531,82.06999969482422,82.3499984741211,7517800.0,80.71015930175781
2019-03-26,83.47000122070312,82.56999969482422,82.76000213623047,82.91999816894531,8819400.0,81.26880645751953
2019-03-27,83.05999755859375,81.80999755859375,82.91999816894531,82.29000091552734,9561800.0,80.6513671875
2019-03-28,82.9000015258789,82.18000030517578,82.79000091552734,82.62999725341797,6833300.0,80.98458862304688
2019-03-29,83.30000305175781,82.70999908447266,83.0,83.16999816894531,9683200.0,81.51383209228516
2019-04-01,83.8499984741211,82.94000244140625,83.7300033569336,83.30000305175781,8416300.0,81.64125061035156
2019-04-02,83.72000122070312,82.9000015258789,83.45999908447266,83.20999908447266,5606000.0,81.55303192138672
2019-04-03,83.66000366210938,82.75,83.2699966430664,83.18000030517578,6250700.0,81.52363586425781
2019-04-04,83.19999694824219,81.20999908447266,83.01000213623047,81.8499984741211,9787900.0,80.2201156616211
2019-04-05,82.16000366210938,81.11000061035156,81.97000122070312,81.1500015258789,9851300.0,79.5340576171875
2019-04-08,81.26000213623047,80.3499984741211,80.95999908447266,80.94999694824219,10101400.0,79.3380355834961
2019-04-09,80.9800033569336,80.26000213623047,80.56999969482422,80.80000305175781,10291300.0,79.19103240966797
2019-04-10,81.31999969482422,80.6500015258789,80.86000061035156,80.81999969482422,6578500.0,79.21063232421875
2019-04-11,80.93000030517578,79.38999938964844,80.93000030517578,79.83999633789062,9933700.0,78.2501449584961
2019-04-12,80.44000244140625,79.30000305175781,80.01000213623047,79.43000030517578,9699200.0,77.84831237792969
2019-04-15,79.48999786376953,78.47000122070312,79.30999755859375,78.52999877929688,13189400.0,76.96623229980469
2019-04-16,79.29000091552734,77.41999816894531,79.2300033569336,77.55999755859375,11957300.0,76.01554870605469
2019-04-17,77.62000274658203,73.75,77.61000061035156,73.91999816894531,32615900.0,72.44802856445312
2019-04-18,74.05000305175781,72.2300033569336,73.4800033569336,73.19000244140625,31267600.0,71.73257446289062
2019-04-22,73.80999755859375,72.73999786376953,73.16000366210938,73.45999908447266,13882100.0,71.9971923828125
2019-04-23,75.25,73.4000015258789,73.69999694824219,74.5999984741211,18398400.0,73.11448669433594
2019-04-24,75.11000061035156,73.9800033569336,74.7300033569336,74.7300033569336,12193800.0,73.24190521240234
2019-04-25,76.81999969482422,74.45999908447266,74.58000183105469,76.33999633789062,13353200.0,74.81983947753906
2019-04-26,76.98999786376953,76.08999633789062,76.63999938964844,76.62999725341797,8481100.0,75.10406494140625
2019-04-29,77.18000030517578,76.4800033569336,76.58999633789062,76.77999877929688,7056600.0,75.2510757446289
2019-04-30,78.9000015258789,76.0,77.55999755859375,78.70999908447266,10752900.0,77.14263916015625
2019-05-01,79.7300033569336,78.43000030517578,78.69000244140625,78.72000122070312,14588400.0,77.15245056152344
2019-05-02,79.83000183105469,78.61000061035156,78.61000061035156,79.5199966430664,11048800.0,77.93650817871094
2019-05-03,80.13999938964844,79.25,79.54000091552734,80.0,7578800.0,78.4069595336914
2019-05-06,79.79000091552734,78.30000305175781,78.52999877929688,79.4800033569336,9452800.0,77.89732360839844
2019-05-07,79.29000091552734,77.41999816894531,78.88999938964844,77.9000015258789,10041400.0,76.3487777709961
2019-05-08,78.70999908447266,77.9000015258789,78.33000183105469,78.18000030517578,10083500.0,76.62319946289062
2019-05-09,78.51000213623047,77.23999786376953,77.68000030517578,78.33000183105469,7734600.0,76.77021026611328
2019-05-10,78.33000183105469,76.80999755859375,78.08000183105469,78.19000244140625,8613700.0,76.63299560546875
2019-05-13,77.52999877929688,76.81999969482422,76.81999969482422,77.16999816894531,9200100.0,75.63330841064453
2019-05-14,78.08000183105469,77.36000061035156,77.62000274658203,77.41999816894531,7742200.0,75.87833404541016
2019-05-15,77.87999725341797,76.80000305175781,76.87000274658203,77.55000305175781,6950900.0,76.00574493408203
2019-05-16,79.88999938964844,77.7300033569336,77.7699966430664,79.12999725341797,9456900.0,77.55428314208984
2019-05-17,79.06999969482422,77.8499984741211,78.41000366210938,78.72000122070312,7881400.0,77.15245056152344
2019-05-20,79.2699966430664,78.25,78.36000061035156,78.87999725341797,7901900.0,77.30925750732422
2019-05-21,79.7300033569336,78.52999877929688,79.08000183105469,79.5,10375700.0,77.91691589355469
2019-05-22,81.1500015258789,79.30999755859375,79.3499984741211,80.9800033569336,12873900.0,79.3674545288086
2019-05-23,81.19000244140625,80.41000366210938,80.5999984741211,81.0199966430664,9381200.0,79.4066390991211
2019-05-24,81.94000244140625,81.11000061035156,81.30000305175781,81.16999816894531,5793500.0,79.55365753173828
2019-05-28,81.94000244140625,80.2300033569336,81.37999725341797,80.26000213623047,13148600.0,78.66178131103516
2019-05-29,80.37000274658203,78.75,80.12000274658203,79.36000061035156,10762300.0,77.77970886230469
2019-05-30,79.81999969482422,79.19000244140625,79.55999755859375,79.68000030517578,7141000.0,78.09333038330078
2019-05-31,79.91999816894531,78.80000305175781,79.33000183105469,79.20999908447266,6815600.0,77.6326904296875
2019-06-03,80.91999816894531,79.5199966430664,79.6500015258789,80.26000213623047,8795900.0,78.66178131103516
2019-06-04,81.33000183105469,80.11000061035156,80.75,81.08000183105469,8939700.0,79.46546173095703
2019-06-05,82.2699966430664,81.08000183105469,81.37999725341797,81.69000244140625,9372100.0,80.06330108642578
2019-06-06,82.44000244140625,81.43000030517578,82.16000366210938,81.44000244140625,10872100.0,79.81828308105469
2019-06-07,82.87999725341797,81.81999969482422,81.81999969482422,82.45999908447266,8394500.0,80.81797790527344
2019-06-10,82.68000030517578,81.6500015258789,82.68000030517578,82.4800033569336,7191100.0,80.83757781982422
2019-06-11,83.41000366210938,82.44999694824219,82.88999938964844,82.9800033569336,7432900.0,81.32762908935547
2019-06-12,84.2699966430664,83.13999938964844,83.13999938964844,83.70999908447266,10551300.0,82.04307556152344
2019-06-13,84.18000030517578,82.52999877929688,84.05999755859375,82.9000015258789,9727100.0,81.24920654296875
2019-06-14,83.37000274658203,82.45999908447266,82.70999908447266,82.77999877929688,7624000.0,81.6734619140625
2019-06-17,83.33000183105469,82.52999877929688,82.69999694824219,83.30000305175781,6132900.0,82.18651580810547
2019-06-18,84.66999816894531,83.2300033569336,83.2300033569336,84.48999786376953,10901800.0,83.36060333251953
2019-06-19,85.55999755859375,84.20999908447266,84.25,85.36000061035156,9375400.0,84.2189712524414
2019-06-20,86.5,84.31999969482422,85.9800033569336,84.5999984741211,11918400.0,83.46913146972656
2019-06-21,84.7699966430664,83.63999938964844,84.44000244140625,84.56999969482422,14345700.0,83.43952941894531
2019-06-24,86.02999877929688,84.73999786376953,84.97000122070312,85.51000213623047,7530000.0,84.3669662475586
2019-06-25,86.26000213623047,84.80999755859375,85.55000305175781,85.23999786376953,8920700.0,84.10057067871094
2019-06-26,85.19999694824219,83.08999633789062,85.18000030517578,83.54000091552734,12027100.0,82.42330169677734
2019-06-27,84.69000244140625,83.4000015258789,83.66999816894531,83.83000183105469,11184800.0,82.70942687988281
2019-06-28,84.45999908447266,82.9800033569336,83.97000122070312,83.8499984741211,44546600.0,82.72915649414062
2019-07-01,84.93000030517578,83.88999938964844,84.33000183105469,84.75,9812700.0,83.61713409423828
2019-07-02,85.51000213623047,84.0999984741211,84.45999908447266,85.51000213623047,9906100.0,84.3669662475586
2019-07-03,87.06999969482422,85.98999786376953,86.05999755859375,86.9000015258789,6234000.0,85.73839569091797
2019-07-05,86.80000305175781,85.48999786376953,86.68000030517578,85.5999984741211,8365800.0,84.45576477050781
2019-07-08,85.5,83.5,85.01000213623047,84.04000091552734,13066100.0,82.91661834716797
2019-07-09,85.20999908447266,84.08999633789062,84.23999786376953,84.86000061035156,8101900.0,83.72566223144531
2019-07-10,85.11000061035156,84.3499984741211,84.80000305175781,84.81999969482422,5721500.0,83.68618774414062
2019-07-11,83.66999816894531,79.77999877929688,83.5,81.0,21131800.0,79.91725158691406
2019-07-12,80.9000015258789,78.62999725341797,80.8499984741211,79.7300033569336,18044500.0,78.66423797607422
2019-07-15,81.2699966430664,80.12000274658203,80.5999984741211,80.95999908447266,10422300.0,79.87779235839844
2019-07-16,81.77999877929688,80.88999938964844,81.31999969482422,81.58999633789062,8061700.0,80.49935913085938
2019-07-17,82.33999633789062,81.58000183105469,81.95999908447266,81.91999816894531,9397900.0,80.82495880126953
2019-07-18,82.95999908447266,81.5999984741211,82.41000366210938,82.69000244140625,8084600.0,81.58467102050781
2019-07-19,82.81999969482422,81.1500015258789,82.69999694824219,81.38999938964844,11501700.0,80.30204010009766
2019-07-22,81.81999969482422,81.05000305175781,81.68000030517578,81.20999908447266,6929100.0,80.12445068359375
2019-07-23,82.43000030517578,80.88999938964844,81.4800033569336,82.02999877929688,7080600.0,80.93348693847656
2019-07-24,82.30999755859375,81.12000274658203,82.0,81.75,7366600.0,80.65723419189453
2019-07-25,83.05999755859375,81.05000305175781,81.44999694824219,81.75,9227200.0,80.65723419189453
2019-07-26,81.62999725341797,80.91000366210938,81.58000183105469,81.43000030517578,7289100.0,80.34150695800781
2019-07-29,82.80000305175781,81.61000061035156,82.0999984741211,82.48999786376953,10614200.0,81.38733673095703
2019-07-30,85.16999816894531,82.81999969482422,83.98999786376953,83.2699966430664,13623000.0,82.15690612792969
2019-07-31,84.6500015258789,82.83999633789062,82.9000015258789,82.98999786376953,11873500.0,81.88065338134766
2019-08-01,84.5,82.63999938964844,83.05999755859375,83.69000244140625,10066800.0,82.57130432128906
2019-08-02,84.7699966430664,83.55000305175781,83.87999725341797,84.47000122070312,10413900.0,83.34087371826172
2019-08-05,84.33999633789062,82.16000366210938,83.8499984741211,83.12000274658203,11341200.0,82.00891876220703
2019-08-06,84.4800033569336,83.0999984741211,83.12000274658203,84.3499984741211,10520300.0,83.22247314453125
2019-08-07,84.69000244140625,82.80000305175781,84.20999908447266,84.25,10982500.0,83.12380981445312
2019-08-08,85.05000305175781,84.31999969482422,84.75,84.7300033569336,8301300.0,83.59740447998047
2019-08-09,86.11000061035156,84.70999908447266,85.0999984741211,85.5199966430664,8557500.0,84.3768310546875
2019-08-12,85.93000030517578,84.5199966430664,85.2300033569336,85.7300033569336,7096000.0,84.58403015136719
2019-08-13,86.79000091552734,85.45999908447266,85.45999908447266,86.08000183105469,8028300.0,84.92935180664062
2019-08-14,85.83999633789062,83.3499984741211,85.37000274658203,83.4000015258789,10888500.0,82.2851791381836
2019-08-15,83.8499984741211,82.88999938964844,83.5199966430664,83.45999908447266,9106500.0,82.34436798095703
2019-08-16,85.36000061035156,84.1500015258789,84.44999694824219,85.05999755859375,8736900.0,83.92298126220703
2019-08-19,86.52999877929688,85.44999694824219,85.58999633789062,86.19000244140625,7304600.0,85.03787994384766
2019-08-20,86.7300033569336,85.58000183105469,86.01000213623047,85.6500015258789,5893700.0,84.50509643554688
2019-08-21,87.25,86.12999725341797,86.29000091552734,86.91000366210938,6189000.0,85.74826049804688
2019-08-22,87.19999694824219,86.25,86.75,86.72000122070312,6287000.0,85.560791015625
2019-08-23,86.94000244140625,84.4800033569336,86.22000122070312,84.94000244140625,10122800.0,83.8045883178711
2019-08-26,85.9000015258789,85.08000183105469,85.37999725341797,85.87999725341797,5765100.0,84.73201751708984
2019-08-27,86.91999816894531,85.44999694824219,86.41999816894531,85.5199966430664,6228100.0,84.3768310546875
2019-08-28,86.56999969482422,85.04000091552734,85.26000213623047,86.4800033569336,5877800.0,85.32400512695312
2019-08-29,87.3499984741211,86.18000030517578,87.06999969482422,86.72000122070312,6031500.0,85.560791015625
2019-08-30,87.22000122070312,86.16999816894531,87.12000274658203,86.47000122070312,6483900.0,85.31413269042969
2019-09-03,87.01000213623047,86.04000091552734,86.23999786376953,86.6500015258789,6389200.0,85.49173736572266
2019-09-04,87.16999816894531,85.41999816894531,87.13999938964844,86.05000305175781,7507700.0,84.89974975585938
2019-09-05,86.66000366210938,85.5,86.63999938964844,86.0999984741211,7180300.0,84.94908142089844
2019-09-06,86.93000030517578,86.30999755859375,86.54000091552734,86.56999969482422,6724900.0,85.41279602050781
2019-09-09,86.5199966430664,82.91999816894531,86.5,83.47000122070312,11489300.0,82.35424041748047
2019-09-10,82.38999938964844,78.8499984741211,82.38999938964844,81.69000244140625,17259000.0,80.59803009033203
2019-09-11,83.11000061035156,81.62000274658203,81.86000061035156,82.91999816894531,10116600.0,81.81158447265625
2019-09-12,84.08000183105469,82.79000091552734,83.4800033569336,83.30999755859375,8031200.0,82.19637298583984
2019-09-13,83.56999969482422,82.12000274658203,82.97000122070312,82.61000061035156,7177000.0,82.04740142822266
2019-09-16,82.44999694824219,81.69000244140625,82.44999694824219,82.02999877929688,5907700.0,81.47135162353516
2019-09-17,83.5,82.12999725341797,82.12999725341797,82.51000213623047,7037600.0,81.94808197021484
2019-09-18,83.27999877929688,82.37999725341797,82.66999816894531,83.0199966430664,6625700.0,82.45460510253906
2019-09-19,84.30000305175781,82.87999725341797,83.0199966430664,83.97000122070312,6605700.0,83.39813995361328
2019-09-20,85.87000274658203,84.31999969482422,84.73999786376953,85.16000366210938,22548900.0,84.58003997802734
2019-09-23,85.22000122070312,84.33999633789062,84.91000366210938,84.36000061035156,8501500.0,83.78548431396484
2019-09-24,84.87999725341797,83.38999938964844,84.55000305175781,83.5999984741211,8947600.0,83.03065490722656
2019-09-25,84.02999877929688,82.94999694824219,83.47000122070312,83.0999984741211,6957000.0,82.53406524658203
2019-09-26,84.08999633789062,83.04000091552734,83.62000274658203,83.87999725341797,7733700.0,83.30874633789062
2019-09-27,83.98999786376953,82.58000183105469,83.87999725341797,82.91000366210938,7468600.0,82.3453598022461
2019-09-30,85.0999984741211,83.20999908447266,83.20999908447266,84.18000030517578,9357800.0,83.6067123413086
2019-10-01,84.5999984741211,83.54000091552734,84.18000030517578,83.61000061035156,6727100.0,83.04058837890625
2019-10-02,83.20999908447266,80.54000091552734,83.06999969482422,81.62000274658203,8361100.0,81.06414794921875
2019-10-03,82.87999725341797,81.62999725341797,81.93000030517578,82.73999786376953,5524900.0,82.176513671875
2019-10-04,85.12000274658203,83.16000366210938,83.41999816894531,85.0,7160800.0,84.42112731933594
2019-10-07,85.11000061035156,83.94999694824219,85.02999877929688,84.38999938964844,4853200.0,83.81527709960938
2019-10-08,84.41000366210938,83.08000183105469,83.79000091552734,83.29000091552734,6122800.0,82.72277069091797
2019-10-09,84.48999786376953,83.52999877929688,84.16999816894531,84.18000030517578,4447400.0,83.6067123413086
2019-10-10,84.8499984741211,83.58999633789062,84.13999938964844,83.76000213623047,8187300.0,83.18956756591797
2019-10-11,85.44000244140625,84.26000213623047,84.30000305175781,84.33999633789062,5944300.0,83.76561737060547
2019-10-14,85.11000061035156,84.29000091552734,84.37000274658203,84.69000244140625,5260700.0,84.11323547363281
2019-10-15,85.0999984741211,84.58999633789062,84.9000015258789,85.04000091552734,4966700.0,84.46085357666016
2019-10-16,85.08999633789062,84.41999816894531,85.05999755859375,84.44999694824219,5425700.0,83.87487030029297
2019-10-17,84.6500015258789,83.73999786376953,84.41999816894531,83.80000305175781,6849700.0,83.22930145263672
2019-10-18,84.91000366210938,83.66000366210938,83.70999908447266,84.68000030517578,7522000.0,84.10330200195312
2019-10-21,85.05999755859375,84.08000183105469,84.97000122070312,84.5199966430664,5107000.0,83.94438934326172
2019-10-22,82.68000030517578,80.25,82.0,81.30000305175781,17775800.0,80.74632263183594
2019-10-23,82.87000274658203,81.16000366210938,81.29000091552734,82.87000274658203,8122100.0,82.30563354492188
2019-10-24,83.63999938964844,82.04000091552734,83.11000061035156,82.58000183105469,4993100.0,82.01760864257812
2019-10-25,82.8499984741211,82.02999877929688,82.2699966430664,82.26000213623047,7508000.0,81.69978332519531
2019-10-28,83.47000122070312,80.33999633789062,82.7300033569336,82.19999694824219,14845100.0,81.64019012451172
2019-10-29,85.7699966430664,82.69999694824219,84.05000305175781,85.0999984741211,16575100.0,84.52043914794922
2019-10-30,86.48999786376953,84.31999969482422,85.0,86.22000122070312,9567600.0,85.63282012939453
2019-10-31,86.98999786376953,85.51000213623047,86.0999984741211,86.66000366210938,11850600.0,86.06982421875
2019-11-01,87.23999786376953,84.79000091552734,87.06999969482422,84.94000244140625,8855900.0,84.36153411865234
2019-11-04,85.69999694824219,83.87999725341797,85.58999633789062,83.9000015258789,8537400.0,83.32861328125
2019-11-05,83.75,82.7300033569336,83.66999816894531,82.91999816894531,9482800.0,82.35528564453125
2019-11-06,83.95999908447266,83.12999725341797,83.55999755859375,83.25,9289400.0,82.68304443359375
2019-11-07,83.98999786376953,82.66999816894531,83.2300033569336,82.87999725341797,8827600.0,82.31555938720703
2019-11-08,83.70999908447266,82.70999908447266,82.91000366210938,83.58999633789062,6348400.0,83.02072143554688
2019-11-11,83.63999938964844,82.95999908447266,83.16000366210938,83.27999877929688,3554600.0,82.71283721923828
2019-11-12,84.81999969482422,83.58000183105469,83.58000183105469,84.12000274658203,8222000.0,83.547119140625
2019-11-13,85.11000061035156,84.11000061035156,84.55000305175781,84.81999969482422,6218400.0,84.24234771728516
2019-11-14,85.18000030517578,83.69999694824219,84.91999816894531,84.55000305175781,7548900.0,83.97418975830078
2019-11-15,85.5999984741211,84.63999938964844,84.69000244140625,84.9000015258789,9232700.0,84.32180786132812
2019-11-18,84.81999969482422,83.8499984741211,84.66000366210938,84.12999725341797,10211600.0,83.55704498291016
2019-11-19,84.94999694824219,83.97000122070312,84.4000015258789,84.6500015258789,9247500.0,84.0735092163086
2019-11-20,85.4800033569336,84.44999694824219,84.52999877929688,85.2699966430664,7786400.0,84.68928527832031
2019-11-21,85.7699966430664,84.2699966430664,85.69999694824219,85.45999908447266,6866000.0,84.87799072265625
2019-11-22,86.36000061035156,85.31999969482422,85.6500015258789,85.44999694824219,7442900.0,84.86805725097656
2019-11-25,86.58999633789062,85.33999633789062,86.04000091552734,85.69999694824219,8608100.0,85.1163558959961
2019-11-26,87.44000244140625,85.91000366210938,86.0,87.33999633789062,18352500.0,86.74518585205078
2019-11-27,87.87000274658203,86.98999786376953,87.4000015258789,87.61000061035156,5760800.0,87.01335144042969
2019-11-29,87.7699966430664,87.02999877929688,87.16999816894531,87.18000030517578,4656700.0,86.5862808227539
2019-12-02,87.98999786376953,86.55000305175781,87.54000091552734,87.04000091552734,5341600.0,86.44723510742188
2019-12-03,87.47000122070312,86.5,86.68000030517578,87.37999725341797,7124200.0,86.784912109375
2019-12-04,88.7300033569336,87.18000030517578,87.52999877929688,88.66999816894531,6959700.0,88.06613159179688
2019-12-05,88.79000091552734,87.97000122070312,88.7300033569336,88.75,7888800.0,88.14558410644531
2019-12-06,89.23999786376953,88.75,89.0,88.8499984741211,6914000.0,88.24490356445312
2019-12-09,89.0,88.19999694824219,88.9000015258789,88.72000122070312,7685900.0,88.11579132080078
2019-12-10,89.52999877929688,88.51000213623047,88.5999984741211,89.0999984741211,8266900.0,88.49320220947266
2019-12-11,89.48999786376953,88.8499984741211,89.13999938964844,88.9800033569336,6509300.0,88.3740234375
2019-12-12,89.95999908447266,88.91000366210938,89.04000091552734,89.56999969482422,6549500.0,88.95999908447266
2019-12-13,89.58999633789062,88.44000244140625,89.19999694824219,89.19000244140625,7225000.0,89.19000244140625
2019-12-16,90.0,89.18000030517578,89.6500015258789,89.29000091552734,9880900.0,89.29000091552734
2019-12-17,89.44999694824219,88.5199966430664,89.33000183105469,89.0199966430664,11155100.0,89.0199966430664
2019-12-18,90.0,89.12999725341797,89.3499984741211,89.62000274658203,11047900.0,89.62000274658203
2019-12-19,90.08999633789062,89.48999786376953,89.88999938964844,89.98999786376953,7254500.0,89.98999786376953
2019-12-20,92.63999938964844,90.83999633789062,91.45999908447266,91.58000183105469,17032100.0,91.58000183105469
2019-12-23,92.0199966430664,91.44000244140625,91.83000183105469,91.73999786376953,7534300.0,91.73999786376953
2019-12-24,91.7300033569336,91.06999969482422,91.63999938964844,91.44000244140625,2235900.0,91.44000244140625
2019-12-26,91.72000122070312,91.06999969482422,91.5999984741211,91.33999633789062,2922400.0,91.33999633789062
2019-12-27,91.69999694824219,91.2699966430664,91.68000030517578,91.5,3586800.0,91.5
2019-12-30,91.69000244140625,90.7300033569336,91.52999877929688,91.02999877929688,3752800.0,91.02999877929688
2019-12-31,90.98999786376953,90.44000244140625,90.91999816894531,90.94999694824219,4495000.0,90.94999694824219
2020-01-02,92.13999938964844,90.37000274658203,91.08000183105469,92.04000091552734,7873500.0,92.04000091552734
2020-01-03,92.06999969482422,90.51000213623047,90.68000030517578,91.25,5633300.0,91.25
2020-01-06,91.73999786376953,90.98999786376953,91.2300033569336,91.63999938964844,7178400.0,91.63999938964844
2020-01-07,91.12000274658203,89.12000274658203,90.80000305175781,89.19999694824219,10622400.0,89.19999694824219
2020-01-08,89.5,88.41000366210938,89.08999633789062,88.5999984741211,14504300.0,88.5999984741211
2020-01-09,90.05000305175781,88.77999877929688,88.94999694824219,89.37999725341797,9269800.0,89.37999725341797
2020-01-10,90.11000061035156,89.44999694824219,89.72000122070312,89.52999877929688,5673000.0,89.52999877929688
2020-01-13,89.62999725341797,89.0199966430664,89.5199966430664,89.51000213623047,9791500.0,89.51000213623047
2020-01-14,89.93000030517578,88.87000274658203,89.2699966430664,89.93000030517578,8230600.0,89.93000030517578
2020-01-15,91.61000061035156,90.08999633789062,90.0999984741211,91.54000091552734,9173700.0,91.54000091552734
2020-01-16,92.05999755859375,91.05000305175781,91.86000061035156,91.18000030517578,6920300.0,91.18000030517578
2020-01-17,91.62999725341797,90.86000061035156,91.27999877929688,90.97000122070312,9667200.0,90.97000122070312
2020-01-21,90.97000122070312,89.70999908447266,90.72000122070312,89.97000122070312,9563100.0,89.97000122070312
2020-01-22,90.45999908447266,89.62000274658203,90.16999816894531,89.6500015258789,7443200.0,89.6500015258789
2020-01-23,89.66000366210938,88.26000213623047,89.66000366210938,88.55999755859375,12593600.0,88.55999755859375
2020-01-24,88.83000183105469,85.58000183105469,88.62999725341797,85.9800033569336,14270000.0,85.9800033569336
2020-01-27,86.51000213623047,84.70999908447266,85.0999984741211,86.0999984741211,10350700.0,86.0999984741211
2020-01-28,86.70999908447266,85.9000015258789,86.44000244140625,86.25,9061400.0,86.25
2020-01-29,88.16000366210938,86.43000030517578,86.5999984741211,87.23999786376953,8121400.0,87.23999786376953
