Date,High,Low,Open,Close,Volume,Adj Close
2017-01-30,65.79000091552734,64.80000305175781,65.69000244140625,65.12999725341797,31651400.0,61.710941314697266
2017-01-31,65.1500015258789,64.26000213623047,64.86000061035156,64.6500015258789,25270500.0,61.256141662597656
2017-02-01,64.62000274658203,63.470001220703125,64.36000061035156,63.58000183105469,39671500.0,60.2423095703125
2017-02-02,63.40999984741211,62.75,63.25,63.16999816894531,45827000.0,59.85383224487305
2017-02-03,63.70000076293945,63.06999969482422,63.5,63.68000030517578,30301800.0,60.33706283569336
2017-02-06,63.650001525878906,63.13999938964844,63.5,63.63999938964844,19796400.0,60.29916000366211
2017-02-07,63.779998779296875,63.22999954223633,63.7400016784668,63.43000030517578,20277200.0,60.10017776489258
2017-02-08,63.810001373291016,63.220001220703125,63.56999969482422,63.34000015258789,18096400.0,60.014915466308594
2017-02-09,64.44000244140625,63.31999969482422,63.52000045776367,64.05999755859375,22644400.0,60.697113037109375
2017-02-10,64.30000305175781,63.97999954223633,64.25,64.0,18170700.0,60.64026641845703
2017-02-13,64.86000061035156,64.12999725341797,64.23999786376953,64.72000122070312,22920100.0,61.322471618652344
2017-02-14,64.72000122070312,64.0199966430664,64.41000366210938,64.56999969482422,23108400.0,61.55125045776367
2017-02-15,64.56999969482422,64.16000366210938,64.5,64.52999877929688,17005200.0,61.51310729980469
2017-02-16,65.23999786376953,64.44000244140625,64.73999786376953,64.5199966430664,20546300.0,61.50357437133789
2017-02-17,64.69000244140625,64.30000305175781,64.47000122070312,64.62000274658203,21248800.0,61.598915100097656
2017-02-21,64.94999694824219,64.44999694824219,64.61000061035156,64.48999786376953,20655900.0,61.47498321533203
2017-02-22,64.38999938964844,64.05000305175781,64.33000183105469,64.36000061035156,19292700.0,61.35105895996094
2017-02-23,64.7300033569336,64.19000244140625,64.41999816894531,64.62000274658203,20273100.0,61.598915100097656
2017-02-24,64.80000305175781,64.13999938964844,64.52999877929688,64.62000274658203,21796800.0,61.598915100097656
2017-02-27,64.54000091552734,64.05000305175781,64.54000091552734,64.2300033569336,15871500.0,61.22714614868164
2017-02-28,64.19999694824219,63.7599983215332,64.08000183105469,63.97999954223633,23239800.0,60.98883056640625
2017-03-01,64.98999786376953,64.0199966430664,64.12999725341797,64.94000244140625,26937500.0,61.90395736694336
2017-03-02,64.75,63.880001068115234,64.69000244140625,64.01000213623047,24539600.0,61.01742935180664
2017-03-03,64.27999877929688,63.619998931884766,63.9900016784668,64.25,18135900.0,61.24620819091797
2017-03-06,64.55999755859375,63.810001373291016,63.970001220703125,64.2699966430664,18750300.0,61.2652702331543
2017-03-07,64.77999877929688,64.19000244140625,64.19000244140625,64.4000015258789,18521000.0,61.38919448852539
2017-03-08,65.08000183105469,64.25,64.26000213623047,64.98999786376953,21510900.0,61.95161056518555
2017-03-09,65.19999694824219,64.4800033569336,65.19000244140625,64.7300033569336,19846800.0,61.70376205444336
2017-03-10,65.26000213623047,64.75,65.11000061035156,64.93000030517578,19538200.0,61.894412994384766
2017-03-13,65.19000244140625,64.56999969482422,65.01000213623047,64.70999908447266,20100000.0,61.68470001220703
2017-03-14,64.55000305175781,64.1500015258789,64.52999877929688,64.41000366210938,14280200.0,61.39873123168945
2017-03-15,64.91999816894531,64.25,64.55000305175781,64.75,24833800.0,61.722843170166016
2017-03-16,64.76000213623047,64.30000305175781,64.75,64.63999938964844,20674300.0,61.61796951293945
2017-03-17,65.23999786376953,64.68000030517578,64.91000366210938,64.87000274658203,49219700.0,61.83722686767578
2017-03-20,65.18000030517578,64.72000122070312,64.91000366210938,64.93000030517578,14598100.0,61.894412994384766
2017-03-21,65.5,64.12999725341797,65.19000244140625,64.20999908447266,26640500.0,61.208072662353516
2017-03-22,65.13999938964844,64.12000274658203,64.12000274658203,65.02999877929688,20680000.0,61.989742279052734
2017-03-23,65.23999786376953,64.7699966430664,64.94000244140625,64.87000274658203,19269200.0,61.83722686767578
2017-03-24,65.44999694824219,64.76000213623047,65.36000061035156,64.9800033569336,22617100.0,61.94208526611328
2017-03-27,65.22000122070312,64.3499984741211,64.62999725341797,65.0999984741211,18614700.0,62.056461334228516
2017-03-28,65.47000122070312,64.6500015258789,64.95999908447266,65.29000091552734,20080400.0,62.237579345703125
2017-03-29,65.5,64.94999694824219,65.12000274658203,65.47000122070312,13618400.0,62.40916061401367
2017-03-30,65.9800033569336,65.36000061035156,65.41999816894531,65.70999908447266,15122800.0,62.63795852661133
2017-03-31,66.19000244140625,65.44999694824219,65.6500015258789,65.86000061035156,21040300.0,62.78093338012695
2017-04-03,65.94000244140625,65.19000244140625,65.80999755859375,65.55000305175781,20400900.0,62.48543167114258
2017-04-04,65.80999755859375,65.27999877929688,65.38999938964844,65.7300033569336,12997400.0,62.65702438354492
2017-04-05,66.3499984741211,65.44000244140625,66.30000305175781,65.55999755859375,21448600.0,62.494956970214844
2017-04-06,66.05999755859375,65.4800033569336,65.5999984741211,65.7300033569336,18103500.0,62.65702438354492
2017-04-07,65.95999908447266,65.44000244140625,65.8499984741211,65.68000030517578,14108500.0,62.60935592651367
2017-04-10,65.81999969482422,65.36000061035156,65.61000061035156,65.52999877929688,17952700.0,62.46636199951172
2017-04-11,65.61000061035156,64.8499984741211,65.5999984741211,65.4800033569336,18791500.0,62.418704986572266
2017-04-12,65.51000213623047,65.11000061035156,65.41999816894531,65.2300033569336,17108500.0,62.180389404296875
2017-04-13,65.86000061035156,64.94999694824219,65.29000091552734,64.94999694824219,17896500.0,61.91347885131836
2017-04-17,65.48999786376953,65.01000213623047,65.04000091552734,65.4800033569336,16689300.0,62.418704986572266
2017-04-18,65.70999908447266,65.16000366210938,65.33000183105469,65.38999938964844,15155600.0,62.33291244506836
2017-04-19,65.75,64.88999938964844,65.6500015258789,65.04000091552734,26992800.0,61.999271392822266
2017-04-20,65.75,65.13999938964844,65.45999908447266,65.5,22299500.0,62.437774658203125
2017-04-21,66.69999694824219,65.44999694824219,65.66999816894531,66.4000015258789,32522600.0,63.295692443847656
2017-04-24,67.66000366210938,67.0999984741211,67.4800033569336,67.52999877929688,29770000.0,64.37285614013672
2017-04-25,68.04000091552734,67.5999984741211,67.9000015258789,67.91999816894531,30242700.0,64.74464416503906
2017-04-26,68.30999755859375,67.62000274658203,68.08000183105469,67.83000183105469,26190800.0,64.6588363647461
2017-04-27,68.37999725341797,67.58000183105469,68.1500015258789,68.2699966430664,34971000.0,65.07825469970703
2017-04-28,69.13999938964844,67.69000244140625,68.91000366210938,68.45999908447266,39548800.0,65.25936126708984
2017-05-01,69.55000305175781,68.5,68.68000030517578,69.41000366210938,31954400.0,66.16497039794922
2017-05-02,69.70999908447266,69.12999725341797,69.70999908447266,69.30000305175781,23906100.0,66.06010437011719
2017-05-03,69.37999725341797,68.70999908447266,69.37999725341797,69.08000183105469,28928000.0,65.85040283203125
2017-05-04,69.08000183105469,68.63999938964844,69.02999877929688,68.80999755859375,21749400.0,65.593017578125
2017-05-05,69.02999877929688,68.48999786376953,68.9000015258789,69.0,19128800.0,65.77413177490234
2017-05-08,69.05000305175781,68.41999816894531,68.97000122070312,68.94000244140625,18566100.0,65.71694946289062
2017-05-09,69.27999877929688,68.68000030517578,68.86000061035156,69.04000091552734,22858400.0,65.81226348876953
2017-05-10,69.55999755859375,68.91999816894531,68.98999786376953,69.30999755859375,17977800.0,66.06963348388672
2017-05-11,68.7300033569336,68.12000274658203,68.36000061035156,68.45999908447266,28789400.0,65.25936126708984
2017-05-12,68.61000061035156,68.04000091552734,68.61000061035156,68.37999725341797,18714100.0,65.18312072753906
2017-05-15,68.4800033569336,67.56999969482422,68.13999938964844,68.43000030517578,31530300.0,65.23078155517578
2017-05-16,69.44000244140625,68.16000366210938,68.2300033569336,69.41000366210938,34956000.0,66.54423522949219
2017-05-17,69.0999984741211,67.43000030517578,68.88999938964844,67.4800033569336,30548800.0,64.69391632080078
2017-05-18,68.12999725341797,67.13999938964844,67.4000015258789,67.70999908447266,25201300.0,64.9144058227539
2017-05-19,68.0999984741211,67.43000030517578,67.5,67.69000244140625,26961100.0,64.89523315429688
2017-05-22,68.5,67.5,67.88999938964844,68.44999694824219,16237600.0,65.62386322021484
2017-05-23,68.75,68.37999725341797,68.72000122070312,68.68000030517578,15425800.0,65.84436798095703
2017-05-24,68.87999725341797,68.44999694824219,68.87000274658203,68.7699966430664,14593900.0,65.9306411743164
2017-05-25,69.87999725341797,68.91000366210938,68.97000122070312,69.62000274658203,21854100.0,66.74555206298828
2017-05-26,70.22000122070312,69.5199966430664,69.80000305175781,69.95999908447266,19827900.0,67.07149505615234
2017-05-30,70.41000366210938,69.7699966430664,69.79000091552734,70.41000366210938,17072800.0,67.5029296875
2017-05-31,70.73999786376953,69.80999755859375,70.52999877929688,69.83999633789062,30436400.0,66.95646667480469
2017-06-01,70.61000061035156,69.44999694824219,70.23999786376953,70.0999984741211,21603600.0,67.20573425292969
2017-06-02,71.86000061035156,70.23999786376953,70.44000244140625,71.76000213623047,34770300.0,68.79720306396484
2017-06-05,72.88999938964844,71.80999755859375,71.97000122070312,72.27999877929688,33316800.0,69.29572296142578
2017-06-06,72.62000274658203,72.2699966430664,72.30000305175781,72.5199966430664,31511100.0,69.52581024169922
2017-06-07,72.7699966430664,71.94999694824219,72.63999938964844,72.38999938964844,22301800.0,69.40119171142578
2017-06-08,72.5199966430664,71.5,72.51000213623047,71.94999694824219,24588300.0,68.9793472290039
2017-06-09,72.08000183105469,68.58999633789062,72.04000091552734,70.31999969482422,49187400.0,67.41664123535156
2017-06-12,69.94000244140625,68.12999725341797,69.25,69.77999877929688,47761700.0,66.89895629882812
2017-06-13,70.81999969482422,69.95999908447266,70.0199966430664,70.6500015258789,25258600.0,67.73301696777344
2017-06-14,71.0999984741211,69.43000030517578,70.91000366210938,70.2699966430664,25510700.0,67.36870574951172
2017-06-15,70.20999908447266,68.80000305175781,69.2699966430664,69.9000015258789,26068700.0,67.01399230957031
2017-06-16,70.02999877929688,69.22000122070312,69.7300033569336,70.0,48345100.0,67.10986328125
2017-06-19,70.94000244140625,70.3499984741211,70.5,70.87000274658203,23798300.0,67.9439468383789
2017-06-20,70.87000274658203,69.87000274658203,70.81999969482422,69.91000366210938,21512200.0,67.02357482910156
2017-06-21,70.62000274658203,69.94000244140625,70.20999908447266,70.2699966430664,19891100.0,67.36870574951172
2017-06-22,70.58999633789062,69.70999908447266,70.54000091552734,70.26000213623047,22965700.0,67.359130859375
2017-06-23,71.25,69.91999816894531,70.08999633789062,71.20999908447266,27617300.0,68.26988983154297
2017-06-26,71.70999908447266,70.44000244140625,71.4000015258789,70.52999877929688,19607000.0,67.61798858642578
2017-06-27,70.18000030517578,69.18000030517578,70.11000061035156,69.20999908447266,25215100.0,66.35246276855469
2017-06-28,69.83999633789062,68.79000091552734,69.20999908447266,69.80000305175781,25806200.0,66.91813659667969
2017-06-29,69.48999786376953,68.08999633789062,69.37999725341797,68.48999786376953,28918700.0,65.6622085571289
2017-06-30,69.37999725341797,68.73999786376953,68.77999877929688,68.93000030517578,24161100.0,66.08404541015625
2017-07-03,69.5999984741211,68.0199966430664,69.33000183105469,68.16999816894531,16165500.0,65.35541534423828
2017-07-05,69.44000244140625,68.22000122070312,68.26000213623047,69.08000183105469,21176300.0,66.22785186767578
2017-07-06,68.77999877929688,68.12000274658203,68.2699966430664,68.56999969482422,21117600.0,65.73890686035156
2017-07-07,69.83999633789062,68.69999694824219,68.69999694824219,69.45999908447266,16878300.0,66.5921630859375
2017-07-10,70.25,69.19999694824219,69.45999908447266,69.9800033569336,15014500.0,67.0906982421875
2017-07-11,70.68000030517578,69.75,70.0,69.98999786376953,17460000.0,67.10028076171875
2017-07-12,71.27999877929688,70.55000305175781,70.69000244140625,71.1500015258789,17750900.0,68.2123794555664
2017-07-13,72.04000091552734,71.30999755859375,71.5,71.7699966430664,20269800.0,68.80677032470703
2017-07-14,73.2699966430664,71.95999908447266,72.23999786376953,72.77999877929688,25868100.0,69.77508544921875
2017-07-17,73.44999694824219,72.72000122070312,72.80000305175781,73.3499984741211,21803900.0,70.32154083251953
2017-07-18,73.38999938964844,72.66000366210938,73.08999633789062,73.30000305175781,26435300.0,70.27361297607422
2017-07-19,74.04000091552734,73.44999694824219,73.5,73.86000061035156,22416200.0,70.81049346923828
2017-07-20,74.30000305175781,73.27999877929688,74.18000030517578,74.22000122070312,42361000.0,71.15563201904297
2017-07-21,74.29000091552734,73.16999816894531,73.44999694824219,73.79000091552734,46717100.0,70.7433853149414
2017-07-24,73.75,73.12999725341797,73.52999877929688,73.5999984741211,21394800.0,70.56124114990234
2017-07-25,74.30999755859375,73.5,73.80000305175781,74.19000244140625,22018700.0,71.12686157226562
2017-07-26,74.37999725341797,73.80999755859375,74.33999633789062,74.05000305175781,16252200.0,70.99264526367188
2017-07-27,74.41999816894531,72.31999969482422,73.76000213623047,73.16000366210938,36844200.0,70.13939666748047
2017-07-28,73.30999755859375,72.54000091552734,72.66999816894531,73.04000091552734,18306700.0,70.02434539794922
2017-07-31,73.44000244140625,72.41000366210938,73.30000305175781,72.69999694824219,23600100.0,69.6983871459961
2017-08-01,73.41999816894531,72.48999786376953,73.0999984741211,72.58000183105469,22132300.0,69.5833511352539
2017-08-02,72.55999755859375,71.44000244140625,72.55000305175781,72.26000213623047,26499200.0,69.27655792236328
2017-08-03,72.44000244140625,71.8499984741211,72.19000244140625,72.1500015258789,18214400.0,69.17109680175781
2017-08-04,73.04000091552734,72.23999786376953,72.4000015258789,72.68000030517578,22579000.0,69.67921447753906
2017-08-07,72.9000015258789,72.26000213623047,72.80000305175781,72.4000015258789,18705700.0,69.41077423095703
2017-08-08,73.12999725341797,71.75,72.08999633789062,72.79000091552734,22044600.0,69.78466796875
2017-08-09,72.51000213623047,72.05000305175781,72.25,72.47000122070312,22213400.0,69.47787475585938
2017-08-10,72.19000244140625,71.3499984741211,71.9000015258789,71.41000366210938,24734500.0,68.4616470336914
2017-08-11,72.69999694824219,71.27999877929688,71.61000061035156,72.5,21443700.0,69.50664520263672
2017-08-14,73.72000122070312,72.94999694824219,73.05999755859375,73.58999633789062,20096600.0,70.5516357421875
2017-08-15,73.58999633789062,73.04000091552734,73.58999633789062,73.22000122070312,19181400.0,70.57091522216797
2017-08-16,74.0999984741211,73.16999816894531,73.33999633789062,73.6500015258789,18150400.0,70.98535919189453
2017-08-17,73.87000274658203,72.4000015258789,73.58000183105469,72.4000015258789,22977500.0,69.78058624267578
2017-08-18,72.83999633789062,71.93000030517578,72.2699966430664,72.48999786376953,18761500.0,69.86732482910156
2017-08-21,72.4800033569336,71.69999694824219,72.47000122070312,72.1500015258789,17734800.0,69.53963470458984
2017-08-22,73.23999786376953,72.3499984741211,72.3499984741211,73.16000366210938,14343700.0,70.5130844116211
2017-08-23,73.1500015258789,72.52999877929688,72.95999908447266,72.72000122070312,13766500.0,70.0890121459961
2017-08-24,72.86000061035156,72.06999969482422,72.73999786376953,72.69000244140625,17098300.0,70.06009674072266
2017-08-25,73.3499984741211,72.4800033569336,72.86000061035156,72.81999969482422,12794300.0,70.18538665771484
2017-08-28,73.08999633789062,72.55000305175781,73.05999755859375,72.83000183105469,14569700.0,70.19503021240234
2017-08-29,73.16000366210938,72.05000305175781,72.25,73.05000305175781,11478400.0,70.40707397460938
2017-08-30,74.20999908447266,72.83000183105469,73.01000213623047,74.01000213623047,16897800.0,71.33233642578125
2017-08-31,74.95999908447266,73.80000305175781,74.02999877929688,74.7699966430664,27652800.0,72.06483459472656
2017-09-01,74.73999786376953,73.63999938964844,74.70999908447266,73.94000244140625,21736200.0,71.26486206054688
2017-09-05,73.88999938964844,72.9800033569336,73.33999633789062,73.61000061035156,21556000.0,70.94681549072266
2017-09-06,74.04000091552734,73.3499984741211,73.73999786376953,73.4000015258789,16535800.0,70.7444076538086
2017-09-07,74.5999984741211,73.5999984741211,73.68000030517578,74.33999633789062,17471200.0,71.65039825439453
2017-09-08,74.44000244140625,73.83999633789062,74.33000183105469,73.9800033569336,14703800.0,71.30341339111328
2017-09-11,74.94000244140625,74.30999755859375,74.30999755859375,74.76000213623047,17910400.0,72.0551986694336
2017-09-12,75.23999786376953,74.37000274658203,74.76000213623047,74.68000030517578,14394900.0,71.97808837890625
2017-09-13,75.2300033569336,74.55000305175781,74.93000030517578,75.20999908447266,13380800.0,72.48892211914062
2017-09-14,75.48999786376953,74.5199966430664,75.0,74.7699966430664,15733900.0,72.06483459472656
2017-09-15,75.38999938964844,74.06999969482422,74.83000183105469,75.30999755859375,38578400.0,72.58529663085938
2017-09-18,75.97000122070312,75.04000091552734,75.2300033569336,75.16000366210938,23307000.0,72.44073486328125
2017-09-19,75.70999908447266,75.01000213623047,75.20999908447266,75.44000244140625,16093300.0,72.7105941772461
2017-09-20,75.55000305175781,74.30999755859375,75.3499984741211,74.94000244140625,21587900.0,72.22869110107422
2017-09-21,75.23999786376953,74.11000061035156,75.11000061035156,74.20999908447266,19186100.0,71.52509307861328
2017-09-22,74.51000213623047,73.8499984741211,73.98999786376953,74.41000366210938,14111400.0,71.71784973144531
2017-09-25,74.25,72.91999816894531,74.08999633789062,73.26000213623047,24149200.0,70.6094741821289
2017-09-26,73.80999755859375,72.98999786376953,73.66999816894531,73.26000213623047,18019600.0,70.6094741821289
2017-09-27,74.16999816894531,73.16999816894531,73.55000305175781,73.8499984741211,19565100.0,71.17811584472656
2017-09-28,73.97000122070312,73.30999755859375,73.54000091552734,73.87000274658203,10883800.0,71.19739532470703
2017-09-29,74.54000091552734,73.87999725341797,73.94000244140625,74.48999786376953,17079100.0,71.79496765136719
2017-10-02,75.01000213623047,74.30000305175781,74.70999908447266,74.61000061035156,15304800.0,71.9106216430664
2017-10-03,74.87999725341797,74.19000244140625,74.66999816894531,74.26000213623047,12190400.0,71.57328033447266
2017-10-04,74.72000122070312,73.70999908447266,74.08999633789062,74.69000244140625,13317700.0,71.98773956298828
2017-10-05,76.12000274658203,74.95999908447266,75.22000122070312,75.97000122070312,21195300.0,73.2214126586914
2017-10-06,76.02999877929688,75.54000091552734,75.66999816894531,76.0,13959800.0,73.25032806396484
2017-10-09,76.55000305175781,75.86000061035156,75.97000122070312,76.29000091552734,11386500.0,73.52984619140625
2017-10-10,76.62999725341797,76.13999938964844,76.33000183105469,76.29000091552734,13944500.0,73.52984619140625
2017-10-11,76.45999908447266,75.94999694824219,76.36000061035156,76.41999816894531,15388900.0,73.65514373779297
2017-10-12,77.29000091552734,76.37000274658203,76.48999786376953,77.12000274658203,16876500.0,74.32982635498047
2017-10-13,77.87000274658203,77.29000091552734,77.58999633789062,77.48999786376953,15335700.0,74.6864242553711
2017-10-16,77.80999755859375,77.3499984741211,77.41999816894531,77.6500015258789,12380100.0,74.84063720703125
2017-10-17,77.62000274658203,77.25,77.47000122070312,77.58999633789062,16824000.0,74.78280639648438
2017-10-18,77.8499984741211,77.37000274658203,77.66999816894531,77.61000061035156,13300700.0,74.80209350585938
2017-10-19,77.93000030517578,77.3499984741211,77.56999969482422,77.91000366210938,15092800.0,75.09124755859375
2017-10-20,78.97000122070312,78.22000122070312,78.31999969482422,78.80999755859375,22866400.0,75.95867919921875
2017-10-23,79.33999633789062,78.76000213623047,78.98999786376953,78.83000183105469,20627200.0,75.97795867919922
2017-10-24,79.19999694824219,78.45999908447266,78.9000015258789,78.86000061035156,17517200.0,76.00686645507812
2017-10-25,79.0999984741211,78.01000213623047,78.58000183105469,78.62999725341797,20410800.0,75.78519439697266
2017-10-26,79.41999816894531,78.75,79.19999694824219,78.76000213623047,32120700.0,75.91047668457031
2017-10-27,86.19999694824219,83.61000061035156,84.37000274658203,83.80999755859375,71066700.0,80.77776336669922
2017-10-30,84.33000183105469,83.11000061035156,83.69999694824219,83.88999938964844,31756700.0,80.8548812866211
2017-10-31,84.36000061035156,83.11000061035156,84.36000061035156,83.18000030517578,27086600.0,80.17057800292969
2017-11-01,83.76000213623047,82.87999725341797,83.68000030517578,83.18000030517578,22307400.0,80.17057800292969
2017-11-02,84.45999908447266,83.12000274658203,83.3499984741211,84.05000305175781,23992900.0,81.00909423828125
2017-11-03,84.54000091552734,83.4000015258789,84.08000183105469,84.13999938964844,17633500.0,81.09581756591797
2017-11-06,84.69999694824219,84.08000183105469,84.19999694824219,84.47000122070312,19860900.0,81.41389465332031
2017-11-07,84.9000015258789,83.93000030517578,84.7699966430664,84.2699966430664,17939700.0,81.22112274169922
2017-11-08,84.61000061035156,83.83000183105469,84.13999938964844,84.55999755859375,18034200.0,81.50064086914062
2017-11-09,84.2699966430664,82.9000015258789,84.11000061035156,84.08999633789062,21178400.0,81.04763793945312
2017-11-10,84.0999984741211,83.2300033569336,83.79000091552734,83.87000274658203,19397800.0,80.83560180664062
2017-11-13,83.94000244140625,83.45999908447266,83.66000366210938,83.93000030517578,14196900.0,80.89342498779297
2017-11-14,84.0999984741211,82.9800033569336,83.5,84.05000305175781,18801300.0,81.00909423828125
2017-11-15,83.69000244140625,82.69000244140625,83.47000122070312,82.9800033569336,19383100.0,80.37945556640625
2017-11-16,83.41999816894531,82.94000244140625,83.0999984741211,83.19999694824219,20962800.0,80.59255981445312
2017-11-17,83.12000274658203,82.23999786376953,83.12000274658203,82.4000015258789,22079000.0,79.81763458251953
2017-11-20,82.58999633789062,82.25,82.4000015258789,82.52999877929688,16315000.0,79.94355773925781
2017-11-21,83.83999633789062,82.73999786376953,82.73999786376953,83.72000122070312,21237500.0,81.09627532958984
2017-11-22,83.9000015258789,83.04000091552734,83.83000183105469,83.11000061035156,20553100.0,80.50537872314453
2017-11-24,83.43000030517578,82.77999877929688,83.01000213623047,83.26000213623047,7425600.0,80.65068817138672
2017-11-27,83.9800033569336,83.30000305175781,83.30999755859375,83.87000274658203,18265200.0,81.24156951904297
2017-11-28,85.05999755859375,84.0199966430664,84.06999969482422,84.87999725341797,21926000.0,82.21991729736328
2017-11-29,84.91999816894531,83.18000030517578,84.70999908447266,83.33999633789062,27381100.0,80.72816467285156
2017-11-30,84.5199966430664,83.33999633789062,83.51000213623047,84.16999816894531,33054600.0,81.53215789794922
2017-12-01,84.80999755859375,83.22000122070312,83.5999984741211,84.26000213623047,29532100.0,81.61935424804688
2017-12-04,84.43000030517578,80.69999694824219,84.41999816894531,81.08000183105469,39094900.0,78.53900146484375
2017-12-05,82.68000030517578,80.9800033569336,81.33999633789062,81.58999633789062,26152300.0,79.03302764892578
2017-12-06,83.13999938964844,81.43000030517578,81.55000305175781,82.77999877929688,26162100.0,80.18571472167969
2017-12-07,82.80000305175781,82.0,82.54000091552734,82.48999786376953,23184500.0,79.90481567382812
2017-12-08,84.58000183105469,83.33000183105469,83.62999725341797,84.16000366210938,24489100.0,81.5224838256836
2017-12-11,85.37000274658203,84.12000274658203,84.29000091552734,85.2300033569336,22857900.0,82.55894470214844
2017-12-12,86.05000305175781,85.08000183105469,85.30999755859375,85.58000183105469,23924100.0,82.89797973632812
2017-12-13,86.0,85.16999816894531,85.73999786376953,85.3499984741211,22062700.0,82.6751937866211
2017-12-14,85.87000274658203,84.52999877929688,85.43000030517578,84.69000244140625,19306000.0,82.03587341308594
2017-12-15,87.08999633789062,84.87999725341797,85.26000213623047,86.8499984741211,53936700.0,84.12818908691406
2017-12-18,87.5,86.2300033569336,87.12000274658203,86.37999725341797,22283800.0,83.67290496826172
2017-12-19,86.3499984741211,85.2699966430664,86.3499984741211,85.83000183105469,23524800.0,83.14014434814453
2017-12-20,86.30000305175781,84.70999908447266,86.19999694824219,85.5199966430664,23674900.0,82.83985900878906
2017-12-21,86.0999984741211,85.4000015258789,86.05000305175781,85.5,17990700.0,82.82048797607422
2017-12-22,85.62999725341797,84.91999816894531,85.4000015258789,85.51000213623047,14145800.0,82.83016967773438
2017-12-26,85.52999877929688,85.02999877929688,85.30999755859375,85.4000015258789,9891200.0,82.72360229492188
2017-12-27,85.9800033569336,85.22000122070312,85.6500015258789,85.70999908447266,14678000.0,83.02391052246094
2017-12-28,85.93000030517578,85.55000305175781,85.9000015258789,85.72000122070312,10594300.0,83.03358459472656
2017-12-29,86.05000305175781,85.5,85.62999725341797,85.54000091552734,18717400.0,82.8592300415039
2018-01-02,86.30999755859375,85.5,86.12999725341797,85.94999694824219,22483800.0,83.25637817382812
2018-01-03,86.51000213623047,85.97000122070312,86.05999755859375,86.3499984741211,26061400.0,83.64384460449219
2018-01-04,87.66000366210938,86.56999969482422,86.58999633789062,87.11000061035156,21912000.0,84.3800277709961
2018-01-05,88.41000366210938,87.43000030517578,87.66000366210938,88.19000244140625,23407100.0,85.42617797851562
2018-01-08,88.58000183105469,87.5999984741211,88.19999694824219,88.27999877929688,22113000.0,85.51335906982422
2018-01-09,88.7300033569336,87.86000061035156,88.6500015258789,88.22000122070312,19484300.0,85.45523834228516
2018-01-10,88.19000244140625,87.41000366210938,87.86000061035156,87.81999969482422,18652200.0,85.06777954101562
2018-01-11,88.12999725341797,87.23999786376953,88.12999725341797,88.08000183105469,17808900.0,85.31963348388672
2018-01-12,89.77999877929688,88.44999694824219,88.66999816894531,89.5999984741211,24271500.0,86.7919921875
2018-01-16,90.79000091552734,88.01000213623047,90.0999984741211,88.3499984741211,36599700.0,85.58116149902344
2018-01-17,90.27999877929688,88.75,89.08000183105469,90.13999938964844,25621200.0,87.3150634765625
2018-01-18,90.66999816894531,89.66000366210938,89.80000305175781,90.0999984741211,24159700.0,87.27632141113281
2018-01-19,90.61000061035156,89.66000366210938,90.13999938964844,90.0,36875000.0,87.17945861816406
2018-01-22,91.62000274658203,89.73999786376953,90.0,91.61000061035156,23601600.0,88.73900604248047
2018-01-23,92.30000305175781,91.54000091552734,91.9000015258789,91.9000015258789,23412800.0,89.0199203491211
2018-01-24,93.43000030517578,91.58000183105469,92.55000305175781,91.81999969482422,33277500.0,88.94242095947266
2018-01-25,93.23999786376953,91.93000030517578,92.47000122070312,92.33000183105469,26383200.0,89.43643188476562
2018-01-26,94.05999755859375,92.58000183105469,93.12000274658203,94.05999755859375,29172200.0,91.11221313476562
2018-01-29,95.44999694824219,93.72000122070312,95.13999938964844,93.91999816894531,31569900.0,90.97660064697266
2018-01-30,93.66000366210938,92.0999984741211,93.30000305175781,92.73999786376953,38635100.0,89.83358764648438
2018-01-31,95.4000015258789,93.51000213623047,93.75,95.01000213623047,48756300.0,92.03245544433594
2018-02-01,96.06999969482422,93.58000183105469,94.79000091552734,94.26000213623047,47227900.0,91.30594635009766
2018-02-02,93.97000122070312,91.5,93.63999938964844,91.77999877929688,47867800.0,88.90367126464844
2018-02-05,93.23999786376953,88.0,90.55999755859375,88.0,51031500.0,85.24213409423828
2018-02-06,91.4800033569336,85.25,86.88999938964844,91.33000183105469,67998600.0,88.46778106689453
2018-02-07,91.7699966430664,89.19999694824219,90.48999786376953,89.61000061035156,41107600.0,86.80168914794922
2018-02-08,89.87999725341797,84.76000213623047,89.70999908447266,85.01000213623047,55628700.0,82.3458480834961
2018-02-09,88.93000030517578,83.83000183105469,86.30000305175781,88.18000030517578,63499100.0,85.41648864746094
2018-02-12,89.77999877929688,87.93000030517578,88.73999786376953,89.12999725341797,35720300.0,86.33670806884766
2018-02-13,90.0,87.80000305175781,88.93000030517578,89.83000183105469,26407700.0,87.01477813720703
2018-02-14,90.98999786376953,88.41000366210938,88.51000213623047,90.80999755859375,34960900.0,88.37727355957031
2018-02-15,92.72000122070312,90.62000274658203,91.20999908447266,92.66000366210938,27823900.0,90.17772674560547
2018-02-16,93.5,91.80000305175781,92.44999694824219,92.0,30596900.0,89.53539276123047
2018-02-20,93.05999755859375,91.01000213623047,91.4800033569336,92.72000122070312,30911700.0,90.23611450195312
2018-02-21,93.36000061035156,91.48999786376953,92.9800033569336,91.48999786376953,26922500.0,89.0390625
2018-02-22,92.7300033569336,91.36000061035156,92.05000305175781,91.7300033569336,24392800.0,89.27264404296875
2018-02-23,94.06999969482422,92.36000061035156,93.5999984741211,94.05999755859375,26329200.0,91.54021453857422
2018-02-26,95.44999694824219,94.25,94.4000015258789,95.41999816894531,30199800.0,92.86377716064453
2018-02-27,95.83999633789062,94.19999694824219,95.73999786376953,94.19999694824219,25869100.0,91.67645263671875
2018-02-28,95.70999908447266,93.62999725341797,94.83999633789062,93.7699966430664,31167300.0,91.25797271728516
2018-03-01,94.56999969482422,91.83999633789062,93.98999786376953,92.8499984741211,37135600.0,90.36261749267578
2018-03-02,93.1500015258789,90.86000061035156,91.58000183105469,93.05000305175781,32830400.0,90.55726623535156
2018-03-05,94.2699966430664,92.26000213623047,92.33999633789062,93.63999938964844,23901600.0,91.13146209716797
2018-03-06,94.48999786376953,92.94000244140625,94.33999633789062,93.31999969482422,22175800.0,90.82003784179688
2018-03-07,93.94000244140625,92.43000030517578,93.16000366210938,93.86000061035156,26716100.0,91.34557342529297
2018-03-08,95.0999984741211,93.7699966430664,94.2699966430664,94.43000030517578,25887800.0,91.90029907226562
2018-03-09,96.54000091552734,95.0,95.29000091552734,96.54000091552734,36937300.0,93.95379638671875
2018-03-12,97.20999908447266,96.04000091552734,96.5,96.7699966430664,26073700.0,94.17760467529297
2018-03-13,97.23999786376953,93.97000122070312,97.0,94.41000366210938,35387800.0,91.8808364868164
2018-03-14,95.41000366210938,93.5,95.12000274658203,93.8499984741211,32132000.0,91.3358383178711
2018-03-15,94.58000183105469,92.83000183105469,93.52999877929688,94.18000030517578,27611000.0,91.65699768066406
2018-03-16,95.37999725341797,93.91999816894531,94.68000030517578,94.5999984741211,49081300.0,92.06575012207031
2018-03-19,93.9000015258789,92.11000061035156,93.73999786376953,92.88999938964844,33344100.0,90.40155792236328
2018-03-20,93.7699966430664,93.0,93.05000305175781,93.12999725341797,23075200.0,90.63512420654297
2018-03-21,94.05000305175781,92.20999908447266,92.93000030517578,92.4800033569336,24457100.0,90.00254821777344
2018-03-22,91.75,89.66000366210938,91.2699966430664,89.79000091552734,38604700.0,87.38460540771484
2018-03-23,90.45999908447266,87.08000183105469,89.5,87.18000030517578,44068900.0,84.84452819824219
2018-03-26,94.0,90.4000015258789,90.61000061035156,93.77999877929688,56396800.0,91.2677230834961
2018-03-27,95.13999938964844,88.51000213623047,94.94000244140625,89.47000122070312,56569000.0,87.07318878173828
2018-03-28,91.2300033569336,88.87000274658203,89.81999969482422,89.38999938964844,52501100.0,86.99532318115234
2018-03-29,92.29000091552734,88.4000015258789,90.18000030517578,91.2699966430664,45867500.0,88.824951171875
2018-04-02,90.87999725341797,87.51000213623047,90.47000122070312,88.5199966430664,48515400.0,86.14862823486328
2018-04-03,90.05000305175781,87.88999938964844,89.58000183105469,89.70999908447266,37213800.0,87.30674743652344
2018-04-04,92.76000213623047,87.7300033569336,87.8499984741211,92.33000183105469,35560000.0,89.85655975341797
2018-04-05,93.06999969482422,91.4000015258789,92.44000244140625,92.37999725341797,29771900.0,89.90521240234375
2018-04-06,92.45999908447266,89.4800033569336,91.48999786376953,90.2300033569336,38026000.0,87.81281280517578
2018-04-09,93.16999816894531,90.62000274658203,91.04000091552734,90.7699966430664,31533900.0,88.33834838867188
2018-04-10,93.27999877929688,91.63999938964844,92.38999938964844,92.87999725341797,26812000.0,90.39183044433594
2018-04-11,93.29000091552734,91.4800033569336,92.01000213623047,91.86000061035156,24872100.0,89.3991470336914
2018-04-12,94.16000366210938,92.43000030517578,92.43000030517578,93.58000183105469,26758900.0,91.07307434082031
2018-04-13,94.18000030517578,92.44000244140625,94.05000305175781,93.08000183105469,23346100.0,90.58647918701172
2018-04-16,94.66000366210938,93.41999816894531,94.06999969482422,94.16999816894531,20288100.0,91.64727020263672
2018-04-17,96.54000091552734,94.87999725341797,95.0,96.06999969482422,26771000.0,93.49637603759766
2018-04-18,96.72000122070312,95.5199966430664,96.22000122070312,96.44000244140625,21043300.0,93.85645294189453
2018-04-19,97.06999969482422,95.33999633789062,96.44000244140625,96.11000061035156,23552500.0,93.53529357910156
2018-04-20,96.11000061035156,94.05000305175781,95.91000366210938,95.0,31154400.0,92.45503234863281
2018-04-23,96.29000091552734,94.62999725341797,95.73999786376953,95.3499984741211,22331800.0,92.795654296875
2018-04-24,96.47000122070312,92.41000366210938,96.23999786376953,93.12000274658203,34524800.0,90.62539672851562
2018-04-25,93.30000305175781,90.27999877929688,93.30000305175781,92.30999755859375,33729300.0,89.83710479736328
2018-04-26,95.1500015258789,93.0999984741211,93.55000305175781,94.26000213623047,42529000.0,91.73485565185547
2018-04-27,97.9000015258789,93.91000366210938,97.5999984741211,95.81999969482422,48272800.0,93.25305938720703
2018-04-30,96.4000015258789,93.1500015258789,96.33000183105469,93.5199966430664,41523600.0,91.0146713256836
2018-05-01,95.29000091552734,92.79000091552734,93.20999908447266,95.0,31408900.0,92.45503234863281
2018-05-02,95.16999816894531,93.19000244140625,94.98999786376953,93.51000213623047,27471000.0,91.00495147705078
2018-05-03,94.93000030517578,92.44999694824219,92.95999908447266,94.06999969482422,31142500.0,91.5499496459961
2018-05-04,95.37000274658203,92.91999816894531,93.31999969482422,95.16000366210938,22531300.0,92.6107406616211
2018-05-07,96.70999908447266,95.0999984741211,95.16999816894531,96.22000122070312,24242000.0,93.6423568725586
2018-05-08,96.16000366210938,95.05999755859375,95.8499984741211,95.80999755859375,23484600.0,93.24333190917969
2018-05-09,96.97000122070312,95.05000305175781,96.01000213623047,96.94000244140625,27327400.0,94.34306335449219
2018-05-10,97.94999694824219,97.05000305175781,97.45999908447266,97.91000366210938,22388100.0,95.28709411621094
2018-05-11,97.87000274658203,97.04000091552734,97.80000305175781,97.69999694824219,16778300.0,95.08269500732422
2018-05-14,98.69000244140625,97.30999755859375,97.91999816894531,98.02999877929688,19454100.0,95.40385437011719
2018-05-15,97.8499984741211,96.33999633789062,97.23999786376953,97.31999969482422,24594000.0,94.71287536621094
2018-05-16,97.4000015258789,96.62000274658203,97.36000061035156,97.1500015258789,17384700.0,94.9572525024414
2018-05-17,97.54000091552734,95.83000183105469,96.76000213623047,96.18000030517578,17246700.0,94.00914001464844
2018-05-18,96.93000030517578,96.01000213623047,96.01000213623047,96.36000061035156,17865800.0,94.18507385253906
2018-05-21,98.01000213623047,96.80000305175781,97.0,97.5999984741211,19422500.0,95.39708709716797
2018-05-22,98.16999816894531,97.19999694824219,97.68000030517578,97.5,15441200.0,95.29934692382812
2018-05-23,98.7300033569336,96.31999969482422,96.70999908447266,98.66000366210938,21251200.0,96.43316650390625
2018-05-24,98.94000244140625,96.80999755859375,98.7300033569336,98.30999755859375,26649300.0,96.091064453125
2018-05-25,98.9800033569336,97.86000061035156,98.30000305175781,98.36000061035156,18363900.0,96.13993072509766
2018-05-29,98.87999725341797,97.2300033569336,97.83999633789062,98.01000213623047,28671000.0,95.79783630371094
2018-05-30,99.25,97.91000366210938,98.30999755859375,98.94999694824219,22158500.0,96.71660614013672
2018-05-31,99.98999786376953,98.61000061035156,99.29000091552734,98.83999633789062,34140900.0,96.60909271240234
2018-06-01,100.86000061035156,99.16999816894531,99.27999877929688,100.79000091552734,28655600.0,98.51507568359375
2018-06-04,101.86000061035156,100.8499984741211,101.26000213623047,101.66999816894531,27281600.0,99.37521362304688
2018-06-05,102.33000183105469,101.52999877929688,102.0,102.19000244140625,23514400.0,99.88349151611328
2018-06-06,102.5999984741211,101.9000015258789,102.4800033569336,102.48999786376953,21122900.0,100.17670440673828
2018-06-07,102.69000244140625,100.37999725341797,102.6500015258789,100.87999725341797,28232200.0,98.60305786132812
2018-06-08,101.94999694824219,100.54000091552734,101.08999633789062,101.62999725341797,22165100.0,99.33612060546875
2018-06-11,101.58999633789062,100.66999816894531,101.01000213623047,101.05000305175781,23490900.0,98.76921844482422
2018-06-12,101.44999694824219,100.75,101.0999984741211,101.30999755859375,18325200.0,99.0233383178711
2018-06-13,102.01000213623047,100.55999755859375,101.72000122070312,100.8499984741211,29492900.0,98.57372283935547
2018-06-14,102.02999877929688,101.0,101.6500015258789,101.41999816894531,25691800.0,99.13086700439453
2018-06-15,101.52999877929688,100.06999969482422,101.51000213623047,100.12999725341797,65738600.0,97.8699722290039
2018-06-18,101.11000061035156,99.41999816894531,100.01000213623047,100.86000061035156,23586000.0,98.58350372314453
2018-06-19,101.0,99.5,99.6500015258789,100.86000061035156,28653100.0,98.58350372314453
2018-06-20,102.5199966430664,101.12000274658203,101.37000274658203,101.87000274658203,26180800.0,99.57070922851562
2018-06-21,102.45999908447266,100.87999725341797,102.08000183105469,101.13999938964844,23198200.0,98.85718536376953
2018-06-22,100.7699966430664,99.62999725341797,100.41000366210938,100.41000366210938,38923100.0,98.14366912841797
2018-06-25,100.11000061035156,97.30000305175781,100.0,98.38999938964844,35433300.0,96.16925048828125
2018-06-26,100.08000183105469,98.75,98.81999969482422,99.08000183105469,26897200.0,96.84368133544922
2018-06-27,100.0199966430664,97.4000015258789,99.58000183105469,97.54000091552734,31298400.0,95.33843994140625
2018-06-28,99.11000061035156,97.26000213623047,97.37999725341797,98.62999725341797,26650700.0,96.4038314819336
2018-06-29,99.91000366210938,98.33000183105469,98.93000030517578,98.61000061035156,28053200.0,96.38428497314453
2018-07-02,100.05999755859375,98.0,98.0999984741211,100.01000213623047,19564500.0,97.752685546875
2018-07-03,100.62999725341797,98.94000244140625,100.4800033569336,99.05000305175781,14670300.0,96.81436920166016
2018-07-05,99.91999816894531,99.02999877929688,99.5,99.76000213623047,18977400.0,97.50833892822266
2018-07-06,101.43000030517578,99.66999816894531,99.88999938964844,101.16000366210938,19234600.0,98.87673950195312
2018-07-09,102.25,101.25,101.6500015258789,101.8499984741211,18212000.0,99.55115509033203
2018-07-10,102.51000213623047,101.86000061035156,102.0,102.12000274658203,19293100.0,99.81507110595703
2018-07-11,102.33999633789062,101.0999984741211,101.1500015258789,101.9800033569336,19644600.0,99.67822265625
2018-07-12,104.41000366210938,102.7300033569336,102.7699966430664,104.19000244140625,24335900.0,101.83833312988281
2018-07-13,105.5999984741211,104.08999633789062,104.37000274658203,105.43000030517578,24635200.0,103.05036163330078
2018-07-16,105.81999969482422,104.5199966430664,105.4000015258789,104.91000366210938,21786900.0,102.5420913696289
2018-07-17,106.5,104.31999969482422,104.61000061035156,105.94999694824219,25901700.0,103.55860900878906
2018-07-18,106.05000305175781,104.72000122070312,105.94000244140625,105.12000274658203,29493900.0,102.74735260009766
2018-07-19,105.30999755859375,103.88999938964844,104.93000030517578,104.4000015258789,40171600.0,102.0436019897461
2018-07-20,108.19999694824219,106.08000183105469,108.08000183105469,106.2699966430664,56004000.0,103.87139892578125
2018-07-23,108.13999938964844,106.12999725341797,106.30000305175781,107.97000122070312,29707000.0,105.53302764892578
2018-07-24,108.81999969482422,107.26000213623047,108.56999969482422,107.66000366210938,26316600.0,105.23002624511719
2018-07-25,111.1500015258789,107.5999984741211,107.95999908447266,110.83000183105469,30702100.0,108.3284683227539
2018-07-26,111.0,109.5,110.73999786376953,109.62000274658203,31372100.0,107.14578247070312
2018-07-27,110.18000030517578,106.13999938964844,110.18000030517578,107.68000030517578,37005300.0,105.24956512451172
2018-07-30,107.52999877929688,104.76000213623047,107.19000244140625,105.37000274658203,34668300.0,102.99171447753906
2018-07-31,106.72000122070312,105.37999725341797,106.48999786376953,106.08000183105469,27655200.0,103.68568420410156
2018-08-01,106.44999694824219,105.41999816894531,106.02999877929688,106.27999877929688,23628700.0,103.88115692138672
2018-08-02,108.08999633789062,104.83999633789062,105.4000015258789,107.56999969482422,26104300.0,105.14205932617188
2018-08-03,108.05000305175781,106.81999969482422,107.80000305175781,108.04000091552734,18659600.0,105.60144805908203
2018-08-06,108.41999816894531,107.55999755859375,108.12000274658203,108.12999725341797,20265900.0,105.68940734863281
2018-08-07,109.0999984741211,108.16999816894531,108.55999755859375,108.87999725341797,16080200.0,106.4224853515625
2018-08-08,109.75,108.76000213623047,109.33000183105469,109.48999786376953,15487500.0,107.01872253417969
2018-08-09,110.16000366210938,109.5999984741211,109.70999908447266,109.66999816894531,13677200.0,107.19464874267578
2018-08-10,109.69000244140625,108.37999725341797,109.41999816894531,109.0,18183700.0,106.5397720336914
2018-08-13,109.58000183105469,108.0999984741211,109.23999786376953,108.20999908447266,18472500.0,105.76761627197266
2018-08-14,109.75,108.04000091552734,108.55999755859375,109.55999755859375,16788300.0,107.08712768554688
2018-08-15,108.98999786376953,106.81999969482422,108.48999786376953,107.66000366210938,29982800.0,105.63497924804688
2018-08-16,108.86000061035156,107.30000305175781,108.30000305175781,107.63999938964844,21384300.0,105.61536407470703
2018-08-17,107.9000015258789,106.69000244140625,107.36000061035156,107.58000183105469,18061500.0,105.55648803710938
2018-08-20,107.9000015258789,106.4800033569336,107.51000213623047,106.87000274658203,17914200.0,104.8598403930664
2018-08-21,107.3499984741211,105.8499984741211,106.91999816894531,105.9800033569336,22881900.0,103.98657989501953
2018-08-22,107.33999633789062,105.77999877929688,105.8499984741211,107.05999755859375,18000600.0,105.04625701904297
2018-08-23,108.18000030517578,106.87000274658203,107.1500015258789,107.55999755859375,18167700.0,105.53684997558594
2018-08-24,108.55999755859375,107.55999755859375,107.66999816894531,108.4000015258789,17234000.0,106.3610610961914
2018-08-27,109.63999938964844,108.51000213623047,109.2699966430664,109.5999984741211,19662300.0,107.53848266601562
2018-08-28,110.5,109.79000091552734,109.94000244140625,110.26000213623047,19151500.0,108.18606567382812
2018-08-29,112.02999877929688,110.2699966430664,110.44999694824219,112.0199966430664,20818000.0,109.9129638671875
2018-08-30,112.61000061035156,111.44000244140625,111.66999816894531,111.94999694824219,22798700.0,109.84428405761719
2018-08-31,112.77999877929688,111.5199966430664,111.69000244140625,112.33000183105469,23222700.0,110.21713256835938
2018-09-04,111.95999908447266,110.22000122070312,110.8499984741211,111.70999908447266,22634600.0,109.60879516601562
2018-09-05,111.41999816894531,108.0999984741211,111.01000213623047,108.48999786376953,32872400.0,106.4493637084961
2018-09-06,108.98999786376953,107.51000213623047,108.25,108.73999786376953,23477600.0,106.69466400146484
2018-09-07,108.72000122070312,107.2300033569336,108.2300033569336,108.20999908447266,22498600.0,106.17463684082031
2018-09-10,109.63999938964844,108.36000061035156,108.83999633789062,109.37999725341797,20727900.0,107.32261657714844
2018-09-11,111.58999633789062,108.88999938964844,108.9000015258789,111.23999786376953,24301800.0,109.14764404296875
2018-09-12,111.8499984741211,110.51000213623047,111.43000030517578,111.70999908447266,18891100.0,109.60879516601562
2018-09-13,113.7300033569336,112.12000274658203,112.12000274658203,112.91000366210938,26055600.0,110.7862319946289
2018-09-14,113.7300033569336,112.44000244140625,113.36000061035156,113.37000274658203,19122300.0,111.23758697509766
2018-09-17,113.69999694824219,111.86000061035156,113.69000244140625,112.13999938964844,20736500.0,110.03070831298828
2018-09-18,113.69999694824219,111.72000122070312,112.19000244140625,113.20999908447266,22170900.0,111.08058166503906
2018-09-19,113.31999969482422,111.04000091552734,113.05000305175781,111.69999694824219,21728400.0,109.59899139404297
2018-09-20,113.80000305175781,111.93000030517578,112.27999877929688,113.56999969482422,23714500.0,111.43382263183594
2018-09-21,115.29000091552734,113.51000213623047,114.0,114.26000213623047,71229700.0,112.11083221435547
2018-09-24,114.9000015258789,112.22000122070312,113.02999877929688,114.66999816894531,27334500.0,112.51312255859375
2018-09-25,115.0999984741211,113.75,114.80000305175781,114.44999694824219,22668000.0,112.2972640991211
2018-09-26,115.05999755859375,113.73999786376953,114.47000122070312,113.9800033569336,19352000.0,111.83610534667969
2018-09-27,114.91000366210938,114.19999694824219,114.77999877929688,114.41000366210938,19091300.0,112.25802612304688
2018-09-28,114.56999969482422,113.68000030517578,114.19000244140625,114.37000274658203,21647800.0,112.2187728881836
2018-10-01,115.68000030517578,114.7300033569336,114.75,115.61000061035156,18883100.0,113.43543243408203
2018-10-02,115.83999633789062,114.44000244140625,115.30000305175781,115.1500015258789,20787200.0,112.98410034179688
2018-10-03,116.18000030517578,114.93000030517578,115.41999816894531,115.16999816894531,16648000.0,113.00372314453125
2018-10-04,114.76000213623047,111.62999725341797,114.61000061035156,112.79000091552734,34821700.0,110.66848754882812
2018-10-05,113.16999816894531,110.63999938964844,112.62999725341797,112.12999725341797,29068900.0,110.0208969116211
2018-10-08,112.02999877929688,109.33999633789062,111.66000366210938,110.8499984741211,29640600.0,108.76496887207031
2018-10-09,113.08000183105469,110.80000305175781,111.13999938964844,112.26000213623047,26198600.0,110.14845275878906
2018-10-10,111.5,105.79000091552734,111.23999786376953,106.16000366210938,61376300.0,104.16319274902344
2018-10-11,108.93000030517578,104.19999694824219,105.3499984741211,105.91000366210938,63904300.0,103.91789245605469
2018-10-12,111.23999786376953,107.12000274658203,109.01000213623047,109.56999969482422,47742100.0,107.5090560913086
2018-10-15,109.4800033569336,106.94999694824219,108.91000366210938,107.5999984741211,32068100.0,105.57611083984375
2018-10-16,111.41000366210938,108.94999694824219,109.54000091552734,111.0,31610200.0,108.91214752197266
2018-10-17,111.80999755859375,109.55000305175781,111.68000030517578,110.70999908447266,26548200.0,108.62760162353516
2018-10-18,110.52999877929688,107.83000183105469,110.0999984741211,108.5,32506200.0,106.45918273925781
2018-10-19,110.86000061035156,108.20999908447266,108.93000030517578,108.66000366210938,32785500.0,106.61616516113281
2018-10-22,110.54000091552734,108.23999786376953,109.31999969482422,109.62999725341797,26545600.0,107.56791687011719
2018-10-23,108.97000122070312,105.11000061035156,107.7699966430664,108.0999984741211,43770400.0,106.06669616699219
2018-10-24,108.48999786376953,101.58999633789062,108.41000366210938,102.31999969482422,63897800.0,100.39542388916016
2018-10-25,109.2699966430664,106.1500015258789,106.55000305175781,108.30000305175781,61646800.0,106.262939453125
2018-10-26,108.75,104.76000213623047,105.69000244140625,106.95999908447266,55523100.0,104.9481430053711
2018-10-29,108.69999694824219,101.62999725341797,108.11000061035156,103.8499984741211,55162000.0,101.89663696289062
2018-10-30,104.37999725341797,100.11000061035156,103.66000366210938,103.7300033569336,65350900.0,101.77890014648438
2018-10-31,108.13999938964844,105.38999938964844,105.44000244140625,106.80999755859375,51062400.0,104.80096435546875
2018-11-01,107.31999969482422,105.52999877929688,107.05000305175781,105.91999816894531,33384200.0,103.92769622802734
2018-11-02,107.31999969482422,104.9800033569336,106.4800033569336,106.16000366210938,37680200.0,104.16319274902344
2018-11-05,107.73999786376953,105.9000015258789,106.37000274658203,107.51000213623047,27922100.0,105.48779296875
2018-11-06,108.83999633789062,106.27999877929688,107.37999725341797,107.72000122070312,24340200.0,105.69384765625
2018-11-07,112.23999786376953,109.4000015258789,109.44000244140625,111.95999908447266,37901700.0,109.85409545898438
2018-11-08,112.20999908447266,110.91000366210938,111.80000305175781,111.75,25644100.0,109.6480484008789
2018-11-09,111.44999694824219,108.76000213623047,110.8499984741211,109.56999969482422,32039200.0,107.5090560913086
2018-11-12,109.95999908447266,106.0999984741211,109.41999816894531,106.87000274658203,33621800.0,104.8598403930664
2018-11-13,108.73999786376953,106.63999938964844,107.55000305175781,106.94000244140625,35374600.0,104.92852783203125
2018-11-14,108.26000213623047,104.47000122070312,108.0999984741211,104.97000122070312,39495100.0,103.4405288696289
2018-11-15,107.80000305175781,103.91000366210938,104.98999786376953,107.27999877929688,38505200.0,105.71686553955078
2018-11-16,108.87999725341797,106.80000305175781,107.08000183105469,108.29000091552734,33502100.0,106.71215057373047
2018-11-19,108.55999755859375,103.55000305175781,108.2699966430664,104.62000274658203,44773900.0,103.09561920166016
2018-11-20,102.97000122070312,99.3499984741211,101.80000305175781,101.70999908447266,64052500.0,100.22802734375
2018-11-21,104.43000030517578,102.23999786376953,103.5999984741211,103.11000061035156,28130600.0,101.60762023925781
2018-11-23,103.80999755859375,102.0,102.16999816894531,103.06999969482422,13823100.0,101.56820678710938
2018-11-26,106.62999725341797,104.58000183105469,104.79000091552734,106.47000122070312,32336200.0,104.91867065429688
2018-11-27,107.33000183105469,105.36000061035156,106.2699966430664,107.13999938964844,29124500.0,105.57889556884766
2018-11-28,111.33000183105469,107.86000061035156,107.88999938964844,111.12000274658203,46788500.0,109.50091552734375
2018-11-29,111.12000274658203,109.02999877929688,110.33000183105469,110.19000244140625,28123200.0,108.58446502685547
2018-11-30,110.97000122070312,109.36000061035156,110.69999694824219,110.88999938964844,33665600.0,109.27426147460938
2018-12-03,113.41999816894531,110.7300033569336,113.0,112.08999633789062,34732800.0,110.45677947998047
2018-12-04,112.63999938964844,108.20999908447266,111.94000244140625,108.5199966430664,45197000.0,106.93878936767578
2018-12-06,109.23999786376953,105.0,105.81999969482422,109.19000244140625,49107400.0,107.59903717041016
2018-12-07,109.44999694824219,104.30000305175781,108.37999725341797,104.81999969482422,45044900.0,103.2927017211914
2018-12-10,107.9800033569336,103.88999938964844,104.80000305175781,107.58999633789062,40801500.0,106.0223388671875
2018-12-11,110.94999694824219,107.44000244140625,109.80000305175781,108.58999633789062,42381900.0,107.00777435302734
2018-12-12,111.2699966430664,109.04000091552734,110.88999938964844,109.08000183105469,36183000.0,107.49063873291016
2018-12-13,110.87000274658203,108.62999725341797,109.58000183105469,109.44999694824219,31333400.0,107.85523986816406
2018-12-14,109.26000213623047,105.5,108.25,106.02999877929688,47043100.0,104.48507690429688
2018-12-17,105.80000305175781,101.70999908447266,105.41000366210938,102.88999938964844,56957300.0,101.39082336425781
2018-12-18,104.51000213623047,102.5199966430664,103.75,103.97000122070312,49319200.0,102.45509338378906
2018-12-19,106.87999725341797,101.3499984741211,103.6500015258789,103.69000244140625,68198200.0,102.1791763305664
2018-12-20,104.30999755859375,98.77999877929688,103.05000305175781,101.51000213623047,70334200.0,100.03093719482422
2018-12-21,103.0,97.45999908447266,101.62999725341797,98.2300033569336,111242100.0,96.7987289428711
2018-12-24,97.97000122070312,93.9800033569336,97.68000030517578,94.12999725341797,43935200.0,92.75846099853516
2018-12-26,100.69000244140625,93.95999908447266,95.13999938964844,100.55999755859375,51634800.0,99.09477233886719
2018-12-27,101.19000244140625,96.4000015258789,99.30000305175781,101.18000030517578,49498500.0,99.70574188232422
2018-12-28,102.41000366210938,99.5199966430664,102.08999633789062,100.38999938964844,38196300.0,98.92724609375
2018-12-31,102.4000015258789,100.44000244140625,101.29000091552734,101.56999969482422,33173800.0,100.09005737304688
2019-01-02,101.75,98.94000244140625,99.55000305175781,101.12000274658203,35329300.0,99.64661407470703
2019-01-03,100.19000244140625,97.19999694824219,100.0999984741211,97.4000015258789,42579100.0,95.98081970214844
2019-01-04,102.51000213623047,98.93000030517578,99.72000122070312,101.93000030517578,44060600.0,100.44481658935547
2019-01-07,103.2699966430664,100.9800033569336,101.63999938964844,102.05999755859375,35656100.0,100.57292175292969
2019-01-08,103.97000122070312,101.70999908447266,103.04000091552734,102.80000305175781,31514400.0,101.30213928222656
2019-01-09,104.87999725341797,103.23999786376953,103.86000061035156,104.2699966430664,32280800.0,102.75071716308594
2019-01-10,103.75,102.37999725341797,103.22000122070312,103.5999984741211,30067600.0,102.09048461914062
2019-01-11,103.44000244140625,101.63999938964844,103.19000244140625,102.80000305175781,28314200.0,101.30213928222656
2019-01-14,102.87000274658203,101.26000213623047,101.9000015258789,102.05000305175781,28437100.0,100.56307220458984
2019-01-15,105.05000305175781,101.87999725341797,102.51000213623047,105.01000213623047,31587600.0,103.47994995117188
2019-01-16,106.26000213623047,104.95999908447266,105.26000213623047,105.37999725341797,29853900.0,103.84455108642578
2019-01-17,106.62999725341797,104.76000213623047,105.0,106.12000274658203,28393000.0,104.57376861572266
2019-01-18,107.9000015258789,105.91000366210938,107.45999908447266,107.70999908447266,37427600.0,106.1406021118164
2019-01-22,107.0999984741211,104.86000061035156,106.75,105.68000030517578,32371300.0,104.14017486572266
2019-01-23,107.04000091552734,105.33999633789062,106.12000274658203,106.70999908447266,25874300.0,105.15516662597656
2019-01-24,107.0,105.33999633789062,106.86000061035156,106.19999694824219,23164800.0,104.65260314941406
2019-01-25,107.87999725341797,106.19999694824219,107.23999786376953,107.16999816894531,31225600.0,105.60846710205078
2019-01-28,106.4800033569336,104.66000366210938,106.26000213623047,105.08000183105469,29476700.0,103.5489273071289
2019-01-29,104.97000122070312,102.16999816894531,104.87999725341797,102.94000244140625,31490500.0,101.44010162353516
2019-01-30,106.37999725341797,104.33000183105469,104.62000274658203,106.37999725341797,49471900.0,104.8299789428711
2019-01-31,105.22000122070312,103.18000030517578,103.80000305175781,104.43000030517578,55636400.0,102.90839385986328
2019-02-01,104.0999984741211,102.3499984741211,103.77999877929688,102.77999877929688,35535700.0,101.28243255615234
2019-02-04,105.80000305175781,102.7699966430664,102.87000274658203,105.73999786376953,31315100.0,104.19929504394531
2019-02-05,107.2699966430664,105.95999908447266,106.05999755859375,107.22000122070312,27325400.0,105.65774536132812
2019-02-06,107.0,105.52999877929688,107.0,106.02999877929688,20609800.0,104.48507690429688
2019-02-07,105.58999633789062,104.29000091552734,105.19000244140625,105.2699966430664,29760700.0,103.73614501953125
2019-02-08,105.77999877929688,104.26000213623047,104.38999938964844,105.66999816894531,21461100.0,104.13032531738281
2019-02-11,106.58000183105469,104.97000122070312,106.19999694824219,105.25,18914100.0,103.71644592285156
2019-02-12,107.13999938964844,105.4800033569336,106.13999938964844,106.88999938964844,25056600.0,105.33255004882812
2019-02-13,107.77999877929688,106.70999908447266,107.5,106.80999755859375,18394900.0,105.25371551513672
2019-02-14,107.29000091552734,105.66000366210938,106.30999755859375,106.9000015258789,21784700.0,105.3424072265625
2019-02-15,108.30000305175781,107.36000061035156,107.91000366210938,108.22000122070312,26606900.0,106.6431655883789
2019-02-19,108.66000366210938,107.77999877929688,107.79000091552734,108.16999816894531,18038500.0,106.5938949584961
2019-02-20,107.94000244140625,106.29000091552734,107.86000061035156,107.1500015258789,21607700.0,106.03970336914062
2019-02-21,109.4800033569336,106.87000274658203,106.9000015258789,109.41000366210938,29063200.0,108.27628326416016
2019-02-22,111.19999694824219,109.81999969482422,110.05000305175781,110.97000122070312,27763200.0,109.82011413574219
2019-02-25,112.18000030517578,111.26000213623047,111.76000213623047,111.58999633789062,23750600.0,110.43368530273438
2019-02-26,113.23999786376953,111.16999816894531,111.26000213623047,112.36000061035156,21536700.0,111.19570922851562
2019-02-27,112.36000061035156,110.87999725341797,111.69000244140625,112.16999816894531,21487100.0,111.00767517089844
2019-02-28,112.87999725341797,111.7300033569336,112.04000091552734,112.02999877929688,29083900.0,110.86913299560547
2019-03-01,113.0199966430664,111.66999816894531,112.88999938964844,112.52999877929688,23501200.0,111.36394500732422
2019-03-04,113.25,110.80000305175781,113.0199966430664,112.26000213623047,26608000.0,111.09674835205078
2019-03-05,112.38999938964844,111.2300033569336,112.25,111.69999694824219,19538300.0,110.54254913330078
2019-03-06,112.66000366210938,111.43000030517578,111.87000274658203,111.75,17687000.0,110.59203338623047
2019-03-07,111.55000305175781,109.87000274658203,111.4000015258789,110.38999938964844,25339000.0,109.24612426757812
2019-03-08,110.70999908447266,108.80000305175781,109.16000366210938,110.51000213623047,22818400.0,109.36487579345703
2019-03-11,112.94999694824219,110.9800033569336,110.98999786376953,112.83000183105469,26491600.0,111.66084289550781
2019-03-12,113.98999786376953,112.6500015258789,112.81999969482422,113.62000274658203,26132700.0,112.44265747070312
2019-03-13,115.0,113.77999877929688,114.12999725341797,114.5,35513800.0,113.31354522705078
2019-03-14,115.19999694824219,114.33000183105469,114.54000091552734,114.58999633789062,30763400.0,113.40260314941406
2019-03-15,117.25,114.58999633789062,115.33999633789062,115.91000366210938,54681100.0,114.70893096923828
2019-03-18,117.61000061035156,116.05000305175781,116.16999816894531,117.56999969482422,31207600.0,116.35172271728516
2019-03-19,118.44000244140625,116.98999786376953,118.08999633789062,117.6500015258789,37588700.0,116.43089294433594
2019-03-20,118.75,116.70999908447266,117.38999938964844,117.5199966430664,28113300.0,116.30223083496094
2019-03-21,120.81999969482422,117.08999633789062,117.13999938964844,120.22000122070312,29854400.0,118.9742660522461
2019-03-22,119.58999633789062,117.04000091552734,119.5,117.05000305175781,33624500.0,115.83711242675781
2019-03-25,118.01000213623047,116.31999969482422,116.55999755859375,117.66000366210938,27067100.0,116.4407958984375
2019-03-26,118.70999908447266,116.8499984741211,118.62000274658203,117.91000366210938,26097700.0,116.68820190429688
2019-03-27,118.20999908447266,115.5199966430664,117.87999725341797,116.7699966430664,22733400.0,115.56001281738281
2019-03-28,117.58000183105469,116.12999725341797,117.44000244140625,116.93000030517578,18334800.0,115.7183609008789
2019-03-29,118.31999969482422,116.95999908447266,118.06999969482422,117.94000244140625,25399800.0,116.7178955078125
2019-04-01,119.11000061035156,118.0999984741211,118.94999694824219,119.0199966430664,22789100.0,117.78669738769531
2019-04-02,119.4800033569336,118.5199966430664,119.05999755859375,119.19000244140625,18142300.0,117.95494079589844
2019-04-03,120.43000030517578,119.1500015258789,119.86000061035156,119.97000122070312,22860700.0,118.72685241699219
2019-04-04,120.2300033569336,118.37999725341797,120.0999984741211,119.36000061035156,20112800.0,118.12317657470703
2019-04-05,120.2300033569336,119.37000274658203,119.38999938964844,119.88999938964844,15826200.0,118.64768981933594
2019-04-08,120.0199966430664,118.63999938964844,119.80999755859375,119.93000030517578,15116200.0,118.68727111816406
2019-04-09,119.54000091552734,118.58000183105469,118.62999725341797,119.27999877929688,17612000.0,118.04399871826172
2019-04-10,120.3499984741211,119.54000091552734,119.76000213623047,120.19000244140625,16477200.0,118.94457244873047
2019-04-11,120.8499984741211,119.91999816894531,120.54000091552734,120.33000183105469,14209100.0,119.08312225341797
2019-04-12,120.9800033569336,120.37000274658203,120.63999938964844,120.94999694824219,19745100.0,119.69670104980469
2019-04-15,121.58000183105469,120.56999969482422,120.94000244140625,121.05000305175781,15792600.0,119.79566955566406
2019-04-16,121.6500015258789,120.0999984741211,121.63999938964844,120.7699966430664,14071800.0,119.51856231689453
2019-04-17,121.8499984741211,120.54000091552734,121.23999786376953,121.7699966430664,19300900.0,120.5082015991211
2019-04-18,123.5199966430664,121.30000305175781,122.19000244140625,123.37000274658203,27991000.0,122.09162902832031
2019-04-22,124.0,122.56999969482422,122.62000274658203,123.76000213623047,15648700.0,122.47758483886719
2019-04-23,125.58000183105469,123.83000183105469,124.0999984741211,125.44000244140625,24025500.0,124.14018249511719
2019-04-24,125.8499984741211,124.5199966430664,125.79000091552734,125.01000213623047,31257000.0,123.71463012695312
2019-04-25,131.3699951171875,128.8300018310547,130.05999755859375,129.14999389648438,38033900.0,127.81172180175781
2019-04-26,130.52000427246094,129.02000427246094,129.6999969482422,129.88999938964844,23654900.0,128.54405212402344
2019-04-29,130.17999267578125,129.35000610351562,129.89999389648438,129.77000427246094,16324200.0,128.42530822753906
2019-04-30,130.6999969482422,129.38999938964844,129.80999755859375,130.60000610351562,24166500.0,129.24671936035156
2019-05-01,130.64999389648438,127.69999694824219,130.52999877929688,127.87999725341797,26821700.0,126.55488586425781
2019-05-02,128.0,125.5199966430664,127.9800033569336,126.20999908447266,27350200.0,124.9021987915039
2019-05-03,129.42999267578125,127.25,127.36000061035156,128.89999389648438,24911100.0,127.56430053710938
2019-05-06,128.55999755859375,126.11000061035156,126.38999938964844,128.14999389648438,24239800.0,126.82208251953125
2019-05-07,127.18000030517578,124.22000122070312,126.45999908447266,125.5199966430664,36017700.0,124.2193374633789
2019-05-08,126.37000274658203,124.75,125.44000244140625,125.51000213623047,28419000.0,124.2094497680664
2019-05-09,125.79000091552734,123.56999969482422,124.29000091552734,125.5,27235800.0,124.19955444335938
2019-05-10,127.93000030517578,123.81999969482422,124.91000366210938,127.12999725341797,30915100.0,125.81266021728516
2019-05-13,125.55000305175781,123.04000091552734,124.11000061035156,123.3499984741211,33944900.0,122.07183074951172
2019-05-14,125.87999725341797,123.69999694824219,123.87000274658203,124.7300033569336,25266300.0,123.43753814697266
2019-05-15,126.70999908447266,123.69999694824219,124.26000213623047,126.0199966430664,24722700.0,125.1758041381836
2019-05-16,129.3800048828125,126.45999908447266,126.75,128.92999267578125,30112200.0,128.06631469726562
2019-05-17,130.4600067138672,127.91999816894531,128.30999755859375,128.07000732421875,25770500.0,127.21208190917969
2019-05-20,127.58999633789062,125.76000213623047,126.5199966430664,126.22000122070312,23706900.0,125.37447357177734
2019-05-21,127.52999877929688,126.58000183105469,127.43000030517578,126.9000015258789,15293300.0,126.04991912841797
2019-05-22,128.24000549316406,126.5199966430664,126.62000274658203,127.66999816894531,15396500.0,126.81475830078125
2019-05-23,126.29000091552734,124.73999786376953,126.19999694824219,126.18000030517578,23603800.0,125.3347396850586
2019-05-24,127.41999816894531,125.97000122070312,126.91000366210938,126.23999786376953,14123400.0,125.39433288574219
2019-05-28,128.0,126.05000305175781,126.9800033569336,126.16000366210938,23128400.0,125.31488037109375
2019-05-29,125.38999938964844,124.04000091552734,125.37999725341797,124.94000244140625,22763100.0,124.10304260253906
2019-05-30,125.76000213623047,124.77999877929688,125.26000213623047,125.7300033569336,16829600.0,124.88775634765625
2019-05-31,124.62000274658203,123.31999969482422,124.2300033569336,123.68000030517578,26646800.0,122.85148620605469
2019-06-03,124.37000274658203,119.01000213623047,123.8499984741211,119.83999633789062,37983600.0,119.0372085571289
2019-06-04,123.27999877929688,120.6500015258789,121.27999877929688,123.16000366210938,29382600.0,122.33496856689453
2019-06-05,125.87000274658203,124.20999908447266,124.94999694824219,125.83000183105469,24926100.0,124.98709106445312
2019-06-06,127.97000122070312,125.5999984741211,126.44000244140625,127.81999969482422,21459000.0,126.96375274658203
2019-06-07,132.25,128.25999450683594,129.19000244140625,131.39999389648438,33885600.0,130.51976013183594
2019-06-10,134.0800018310547,132.0,132.39999389648438,132.60000610351562,26477100.0,131.71173095703125
2019-06-11,134.24000549316406,131.27999877929688,133.8800048828125,132.10000610351562,23913700.0,131.215087890625
2019-06-12,131.97000122070312,130.7100067138672,131.39999389648438,131.49000549316406,17084700.0,130.6091766357422
2019-06-13,133.0,131.55999755859375,131.97999572753906,132.32000732421875,17200800.0,131.43360900878906
2019-06-14,133.7899932861328,131.63999938964844,132.25999450683594,132.4499969482422,17821700.0,131.562744140625
2019-06-17,133.72999572753906,132.52999877929688,132.6300048828125,132.85000610351562,14517800.0,131.96006774902344
2019-06-18,135.24000549316406,133.57000732421875,134.19000244140625,135.16000366210938,25934500.0,134.25457763671875
2019-06-19,135.92999267578125,133.80999755859375,135.0,135.69000244140625,23744400.0,134.78102111816406
2019-06-20,137.66000366210938,135.72000122070312,137.4499969482422,136.9499969482422,33042600.0,136.03257751464844
2019-06-21,137.72999572753906,136.4600067138672,136.5800018310547,136.97000122070312,36727900.0,136.05245971679688
2019-06-24,138.39999389648438,137.0,137.0,137.77999877929688,20628800.0,136.85702514648438
2019-06-25,137.58999633789062,132.72999572753906,137.25,133.42999267578125,33327400.0,132.53616333007812
2019-06-26,135.74000549316406,133.60000610351562,134.35000610351562,133.92999267578125,23657700.0,133.03282165527344
2019-06-27,134.7100067138672,133.50999450683594,134.13999938964844,134.14999389648438,16557500.0,133.2513427734375
2019-06-28,134.60000610351562,133.16000366210938,134.57000732421875,133.9600067138672,30043000.0,133.0626220703125
2019-07-01,136.6999969482422,134.97000122070312,136.6300048828125,135.67999267578125,22654200.0,134.77110290527344
2019-07-02,136.58999633789062,135.33999633789062,136.1199951171875,136.5800018310547,15237800.0,135.6650848388672
2019-07-03,137.74000549316406,136.2899932861328,136.8000030517578,137.4600067138672,13629300.0,136.5391845703125
2019-07-05,137.3300018310547,135.72000122070312,135.94000244140625,137.05999755859375,18141100.0,136.141845703125
2019-07-08,137.10000610351562,135.3699951171875,136.39999389648438,136.9600067138672,16779700.0,136.0425262451172
2019-07-09,136.97000122070312,135.8000030517578,136.0,136.4600067138672,19953100.0,135.54588317871094
2019-07-10,138.5800018310547,137.02000427246094,137.1300048828125,137.85000610351562,24204400.0,136.9265594482422
2019-07-11,139.22000122070312,137.8699951171875,138.1999969482422,138.39999389648438,22327900.0,137.47286987304688
2019-07-12,139.1300048828125,138.00999450683594,138.85000610351562,138.89999389648438,18936800.0,137.9695281982422
2019-07-15,139.5399932861328,138.4600067138672,139.44000244140625,138.89999389648438,16651500.0,137.9695281982422
2019-07-16,139.0500030517578,136.52000427246094,138.9600067138672,137.0800018310547,22726100.0,136.16172790527344
2019-07-17,137.92999267578125,136.22000122070312,137.6999969482422,136.27000427246094,20211000.0,135.35716247558594
2019-07-18,136.6199951171875,134.6699981689453,135.5500030517578,136.4199981689453,30808700.0,135.50613403320312
2019-07-19,140.6699981689453,136.4499969482422,140.22000122070312,136.6199951171875,48992400.0,135.70480346679688
2019-07-22,139.19000244140625,137.3300018310547,137.41000366210938,138.42999267578125,25074900.0,137.50267028808594
2019-07-23,139.99000549316406,138.02999877929688,139.75999450683594,139.2899932861328,18034600.0,138.35690307617188
2019-07-24,140.74000549316406,138.85000610351562,138.89999389648438,140.72000122070312,20738300.0,139.77734375
2019-07-25,140.61000061035156,139.32000732421875,140.42999267578125,140.19000244140625,18356900.0,139.25088500976562
2019-07-26,141.67999267578125,140.3000030517578,140.3699951171875,141.33999633789062,19037600.0,140.3931884765625
2019-07-29,141.50999450683594,139.3699951171875,141.5,141.02999877929688,16605900.0,140.08526611328125
2019-07-30,141.22000122070312,139.8000030517578,140.13999938964844,140.35000610351562,16317800.0,139.40982055664062
2019-07-31,140.49000549316406,135.0800018310547,140.3300018310547,136.27000427246094,38598800.0,135.35716247558594
2019-08-01,140.94000244140625,136.92999267578125,137.0,138.05999755859375,40557500.0,137.13516235351562
2019-08-02,138.32000732421875,135.25999450683594,138.08999633789062,136.89999389648438,30791600.0,135.98292541503906
2019-08-05,133.92999267578125,130.77999877929688,133.3000030517578,132.2100067138672,42749600.0,131.32435607910156
2019-08-06,135.67999267578125,133.2100067138672,133.8000030517578,134.69000244140625,32696700.0,133.78773498535156
2019-08-07,135.64999389648438,131.8300018310547,133.7899932861328,135.27999877929688,33414500.0,134.373779296875
2019-08-08,138.99000549316406,135.92999267578125,136.60000610351562,138.88999938964844,27496500.0,137.9595947265625
2019-08-09,139.3800048828125,136.4600067138672,138.61000061035156,137.7100067138672,23466700.0,136.78750610351562
2019-08-12,137.86000061035156,135.24000549316406,137.07000732421875,135.7899932861328,20476600.0,134.88035583496094
2019-08-13,138.8000030517578,135.0,136.0500030517578,138.60000610351562,25154600.0,137.6715545654297
2019-08-14,136.9199981689453,133.6699981689453,136.36000061035156,133.97999572753906,32527300.0,133.525634765625
2019-08-15,134.5800018310547,132.25,134.38999938964844,133.67999267578125,28074400.0,133.22665405273438
2019-08-16,136.4600067138672,134.72000122070312,134.8800048828125,136.1300048828125,24449100.0,135.66836547851562
2019-08-19,138.5500030517578,136.88999938964844,137.85000610351562,138.41000366210938,24355700.0,137.9406280517578
2019-08-20,138.7100067138672,137.24000549316406,138.2100067138672,137.25999450683594,21170800.0,136.79452514648438
2019-08-21,139.49000549316406,138.0,138.5500030517578,138.7899932861328,14970300.0,138.31932067871094
2019-08-22,139.1999969482422,136.2899932861328,138.66000366210938,137.77999877929688,18697000.0,137.31275939941406
2019-08-23,138.35000610351562,132.8000030517578,137.19000244140625,133.38999938964844,38508600.0,132.93765258789062
2019-08-26,135.55999755859375,133.89999389648438,134.99000549316406,135.4499969482422,20312600.0,134.99066162109375
2019-08-27,136.72000122070312,134.66000366210938,136.38999938964844,135.74000549316406,23102100.0,135.27967834472656
2019-08-28,135.75999450683594,133.5500030517578,134.8800048828125,135.55999755859375,17393300.0,135.10028076171875
2019-08-29,138.44000244140625,136.91000366210938,137.25,138.1199951171875,20168700.0,137.65159606933594
2019-08-30,139.17999267578125,136.27000427246094,139.14999389648438,137.86000061035156,23940100.0,137.39248657226562
2019-09-03,137.1999969482422,135.6999969482422,136.61000061035156,136.0399932861328,18869300.0,135.5786590576172
2019-09-04,137.69000244140625,136.47999572753906,137.3000030517578,137.6300048828125,17995900.0,137.16326904296875
2019-09-05,140.3800048828125,138.75999450683594,139.11000061035156,140.0500030517578,26101800.0,139.57505798339844
2019-09-06,140.17999267578125,138.1999969482422,140.02999877929688,139.10000610351562,20824500.0,138.6282958984375
2019-09-09,139.75,136.4600067138672,139.58999633789062,137.52000427246094,25773900.0,137.05364990234375
2019-09-10,136.88999938964844,134.50999450683594,136.8000030517578,136.0800018310547,28903400.0,135.6185302734375
2019-09-11,136.27000427246094,135.08999633789062,135.91000366210938,136.1199951171875,24726100.0,135.65838623046875
2019-09-12,138.4199981689453,136.8699951171875,137.85000610351562,137.52000427246094,27010000.0,137.05364990234375
2019-09-13,138.05999755859375,136.57000732421875,137.77999877929688,137.32000732421875,23363100.0,136.8543243408203
2019-09-16,136.6999969482422,135.66000366210938,135.8300018310547,136.3300018310547,16731400.0,135.86767578125
2019-09-17,137.52000427246094,136.42999267578125,136.9600067138672,137.38999938964844,17814200.0,136.92408752441406
2019-09-18,138.6699981689453,136.52999877929688,137.36000061035156,138.52000427246094,23982100.0,138.0502471923828
2019-09-19,142.3699951171875,140.07000732421875,140.3000030517578,141.07000732421875,35772100.0,140.59161376953125
2019-09-20,141.64999389648438,138.25,141.00999450683594,139.44000244140625,39167300.0,138.96713256835938
2019-09-23,139.6300048828125,138.44000244140625,139.22999572753906,139.13999938964844,17139300.0,138.66815185546875
2019-09-24,140.69000244140625,136.8800048828125,140.36000061035156,137.3800048828125,29773200.0,136.91412353515625
2019-09-25,139.9600067138672,136.02999877929688,137.5,139.36000061035156,21382000.0,138.8874053955078
2019-09-26,140.17999267578125,138.44000244140625,139.44000244140625,139.5399932861328,17456600.0,139.06678771972656
2019-09-27,140.36000061035156,136.64999389648438,140.14999389648438,137.72999572753906,22477700.0,137.26292419433594
2019-09-30,139.22000122070312,137.77999877929688,138.0500030517578,139.02999877929688,17280900.0,138.5585174560547
2019-10-01,140.25,137.0,139.66000366210938,137.07000732421875,21466600.0,136.6051788330078
2019-10-02,136.3699951171875,133.5800018310547,136.25,134.64999389648438,30521700.0,134.19337463378906
2019-10-03,136.75,133.22000122070312,134.9499969482422,136.27999877929688,24132900.0,135.81784057617188
2019-10-04,138.25,136.4199981689453,136.75,138.1199951171875,22897700.0,137.65159606933594
2019-10-07,138.17999267578125,137.02000427246094,137.13999938964844,137.1199951171875,15303700.0,136.65499877929688
2019-10-08,137.75999450683594,135.6199951171875,137.0800018310547,135.6699981689453,25550500.0,135.2099151611328
2019-10-09,138.6999969482422,136.97000122070312,137.4600067138672,138.24000549316406,19749900.0,137.77120971679688
2019-10-10,139.6699981689453,138.25,138.49000549316406,139.10000610351562,17654600.0,138.6282958984375
2019-10-11,141.02999877929688,139.5,140.1199951171875,139.67999267578125,25446000.0,139.20631408691406
2019-10-14,140.2899932861328,139.52000427246094,139.69000244140625,139.5500030517578,13304300.0,139.07676696777344
2019-10-15,141.7899932861328,139.80999755859375,140.05999755859375,141.57000732421875,19695700.0,141.0899200439453
2019-10-16,140.99000549316406,139.52999877929688,140.7899932861328,140.41000366210938,20751600.0,139.933837890625
2019-10-17,141.4199981689453,139.02000427246094,140.9499969482422,139.69000244140625,21460600.0,139.21627807617188
2019-10-18,140.0,136.55999755859375,139.75999450683594,137.41000366210938,32273500.0,136.9440155029297
2019-10-21,138.5,137.00999450683594,138.4499969482422,138.42999267578125,20078200.0,137.96054077148438
2019-10-22,140.00999450683594,136.25999450683594,138.97000122070312,136.3699951171875,27431000.0,135.90753173828125
2019-10-23,137.4499969482422,135.61000061035156,136.8800048828125,137.24000549316406,29844600.0,136.77459716796875
2019-10-24,140.4199981689453,138.6699981689453,139.38999938964844,139.94000244140625,37029300.0,139.46543884277344
2019-10-25,141.13999938964844,139.1999969482422,139.33999633789062,140.72999572753906,25959700.0,140.25274658203125
2019-10-28,145.6699981689453,143.50999450683594,144.39999389648438,144.19000244140625,35280100.0,143.70101928710938
2019-10-29,144.5,142.64999389648438,144.0800018310547,142.8300018310547,20589500.0,142.34564208984375
2019-10-30,145.0,142.7899932861328,143.52000427246094,144.61000061035156,18496600.0,144.11959838867188
2019-10-31,144.92999267578125,142.99000549316406,144.89999389648438,143.3699951171875,24605100.0,142.88380432128906
2019-11-01,144.4199981689453,142.97000122070312,144.25999450683594,143.72000122070312,33128400.0,143.2326202392578
2019-11-04,145.0,144.16000366210938,144.8300018310547,144.5500030517578,16912000.0,144.05979919433594
2019-11-05,145.02000427246094,143.91000366210938,144.97000122070312,144.4600067138672,18250200.0,143.97010803222656
2019-11-06,144.52000427246094,143.1999969482422,144.3699951171875,144.05999755859375,16575800.0,143.5714569091797
2019-11-07,144.8800048828125,143.77000427246094,143.83999633789062,144.25999450683594,17786700.0,143.77078247070312
2019-11-08,145.99000549316406,143.75999450683594,143.97999572753906,145.9600067138672,16732700.0,145.46502685546875
2019-11-11,146.4199981689453,144.72999572753906,145.33999633789062,146.11000061035156,14362600.0,145.61451721191406
2019-11-12,147.57000732421875,146.05999755859375,146.27999877929688,147.07000732421875,18641600.0,146.57125854492188
2019-11-13,147.4600067138672,146.27999877929688,146.74000549316406,147.30999755859375,16919200.0,146.81044006347656
2019-11-14,148.41000366210938,147.0,147.02000427246094,148.05999755859375,19729800.0,147.55789184570312
2019-11-15,149.99000549316406,148.27000427246094,148.92999267578125,149.97000122070312,23485700.0,149.46142578125
2019-11-18,150.5500030517578,148.97999572753906,150.07000732421875,150.33999633789062,21534000.0,149.83016967773438
2019-11-19,151.3300018310547,150.1999969482422,150.8800048828125,150.38999938964844,23935700.0,149.87998962402344
2019-11-20,150.83999633789062,148.4600067138672,150.30999755859375,149.6199951171875,25696800.0,149.6199951171875
2019-11-21,149.8000030517578,148.5,149.39999389648438,149.47999572753906,18576100.0,149.47999572753906
2019-11-22,150.3000030517578,148.82000732421875,150.07000732421875,149.58999633789062,15901800.0,149.58999633789062
2019-11-25,151.35000610351562,149.9199981689453,150.0,151.22999572753906,22420900.0,151.22999572753906
2019-11-26,152.4199981689453,151.32000732421875,151.36000061035156,152.02999877929688,24620100.0,152.02999877929688
2019-11-27,152.5,151.52000427246094,152.3300018310547,152.32000732421875,15184400.0,152.32000732421875
2019-11-29,152.3000030517578,151.27999877929688,152.10000610351562,151.3800048828125,11977300.0,151.3800048828125
2019-12-02,151.8300018310547,148.32000732421875,151.80999755859375,149.5500030517578,27418400.0,149.5500030517578
2019-12-03,149.42999267578125,146.64999389648438,147.49000549316406,149.30999755859375,24066000.0,149.30999755859375
2019-12-04,150.17999267578125,149.1999969482422,150.13999938964844,149.85000610351562,17574700.0,149.85000610351562
2019-12-05,150.32000732421875,149.47999572753906,150.0500030517578,149.92999267578125,17869100.0,149.92999267578125
2019-12-06,151.8699951171875,150.27000427246094,150.99000549316406,151.75,16403500.0,151.75
2019-12-09,152.2100067138672,150.91000366210938,151.07000732421875,151.36000061035156,16687400.0,151.36000061035156
2019-12-10,151.88999938964844,150.75999450683594,151.2899932861328,151.1300048828125,16476100.0,151.1300048828125
2019-12-11,151.8699951171875,150.3300018310547,151.5399932861328,151.6999969482422,18856600.0,151.6999969482422
2019-12-12,153.44000244140625,151.02000427246094,151.64999389648438,153.24000549316406,24612100.0,153.24000549316406
2019-12-13,154.88999938964844,152.8300018310547,153.0,154.52999877929688,23845400.0,154.52999877929688
2019-12-16,155.89999389648438,154.82000732421875,155.11000061035156,155.52999877929688,24144200.0,155.52999877929688
2019-12-17,155.7100067138672,154.4499969482422,155.4499969482422,154.69000244140625,25425600.0,154.69000244140625
2019-12-18,155.47999572753906,154.17999267578125,154.3000030517578,154.3699951171875,24129200.0,154.3699951171875
2019-12-19,155.77000427246094,153.75,154.0,155.7100067138672,24958900.0,155.7100067138672
2019-12-20,158.49000549316406,156.2899932861328,157.35000610351562,157.41000366210938,53477500.0,157.41000366210938
2019-12-23,158.1199951171875,157.27000427246094,158.1199951171875,157.41000366210938,17718200.0,157.41000366210938
2019-12-24,157.7100067138672,157.1199951171875,157.47999572753906,157.3800048828125,8989200.0,157.3800048828125
2019-12-26,158.72999572753906,157.39999389648438,157.55999755859375,158.6699981689453,14520600.0,158.6699981689453
2019-12-27,159.5500030517578,158.22000122070312,159.4499969482422,158.9600067138672,18412800.0,158.9600067138672
2019-12-30,159.02000427246094,156.72999572753906,158.99000549316406,157.58999633789062,16348400.0,157.58999633789062
2019-12-31,157.77000427246094,156.4499969482422,156.77000427246094,157.6999969482422,18369400.0,157.6999969482422
2020-01-02,160.72999572753906,158.3300018310547,158.77999877929688,160.6199951171875,22622100.0,160.6199951171875
2020-01-03,159.9499969482422,158.05999755859375,158.32000732421875,158.6199951171875,21116200.0,158.6199951171875
2020-01-06,159.10000610351562,156.50999450683594,157.0800018310547,159.02999877929688,20813700.0,159.02999877929688
2020-01-07,159.6699981689453,157.32000732421875,159.32000732421875,157.5800018310547,21634100.0,157.5800018310547
2020-01-08,160.8000030517578,157.9499969482422,158.92999267578125,160.08999633789062,27746500.0,160.08999633789062
2020-01-09,162.22000122070312,161.02999877929688,161.83999633789062,162.08999633789062,21385000.0,162.08999633789062
2020-01-10,163.22000122070312,161.17999267578125,162.82000732421875,161.33999633789062,20725900.0,161.33999633789062
2020-01-13,163.30999755859375,161.25999450683594,161.75999450683594,163.27999877929688,21626500.0,163.27999877929688
2020-01-14,163.60000610351562,161.72000122070312,163.38999938964844,162.1300048828125,23477400.0,162.1300048828125
2020-01-15,163.94000244140625,162.57000732421875,162.6199951171875,163.17999267578125,21417900.0,163.17999267578125
2020-01-16,166.24000549316406,164.02999877929688,164.35000610351562,166.1699981689453,23865400.0,166.1699981689453
2020-01-17,167.47000122070312,165.42999267578125,167.4199981689453,167.10000610351562,34371700.0,167.10000610351562
2020-01-21,168.19000244140625,166.42999267578125,166.67999267578125,166.5,29517200.0,166.5
2020-01-22,167.49000549316406,165.67999267578125,167.39999389648438,165.6999969482422,24138800.0,165.6999969482422
2020-01-23,166.8000030517578,165.27000427246094,166.19000244140625,166.72000122070312,19680800.0,166.72000122070312
2020-01-24,167.52999877929688,164.4499969482422,167.50999450683594,165.0399932861328,24918100.0,165.0399932861328
2020-01-27,163.3800048828125,160.1999969482422,161.14999389648438,162.27999877929688,32078100.0,162.27999877929688
2020-01-28,165.75999450683594,163.07000732421875,163.77999877929688,165.4600067138672,24899900.0,165.4600067138672
2020-01-29,168.75,165.69000244140625,167.83999633789062,168.0399932861328,34754500.0,168.0399932861328
