Date,High,Low,Open,Close,Volume,Adj Close
2017-02-03,52.810001373291016,52.25,52.619998931884766,52.36000061035156,8850400.0,50.55767822265625
2017-02-06,52.79999923706055,52.04999923706055,52.09000015258789,52.79999923706055,7355200.0,50.98252868652344
2017-02-07,53.279998779296875,52.66999816894531,53.06999969482422,52.810001373291016,6446900.0,50.992183685302734
2017-02-08,53.939998626708984,52.70000076293945,52.7400016784668,53.880001068115234,9281100.0,52.025352478027344
2017-02-09,55.70000076293945,53.880001068115234,53.880001068115234,55.310001373291016,14345400.0,53.406131744384766
2017-02-10,56.470001220703125,55.630001068115234,55.630001068115234,56.220001220703125,14973400.0,54.284812927246094
2017-02-13,56.34000015258789,55.75,56.16999816894531,56.09000015258789,7679800.0,54.15927505493164
2017-02-14,56.689998626708984,55.83000183105469,55.91999816894531,56.45000076293945,8891400.0,54.50688934326172
2017-02-15,56.7599983215332,56.209999084472656,56.290000915527344,56.63999938964844,6652000.0,54.69034957885742
2017-02-16,56.91999816894531,56.099998474121094,56.880001068115234,56.290000915527344,8374200.0,54.352394104003906
2017-02-17,56.79999923706055,55.86000061035156,56.119998931884766,56.75,12638000.0,54.79656219482422
2017-02-21,57.45000076293945,56.20000076293945,56.380001068115234,57.36000061035156,10955000.0,55.38555908203125
2017-02-22,58.380001068115234,57.36000061035156,57.47999954223633,58.2400016784668,10914100.0,56.23527526855469
2017-02-23,58.400001525878906,57.27000045776367,58.11000061035156,57.38999938964844,12316300.0,55.4145393371582
2017-02-24,58.41999816894531,57.06999969482422,57.38999938964844,57.86000061035156,9684500.0,55.868350982666016
2017-02-27,57.83000183105469,57.349998474121094,57.650001525878906,57.689998626708984,4375700.0,55.70420455932617
2017-02-28,57.54999923706055,56.86000061035156,57.369998931884766,57.15999984741211,7951300.0,55.192447662353516
2017-03-01,58.029998779296875,57.33000183105469,57.86000061035156,57.95000076293945,8558900.0,55.955257415771484
2017-03-02,58.25,57.650001525878906,57.900001525878906,57.79999923706055,6438400.0,55.98431396484375
2017-03-03,57.79999923706055,56.5099983215332,57.79999923706055,56.70000076293945,9181600.0,54.91886901855469
2017-03-06,56.93000030517578,56.529998779296875,56.70000076293945,56.77000045776367,6896800.0,54.98666763305664
2017-03-07,56.9900016784668,56.02000045776367,56.709999084472656,56.54999923706055,7124400.0,54.773582458496094
2017-03-08,56.939998626708984,56.310001373291016,56.939998626708984,56.5099983215332,7604800.0,54.734832763671875
2017-03-09,56.65999984741211,56.09000015258789,56.61000061035156,56.36000061035156,6165700.0,54.58955383300781
2017-03-10,56.9900016784668,56.2599983215332,56.4900016784668,56.43000030517578,8882400.0,54.65735626220703
2017-03-13,56.81999969482422,56.11000061035156,56.43000030517578,56.66999816894531,7235900.0,54.889808654785156
2017-03-14,58.0099983215332,56.720001220703125,56.869998931884766,57.279998779296875,9286900.0,55.48064422607422
2017-03-15,57.9900016784668,56.75,57.630001068115234,57.65999984741211,10067500.0,55.848716735839844
2017-03-16,57.720001220703125,56.83000183105469,57.43000030517578,57.599998474121094,9895000.0,55.790592193603516
2017-03-17,57.88999938964844,57.310001373291016,57.77000045776367,57.79999923706055,10791500.0,55.98431396484375
2017-03-20,58.810001373291016,57.959999084472656,58.0,58.68000030517578,13352500.0,56.836666107177734
2017-03-21,59.0,57.720001220703125,58.779998779296875,58.0099983215332,15269800.0,56.18770980834961
2017-03-22,55.0,53.7599983215332,54.7599983215332,53.91999816894531,37413400.0,52.226192474365234
2017-03-23,55.54999923706055,54.52000045776367,54.61000061035156,55.369998931884766,23848300.0,53.63064956665039
2017-03-24,56.63999938964844,55.119998931884766,55.290000915527344,56.36000061035156,14438600.0,54.58955383300781
2017-03-27,56.25,55.540000915527344,55.63999938964844,55.93000030517578,8663600.0,54.17306137084961
2017-03-28,56.779998779296875,55.790000915527344,55.9900016784668,56.619998931884766,7823900.0,54.84138107299805
2017-03-29,57.099998474121094,56.349998474121094,56.40999984741211,56.68000030517578,7456200.0,54.89949035644531
2017-03-30,56.599998474121094,55.810001373291016,56.47999954223633,56.040000915527344,7210500.0,54.279598236083984
2017-03-31,56.029998779296875,55.650001525878906,56.0,55.72999954223633,5905600.0,53.97934341430664
2017-04-03,55.79999923706055,55.150001525878906,55.7400016784668,55.560001373291016,7088800.0,53.81468200683594
2017-04-04,55.29999923706055,54.83000183105469,55.150001525878906,55.040000915527344,8843300.0,53.31100845336914
2017-04-05,55.79999923706055,54.5,54.970001220703125,54.97999954223633,7722100.0,53.252899169921875
2017-04-06,55.939998626708984,54.939998626708984,55.06999969482422,55.13999938964844,6692200.0,53.40787124633789
2017-04-07,55.2400016784668,54.77000045776367,55.099998474121094,55.11000061035156,6078300.0,53.378814697265625
2017-04-10,55.33000183105469,54.720001220703125,55.0,54.900001525878906,5472700.0,53.175411224365234
2017-04-11,55.06999969482422,54.54999923706055,54.95000076293945,54.91999816894531,4348600.0,53.194786071777344
2017-04-12,55.619998931884766,54.5,54.65999984741211,55.56999969482422,8504100.0,53.824363708496094
2017-04-13,55.599998474121094,55.2599983215332,55.40999984741211,55.34000015258789,5282100.0,53.60159683227539
2017-04-17,56.34000015258789,55.25,55.31999969482422,56.2400016784668,7688700.0,54.47332000732422
2017-04-18,56.41999816894531,55.79999923706055,56.02000045776367,56.11000061035156,5651100.0,54.34739685058594
2017-04-19,56.220001220703125,55.7400016784668,56.15999984741211,55.86000061035156,5947700.0,54.10525894165039
2017-04-20,56.689998626708984,55.880001068115234,55.959999084472656,56.400001525878906,6867100.0,54.62828826904297
2017-04-21,56.380001068115234,55.68000030517578,56.290000915527344,55.849998474121094,6055600.0,54.09556198120117
2017-04-24,56.209999084472656,55.470001220703125,56.13999938964844,55.470001220703125,10777700.0,53.727516174316406
2017-04-25,55.77000045776367,55.40999984741211,55.529998779296875,55.45000076293945,8971000.0,53.708133697509766
2017-04-26,55.84000015258789,55.119998931884766,55.459999084472656,55.15999984741211,10936000.0,53.42724609375
2017-04-27,55.56999969482422,54.90999984741211,55.18000030517578,55.470001220703125,8558000.0,53.727516174316406
2017-04-28,55.529998779296875,55.13999938964844,55.43000030517578,55.40999984741211,6437700.0,53.669395446777344
2017-05-01,55.45000076293945,54.97999954223633,55.43000030517578,54.9900016784668,4881400.0,53.2625846862793
2017-05-02,55.15999984741211,54.790000915527344,55.119998931884766,55.06999969482422,7363600.0,53.34006881713867
2017-05-03,55.29999923706055,54.400001525878906,55.16999816894531,54.529998779296875,9474700.0,52.81703186035156
2017-05-04,54.83000183105469,54.20000076293945,54.68000030517578,54.470001220703125,6830600.0,52.75891876220703
2017-05-05,54.5,53.560001373291016,54.40999984741211,53.95000076293945,13379900.0,52.2552604675293
2017-05-08,54.5099983215332,53.83000183105469,54.18000030517578,54.29999923706055,8728100.0,52.59425735473633
2017-05-09,55.08000183105469,54.15999984741211,54.33000183105469,54.88999938964844,6441200.0,53.16572952270508
2017-05-10,55.060001373291016,54.5099983215332,54.90999984741211,54.560001373291016,5823000.0,52.84609603881836
2017-05-11,54.52000045776367,53.400001525878906,54.52000045776367,54.2400016784668,6499600.0,52.53615188598633
2017-05-12,54.38999938964844,53.790000915527344,54.099998474121094,54.20000076293945,5606300.0,52.49740219116211
2017-05-15,54.20000076293945,53.68000030517578,54.119998931884766,53.77000045776367,8201700.0,52.080909729003906
2017-05-16,53.380001068115234,52.119998931884766,52.369998931884766,52.779998779296875,14562700.0,51.12200927734375
2017-05-17,52.869998931884766,51.79999923706055,52.779998779296875,51.79999923706055,18341500.0,50.172786712646484
2017-05-18,52.08000183105469,51.29999923706055,51.970001220703125,51.68000030517578,22576500.0,50.05656051635742
2017-05-19,52.11000061035156,50.810001373291016,51.0,51.77000045776367,20047800.0,50.143733978271484
2017-05-22,51.959999084472656,51.400001525878906,51.77000045776367,51.56999969482422,13671500.0,49.950016021728516
2017-05-23,52.630001068115234,51.880001068115234,51.97999954223633,52.20000076293945,11087300.0,50.56023025512695
2017-05-24,52.29999923706055,51.7400016784668,52.25,52.0099983215332,9383600.0,50.376197814941406
2017-05-25,52.59000015258789,52.209999084472656,52.380001068115234,52.349998474121094,7627500.0,50.705509185791016
2017-05-26,52.7599983215332,52.22999954223633,52.349998474121094,52.59000015258789,5921300.0,50.93798065185547
2017-05-30,53.02000045776367,52.63999938964844,52.7599983215332,52.91999816894531,8039600.0,51.257606506347656
2017-05-31,53.279998779296875,52.709999084472656,53.02000045776367,52.9900016784668,8938800.0,51.32542037963867
2017-06-01,53.29999923706055,52.209999084472656,53.060001373291016,52.29999923706055,13352100.0,50.82974624633789
2017-06-02,53.0099983215332,52.36000061035156,52.70000076293945,52.97999954223633,18511200.0,51.490631103515625
2017-06-05,53.22999954223633,52.70000076293945,53.0,53.0099983215332,5748900.0,51.5197868347168
2017-06-06,53.099998474121094,52.43000030517578,52.900001525878906,52.47999954223633,8923000.0,51.00468826293945
2017-06-07,53.36000061035156,52.75,52.790000915527344,53.22999954223633,7438300.0,51.73359680175781
2017-06-08,54.13999938964844,53.150001525878906,53.22999954223633,53.20000076293945,7785600.0,51.70445251464844
2017-06-09,53.470001220703125,52.79999923706055,53.20000076293945,53.459999084472656,8347400.0,51.95713806152344
2017-06-12,54.25,53.5,53.5099983215332,54.029998779296875,9180000.0,52.511112213134766
2017-06-13,54.65999984741211,53.84000015258789,54.029998779296875,54.310001373291016,8720100.0,52.783241271972656
2017-06-14,54.66999816894531,53.95000076293945,54.47999954223633,54.65999984741211,6783900.0,53.12340545654297
2017-06-15,54.04999923706055,52.72999954223633,54.0,52.900001525878906,16041100.0,51.41288375854492
2017-06-16,51.84000015258789,50.790000915527344,51.75,51.099998474121094,25725500.0,49.66347885131836
2017-06-19,52.220001220703125,51.400001525878906,51.41999816894531,52.02000045776367,11265300.0,50.557621002197266
2017-06-20,52.130001068115234,51.099998474121094,52.04999923706055,51.560001373291016,10676500.0,50.110557556152344
2017-06-21,52.689998626708984,51.900001525878906,51.900001525878906,52.59000015258789,13021700.0,51.11159896850586
2017-06-22,52.619998931884766,52.09000015258789,52.599998474121094,52.400001525878906,10660700.0,50.92694091796875
2017-06-23,52.91999816894531,51.66999816894531,52.150001525878906,52.849998474121094,8522400.0,51.36428451538086
2017-06-26,53.56999969482422,52.66999816894531,52.95000076293945,53.279998779296875,7966200.0,51.78219223022461
2017-06-27,53.2599983215332,52.63999938964844,53.189998626708984,52.95000076293945,7873100.0,51.46147918701172
2017-06-28,53.61000061035156,52.959999084472656,53.16999816894531,53.36000061035156,7527200.0,51.859947204589844
2017-06-29,53.630001068115234,52.9900016784668,53.33000183105469,53.16999816894531,14801900.0,51.67528533935547
2017-06-30,59.709999084472656,56.5,56.599998474121094,59.0,46553000.0,57.341400146484375
2017-07-03,59.0099983215332,58.33000183105469,58.369998931884766,58.650001525878906,9910000.0,57.00123596191406
2017-07-05,58.290000915527344,57.5099983215332,58.2400016784668,57.560001373291016,16167000.0,55.94188690185547
2017-07-06,57.720001220703125,57.0,57.45000076293945,57.15999984741211,9035700.0,55.553123474121094
2017-07-07,58.08000183105469,57.029998779296875,57.400001525878906,57.97999954223633,8145400.0,56.350074768066406
2017-07-10,58.810001373291016,57.68000030517578,57.88999938964844,58.72999954223633,8942400.0,57.078983306884766
2017-07-11,58.93000030517578,58.040000915527344,58.540000915527344,58.18000030517578,7223000.0,56.54445266723633
2017-07-12,58.75,58.099998474121094,58.310001373291016,58.220001220703125,7243100.0,56.58332443237305
2017-07-13,58.58000183105469,57.93000030517578,58.220001220703125,57.939998626708984,8108600.0,56.31119155883789
2017-07-14,58.209999084472656,57.63999938964844,57.95000076293945,58.0,6345300.0,56.3695068359375
2017-07-17,58.349998474121094,57.7599983215332,58.0,57.790000915527344,6885000.0,56.16542053222656
2017-07-18,58.08000183105469,57.470001220703125,57.7400016784668,57.650001525878906,4922500.0,56.029354095458984
2017-07-19,57.880001068115234,57.38999938964844,57.599998474121094,57.77000045776367,4451100.0,56.14597702026367
2017-07-20,59.59000015258789,58.79999923706055,59.119998931884766,59.099998474121094,11915500.0,57.4385871887207
2017-07-21,60.0,58.90999984741211,59.0,59.95000076293945,11048300.0,58.26469039916992
2017-07-24,59.77000045776367,58.7599983215332,59.689998626708984,58.95000076293945,7498900.0,57.29280471801758
2017-07-25,59.52000045776367,58.91999816894531,59.31999969482422,59.38999938964844,5157100.0,57.72043228149414
2017-07-26,59.130001068115234,58.31999969482422,59.09000015258789,58.36000061035156,5529500.0,56.719390869140625
2017-07-27,58.68000030517578,57.9900016784668,58.599998474121094,58.150001525878906,8259900.0,56.51529312133789
2017-07-28,58.7400016784668,57.970001220703125,58.150001525878906,58.66999816894531,5112800.0,57.02067565917969
2017-07-31,59.119998931884766,58.33000183105469,58.709999084472656,59.04999923706055,6225900.0,57.389991760253906
2017-08-01,59.939998626708984,58.900001525878906,59.0,59.84000015258789,9051700.0,58.15778732299805
2017-08-02,59.95000076293945,59.27000045776367,59.54999923706055,59.790000915527344,4468100.0,58.109188079833984
2017-08-03,60.529998779296875,59.63999938964844,59.79999923706055,60.13999938964844,5677200.0,58.4493522644043
2017-08-04,60.34000015258789,59.630001068115234,60.16999816894531,59.7599983215332,4106000.0,58.08003234863281
2017-08-07,60.099998474121094,59.709999084472656,59.81999969482422,59.790000915527344,4066700.0,58.109188079833984
2017-08-08,60.119998931884766,59.36000061035156,59.880001068115234,59.459999084472656,5586400.0,57.78847122192383
2017-08-09,59.970001220703125,59.2599983215332,59.41999816894531,59.900001525878906,5310900.0,58.216094970703125
2017-08-10,59.689998626708984,59.060001373291016,59.68000030517578,59.06999969482422,5585100.0,57.40943145751953
2017-08-11,59.27000045776367,58.59000015258789,58.72999954223633,58.970001220703125,4980000.0,57.31224822998047
2017-08-14,60.0,59.130001068115234,59.150001525878906,59.779998779296875,5900000.0,58.09947204589844
2017-08-15,59.0099983215332,58.290000915527344,58.939998626708984,58.560001373291016,8913000.0,56.91376495361328
2017-08-16,59.04999923706055,58.220001220703125,58.900001525878906,58.540000915527344,5489600.0,56.89433288574219
2017-08-17,58.7400016784668,57.41999816894531,58.529998779296875,57.459999084472656,9148600.0,55.84469223022461
2017-08-18,55.41999816894531,54.16999816894531,54.849998474121094,54.95000076293945,22905200.0,53.40525436401367
2017-08-21,54.439998626708984,53.11000061035156,54.439998626708984,53.61000061035156,14289300.0,52.10292053222656
2017-08-22,54.40999984741211,53.790000915527344,53.91999816894531,54.130001068115234,8212800.0,52.60831069946289
2017-08-23,54.08000183105469,53.45000076293945,53.91999816894531,53.61000061035156,6409400.0,52.10292053222656
2017-08-24,53.970001220703125,53.459999084472656,53.93000030517578,53.84000015258789,5461900.0,52.32645034790039
2017-08-25,54.20000076293945,53.540000915527344,54.029998779296875,53.900001525878906,6416600.0,52.38478088378906
2017-08-28,54.43000030517578,53.619998931884766,54.06999969482422,53.72999954223633,5269400.0,52.219547271728516
2017-08-29,52.880001068115234,52.06999969482422,52.7400016784668,52.72999954223633,12539900.0,51.24766159057617
2017-08-30,52.959999084472656,52.25,52.79999923706055,52.560001373291016,7434500.0,51.08244323730469
2017-08-31,52.97999954223633,52.470001220703125,52.599998474121094,52.810001373291016,7728900.0,51.50178527832031
2017-09-01,53.45000076293945,52.900001525878906,53.0,53.36000061035156,5509800.0,52.03815841674805
2017-09-05,53.470001220703125,52.880001068115234,53.25,53.0099983215332,6306500.0,51.69683074951172
2017-09-06,53.34000015258789,52.709999084472656,53.119998931884766,52.7599983215332,7407600.0,51.45301818847656
2017-09-07,52.849998474121094,52.34000015258789,52.7599983215332,52.38999938964844,6905800.0,51.09218215942383
2017-09-08,52.5099983215332,52.11000061035156,52.25,52.20000076293945,8563300.0,50.906898498535156
2017-09-11,53.130001068115234,52.31999969482422,52.380001068115234,53.029998779296875,8649900.0,51.71633529663086
2017-09-12,54.09000015258789,53.29999923706055,53.77000045776367,53.400001525878906,7823700.0,52.077171325683594
2017-09-13,53.63999938964844,53.040000915527344,53.45000076293945,53.52000045776367,6086000.0,52.194190979003906
2017-09-14,53.88999938964844,53.119998931884766,53.540000915527344,53.72999954223633,7497400.0,52.39899444580078
2017-09-15,54.060001373291016,53.52000045776367,53.86000061035156,53.869998931884766,10046800.0,52.5355224609375
2017-09-18,54.15999984741211,53.400001525878906,53.869998931884766,53.5,8166400.0,52.1746940612793
2017-09-19,54.04999923706055,52.5099983215332,52.779998779296875,53.33000183105469,14707200.0,52.008907318115234
2017-09-20,53.63999938964844,53.040000915527344,53.4900016784668,53.560001373291016,7058000.0,52.233211517333984
2017-09-21,53.63999938964844,53.09000015258789,53.54999923706055,53.189998626708984,8065400.0,51.87237548828125
2017-09-22,53.61000061035156,52.79999923706055,53.02000045776367,53.2400016784668,10962400.0,51.921142578125
2017-09-25,53.560001373291016,53.0,53.08000183105469,53.22999954223633,12262400.0,51.911376953125
2017-09-26,53.970001220703125,52.97999954223633,53.18000030517578,53.70000076293945,16183700.0,52.3697395324707
2017-09-27,52.689998626708984,51.029998779296875,52.16999816894531,52.66999816894531,36202500.0,51.36524963378906
2017-09-28,53.029998779296875,52.33000183105469,52.79999923706055,52.630001068115234,11334700.0,51.32624053955078
2017-09-29,52.81999969482422,51.7599983215332,52.59000015258789,51.849998474121094,12189900.0,50.5655632019043
2017-10-02,52.209999084472656,51.65999984741211,52.15999984741211,51.869998931884766,7516200.0,50.58507537841797
2017-10-03,52.04999923706055,51.400001525878906,52.0,51.470001220703125,8126700.0,50.194984436035156
2017-10-04,52.130001068115234,51.400001525878906,51.5099983215332,52.08000183105469,8204300.0,50.78987121582031
2017-10-05,52.31999969482422,51.779998779296875,52.0099983215332,52.18000030517578,5287400.0,50.887393951416016
2017-10-06,52.459999084472656,52.119998931884766,52.20000076293945,52.41999816894531,5360300.0,51.12144470214844
2017-10-09,52.29999923706055,51.5,52.22999954223633,51.52000045776367,6875100.0,50.243743896484375
2017-10-10,51.81999969482422,51.369998931884766,51.58000183105469,51.529998779296875,8372700.0,50.25349426269531
2017-10-11,51.52000045776367,50.83000183105469,51.38999938964844,51.029998779296875,9109600.0,49.7658805847168
2017-10-12,51.119998931884766,50.349998474121094,50.97999954223633,50.83000183105469,10658400.0,49.570838928222656
2017-10-13,51.06999969482422,50.400001525878906,50.83000183105469,50.97999954223633,16227900.0,49.71711349487305
2017-10-16,51.40999984741211,50.63999938964844,50.79999923706055,51.369998931884766,9299300.0,50.09745407104492
2017-10-17,52.040000915527344,51.380001068115234,51.5,52.0,9492700.0,50.71185302734375
2017-10-18,52.400001525878906,52.099998474121094,52.18000030517578,52.29999923706055,10890300.0,51.004417419433594
2017-10-19,52.79999923706055,51.47999954223633,51.65999984741211,52.689998626708984,12568200.0,51.38475799560547
2017-10-20,53.5,52.790000915527344,52.790000915527344,53.060001373291016,13020900.0,51.7455940246582
2017-10-23,53.95000076293945,53.0,53.060001373291016,53.65999984741211,12242600.0,52.330726623535156
2017-10-24,54.0,53.099998474121094,53.900001525878906,53.41999816894531,14767600.0,52.09667205810547
2017-10-25,55.90999984741211,52.66999816894531,53.43000030517578,54.939998626708984,24804000.0,53.57902526855469
2017-10-26,57.25,55.13999938964844,55.2599983215332,56.810001373291016,22185100.0,55.40270233154297
2017-10-27,56.36000061035156,55.650001525878906,55.81999969482422,55.959999084472656,12801800.0,54.57374954223633
2017-10-30,55.93000030517578,54.84000015258789,55.709999084472656,55.27000045776367,10169400.0,53.90084457397461
2017-10-31,55.279998779296875,54.52000045776367,54.75,54.9900016784668,9794800.0,53.62778854370117
2017-11-01,55.5,54.849998474121094,55.41999816894531,55.06999969482422,7544500.0,53.70580291748047
2017-11-02,55.31999969482422,54.59000015258789,55.150001525878906,55.119998931884766,7250300.0,53.754554748535156
2017-11-03,55.720001220703125,55.040000915527344,55.150001525878906,55.709999084472656,9448200.0,54.3299446105957
2017-11-06,56.130001068115234,55.13999938964844,55.290000915527344,56.040000915527344,9332200.0,54.65176773071289
2017-11-07,56.02000045776367,55.02000045776367,55.75,55.150001525878906,7774700.0,53.78382110595703
2017-11-08,55.77000045776367,54.88999938964844,55.0,55.7599983215332,7079400.0,54.37870788574219
2017-11-09,56.349998474121094,55.310001373291016,55.5,56.130001068115234,10958500.0,54.73954391479492
2017-11-10,56.4900016784668,55.619998931884766,55.880001068115234,56.09000015258789,7535700.0,54.70053482055664
2017-11-13,56.09000015258789,55.65999984741211,55.65999984741211,55.90999984741211,10106100.0,54.52499771118164
2017-11-14,56.18000030517578,55.529998779296875,55.709999084472656,55.97999954223633,5037500.0,54.59325408935547
2017-11-15,56.869998931884766,55.08000183105469,55.959999084472656,56.630001068115234,6610500.0,55.2271614074707
2017-11-16,57.279998779296875,56.40999984741211,56.619998931884766,57.22999954223633,8233300.0,55.812294006347656
2017-11-17,59.529998779296875,58.369998931884766,58.540000915527344,59.189998626708984,15475500.0,57.72373580932617
2017-11-20,59.5,57.97999954223633,58.630001068115234,59.25,8480600.0,57.78225326538086
2017-11-21,59.400001525878906,58.93000030517578,59.029998779296875,59.38999938964844,9057800.0,57.918785095214844
2017-11-22,59.34000015258789,58.939998626708984,59.18000030517578,59.06999969482422,8501300.0,57.60670852661133
2017-11-24,59.349998474121094,58.90999984741211,59.0,59.31999969482422,3400400.0,57.850521087646484
2017-11-27,59.70000076293945,59.16999816894531,59.20000076293945,59.630001068115234,7891600.0,58.1528434753418
2017-11-28,59.599998474121094,58.540000915527344,58.7599983215332,59.58000183105469,8665300.0,58.10407257080078
2017-11-29,60.630001068115234,59.72999954223633,59.72999954223633,60.36000061035156,12022800.0,58.86476135253906
2017-11-30,61.209999084472656,60.20000076293945,60.2599983215332,60.41999816894531,12551200.0,58.92326354980469
2017-12-01,60.43000030517578,59.2400016784668,60.41999816894531,59.880001068115234,10113500.0,58.59059143066406
2017-12-04,60.70000076293945,59.970001220703125,60.27000045776367,60.099998474121094,7513200.0,58.805850982666016
2017-12-05,60.79999923706055,59.650001525878906,60.650001525878906,60.41999816894531,8862900.0,59.11895751953125
2017-12-06,60.849998474121094,59.70000076293945,60.40999984741211,59.720001220703125,7862200.0,58.43404006958008
2017-12-07,61.060001373291016,59.650001525878906,59.86000061035156,60.599998474121094,6113300.0,59.29508590698242
2017-12-08,61.369998931884766,60.290000915527344,60.5,61.29999923706055,6065200.0,59.98001480102539
2017-12-11,62.220001220703125,61.29999923706055,61.369998931884766,61.90999984741211,9017800.0,60.576873779296875
2017-12-12,62.529998779296875,61.650001525878906,61.810001373291016,62.16999816894531,7358000.0,60.83128356933594
2017-12-13,64.45999908447266,62.02000045776367,62.220001220703125,64.30000305175781,16072600.0,62.91542053222656
2017-12-14,64.8499984741211,64.05000305175781,64.43000030517578,64.52999877929688,13055100.0,63.14045715332031
2017-12-15,65.06999969482422,64.1500015258789,64.88999938964844,64.79000091552734,15659300.0,63.39485549926758
2017-12-18,65.08000183105469,64.38999938964844,64.93000030517578,64.80999755859375,12652000.0,63.4144287109375
2017-12-19,65.19000244140625,64.18000030517578,65.1500015258789,64.23999786376953,8212500.0,62.85670471191406
2017-12-20,64.5,63.58000183105469,64.38999938964844,63.59000015258789,12468600.0,62.220699310302734
2017-12-21,64.9800033569336,63.29999923706055,64.29000091552734,64.7699966430664,14352300.0,63.37528991699219
2017-12-22,63.540000915527344,60.130001068115234,61.20000076293945,63.290000915527344,20414200.0,61.927162170410156
2017-12-26,63.88999938964844,62.810001373291016,62.900001525878906,63.650001525878906,4563500.0,62.279415130615234
2017-12-27,63.599998474121094,62.77000045776367,63.560001373291016,62.95000076293945,8959700.0,61.594482421875
2017-12-28,63.31999969482422,62.849998474121094,63.0,62.95000076293945,3987200.0,61.594482421875
2017-12-29,63.369998931884766,62.54999923706055,63.209999084472656,62.54999923706055,5222100.0,61.203094482421875
2018-01-02,63.4900016784668,62.849998474121094,62.849998474121094,63.4900016784668,6511000.0,62.12285232543945
2018-01-03,63.65999984741211,62.7599983215332,63.47999954223633,63.47999954223633,6091100.0,62.11307144165039
2018-01-04,63.54999923706055,62.54999923706055,63.400001525878906,63.439998626708984,5780500.0,62.07393264770508
2018-01-05,64.30000305175781,63.470001220703125,63.70000076293945,63.97999954223633,11632300.0,62.60230255126953
2018-01-08,64.70999908447266,63.97999954223633,64.1500015258789,64.55000305175781,11905700.0,63.160037994384766
2018-01-09,64.72000122070312,63.470001220703125,64.2300033569336,64.08999633789062,8771300.0,62.709930419921875
2018-01-10,64.2300033569336,63.439998626708984,63.880001068115234,64.22000122070312,5010600.0,62.83714294433594
2018-01-11,64.30999755859375,63.779998779296875,64.02999877929688,64.29000091552734,5103500.0,62.90563201904297
2018-01-12,64.72000122070312,64.31999969482422,64.5,64.66999816894531,5135700.0,63.27744674682617
2018-01-16,65.36000061035156,63.369998931884766,64.77999877929688,63.41999816894531,9117000.0,62.05436325073242
2018-01-17,64.01000213623047,63.08000183105469,63.66999816894531,63.810001373291016,7422600.0,62.43596267700195
2018-01-18,64.20999908447266,63.540000915527344,64.0,64.11000061035156,5656900.0,62.7295036315918
2018-01-19,67.23999786376953,65.12000274658203,65.30999755859375,67.20999908447266,12896100.0,65.76276397705078
2018-01-22,66.83000183105469,65.76000213623047,66.55000305175781,66.38999938964844,8491800.0,64.96041870117188
2018-01-23,67.33000183105469,66.44000244140625,66.52999877929688,67.13999938964844,6412000.0,65.69425201416016
2018-01-24,68.18000030517578,67.06999969482422,67.33999633789062,68.0,7421800.0,66.5357437133789
2018-01-25,68.63999938964844,67.44999694824219,68.12999725341797,67.70999908447266,5707600.0,66.25199127197266
2018-01-26,68.63999938964844,67.91999816894531,68.19999694824219,68.04000091552734,6290500.0,66.57488250732422
2018-01-29,68.13999938964844,67.41999816894531,67.81999969482422,67.58000183105469,5067300.0,66.12478637695312
2018-01-30,68.30999755859375,67.16000366210938,67.5,67.33000183105469,6350500.0,65.88016510009766
2018-01-31,68.83000183105469,67.47000122070312,67.5,68.22000122070312,11036400.0,66.75100708007812
2018-02-01,67.97000122070312,66.69999694824219,67.66999816894531,67.6500015258789,5790500.0,66.19326782226562
2018-02-02,67.79000091552734,67.0,67.22000122070312,67.22000122070312,9348300.0,65.77253723144531
2018-02-05,67.20999908447266,64.38999938964844,66.62999725341797,64.38999938964844,12549500.0,63.003475189208984
2018-02-06,65.41999816894531,62.09000015258789,62.47999954223633,65.22000122070312,13356700.0,63.81560134887695
2018-02-07,66.83999633789062,65.0999984741211,65.1500015258789,65.62999725341797,8845700.0,64.21676635742188
2018-02-08,65.70999908447266,62.459999084472656,65.52999877929688,62.4900016784668,14121800.0,61.14439010620117
2018-02-09,66.05000305175781,62.84000015258789,63.7599983215332,65.48999786376953,13733300.0,64.07979583740234
2018-02-12,66.81999969482422,65.68000030517578,65.94000244140625,65.9800033569336,9792200.0,64.55924224853516
2018-02-13,66.2300033569336,65.43000030517578,65.8499984741211,65.87000274658203,9538400.0,64.45160675048828
2018-02-14,68.02999877929688,65.55000305175781,65.72000122070312,67.95999908447266,8662600.0,66.49659729003906
2018-02-15,68.76000213623047,67.25,68.38999938964844,68.29000091552734,7390200.0,66.81949615478516
2018-02-16,69.0,67.73999786376953,67.9000015258789,68.30000305175781,6842100.0,66.82928466796875
2018-02-20,67.97000122070312,67.05000305175781,67.63999938964844,67.48999786376953,4859100.0,66.03672790527344
2018-02-21,68.0199966430664,67.02999877929688,67.66000366210938,67.05000305175781,5107900.0,65.606201171875
2018-02-22,67.4800033569336,66.73999786376953,67.25,67.12999725341797,6515800.0,65.68446350097656
2018-02-23,68.16000366210938,66.8499984741211,67.38999938964844,68.16000366210938,4428500.0,66.69229888916016
2018-02-26,69.80999755859375,68.33999633789062,68.38999938964844,69.6500015258789,6499500.0,68.15020751953125
2018-02-27,70.25,68.02999877929688,70.0,68.02999877929688,6843100.0,66.56509399414062
2018-02-28,68.30000305175781,67.01000213623047,68.0999984741211,67.02999877929688,6091800.0,65.58663177490234
2018-03-01,67.66999816894531,65.66999816894531,67.23999786376953,66.31999969482422,7323900.0,64.89191436767578
2018-03-02,66.08999633789062,64.20999908447266,64.91000366210938,65.88999938964844,8380500.0,64.66618347167969
2018-03-05,65.48999786376953,64.33999633789062,65.4800033569336,65.05000305175781,8838400.0,63.841793060302734
2018-03-06,65.36000061035156,64.62999725341797,65.20999908447266,65.23999786376953,6550100.0,64.02825927734375
2018-03-07,64.79000091552734,63.88999938964844,64.51000213623047,64.16999816894531,6457600.0,62.9781379699707
2018-03-08,65.25,64.4800033569336,64.55999755859375,65.11000061035156,5573000.0,63.90067672729492
2018-03-09,66.51000213623047,65.36000061035156,65.51000213623047,66.30000305175781,5838400.0,65.0685806274414
2018-03-12,67.61000061035156,66.31999969482422,66.6500015258789,66.81999969482422,7522700.0,65.57892608642578
2018-03-13,67.69000244140625,66.12999725341797,67.30000305175781,66.16999816894531,5167300.0,64.94099426269531
2018-03-14,66.9000015258789,65.66999816894531,66.6500015258789,66.19999694824219,6463800.0,64.97042846679688
2018-03-15,66.61000061035156,66.12999725341797,66.48999786376953,66.38999938964844,5260800.0,65.15691375732422
2018-03-16,66.69000244140625,65.91000366210938,66.30999755859375,65.91000366210938,12860900.0,64.68582153320312
2018-03-19,66.33999633789062,65.19000244140625,65.69999694824219,65.70999908447266,7255600.0,64.4895248413086
2018-03-20,66.87000274658203,65.93000030517578,65.94000244140625,66.80000305175781,6906200.0,65.55928802490234
2018-03-21,67.20999908447266,66.30999755859375,66.7300033569336,66.3499984741211,5805200.0,65.11764526367188
2018-03-22,66.1500015258789,64.2300033569336,65.5999984741211,64.41999816894531,12313300.0,63.22349166870117
2018-03-23,67.11000061035156,64.45999908447266,66.69999694824219,64.62999725341797,17343800.0,63.429588317871094
2018-03-26,66.05999755859375,64.98999786376953,65.08000183105469,65.9000015258789,10796000.0,64.6760025024414
2018-03-27,67.63999938964844,65.43000030517578,65.88999938964844,66.16999816894531,9452500.0,64.94099426269531
2018-03-28,67.1500015258789,65.2699966430664,66.58999633789062,65.44000244140625,7208400.0,64.22454833984375
2018-03-29,66.55000305175781,65.61000061035156,65.69999694824219,66.44000244140625,10748300.0,65.20597839355469
2018-04-02,66.05000305175781,63.209999084472656,65.97000122070312,64.12000274658203,12383900.0,62.9290657043457
2018-04-03,66.7300033569336,64.36000061035156,64.47000122070312,66.69999694824219,8766400.0,65.46114349365234
2018-04-04,68.5,65.93000030517578,65.97000122070312,68.41999816894531,10275800.0,67.1491928100586
2018-04-05,69.77999877929688,68.38999938964844,68.5,69.58999633789062,9093300.0,68.29747009277344
2018-04-06,69.30999755859375,66.93000030517578,68.51000213623047,67.55000305175781,9719300.0,66.29535675048828
2018-04-09,68.55000305175781,67.1500015258789,68.38999938964844,67.18000030517578,6504500.0,65.9322280883789
2018-04-10,67.87999725341797,66.48999786376953,67.80999755859375,67.0,10098900.0,65.75556945800781
2018-04-11,67.19999694824219,66.5199966430664,66.58000183105469,66.83000183105469,5185500.0,65.58872985839844
2018-04-12,68.0,67.06999969482422,67.06999969482422,67.7699966430664,5145300.0,66.51126861572266
2018-04-13,68.33000183105469,66.9800033569336,68.12000274658203,67.25,4300200.0,66.00093078613281
2018-04-16,67.9800033569336,67.05999755859375,67.80999755859375,67.05999755859375,6484400.0,65.814453125
2018-04-17,67.66999816894531,67.27999877929688,67.37000274658203,67.51000213623047,5605700.0,66.256103515625
2018-04-18,67.73999786376953,66.16000366210938,67.52999877929688,66.19999694824219,7384000.0,64.97042846679688
2018-04-19,66.30000305175781,64.98999786376953,66.02999877929688,65.7300033569336,8274300.0,64.50916290283203
2018-04-20,66.11000061035156,65.44999694824219,65.75,66.08999633789062,10402800.0,64.86248016357422
2018-04-23,67.02999877929688,65.94999694824219,66.0,66.87999725341797,6338400.0,65.63780212402344
2018-04-24,67.51000213623047,66.72000122070312,67.30999755859375,66.97000122070312,8176100.0,65.72613525390625
2018-04-25,67.0,66.25,66.83999633789062,66.66999816894531,5188900.0,65.43170928955078
2018-04-26,68.29000091552734,66.63999938964844,66.77999877929688,68.05000305175781,5355200.0,66.78607940673828
2018-04-27,70.0,68.44999694824219,68.47000122070312,69.55999755859375,7814900.0,68.26803588867188
2018-04-30,69.80999755859375,68.38999938964844,69.58000183105469,68.38999938964844,6484100.0,67.11976623535156
2018-05-01,68.20999908447266,67.02999877929688,67.9800033569336,68.0999984741211,4957800.0,66.83514404296875
2018-05-02,68.55999755859375,67.4800033569336,68.04000091552734,68.26000213623047,5752100.0,66.9921646118164
2018-05-03,67.8499984741211,66.63999938964844,67.80000305175781,66.9000015258789,6155900.0,65.65744018554688
2018-05-04,68.33000183105469,66.80000305175781,66.83999633789062,68.0999984741211,5132900.0,66.83514404296875
2018-05-07,69.41999816894531,68.05999755859375,68.05999755859375,69.33999633789062,5041600.0,68.05210876464844
2018-05-08,69.2300033569336,68.19999694824219,69.19999694824219,68.45999908447266,6534900.0,67.1884536743164
2018-05-09,68.47000122070312,67.01000213623047,68.41999816894531,67.94999694824219,7956300.0,66.68791961669922
2018-05-10,68.2699966430664,67.33000183105469,68.13999938964844,67.91999816894531,4965200.0,66.65847778320312
2018-05-11,68.52999877929688,67.91000366210938,68.02999877929688,68.43000030517578,4145100.0,67.15901184082031
2018-05-14,68.88999938964844,68.11000061035156,68.5999984741211,68.83999633789062,3453800.0,67.56139373779297
2018-05-15,69.5199966430664,68.2300033569336,68.30999755859375,69.5,5045000.0,68.20913696289062
2018-05-16,71.51000213623047,69.62000274658203,69.66999816894531,71.33999633789062,9693000.0,70.01496124267578
2018-05-17,71.5999984741211,70.81999969482422,71.4000015258789,70.94000244140625,6064700.0,69.62240600585938
2018-05-18,71.58999633789062,70.47000122070312,70.76000213623047,71.31999969482422,5688100.0,69.99533081054688
2018-05-21,71.69999694824219,70.70999908447266,71.4800033569336,71.37999725341797,5480700.0,70.05421447753906
2018-05-22,72.19000244140625,71.26000213623047,71.45999908447266,71.30999755859375,5675300.0,69.98551940917969
2018-05-23,71.91999816894531,70.83000183105469,70.94999694824219,71.33999633789062,6806400.0,70.01496124267578
2018-05-24,72.27999877929688,71.31999969482422,71.43000030517578,72.18000030517578,5613800.0,70.83936309814453
2018-05-25,73.48999786376953,71.62999725341797,73.0999984741211,72.25,5889700.0,70.9080581665039
2018-05-29,71.61000061035156,70.43000030517578,71.5199966430664,70.91999816894531,5857900.0,69.60276794433594
2018-05-30,72.29000091552734,70.94000244140625,71.45999908447266,72.2300033569336,5799900.0,70.88843536376953
2018-05-31,72.22000122070312,71.23999786376953,72.0,71.80000305175781,7856200.0,70.46641540527344
2018-06-01,72.94999694824219,72.12000274658203,72.12000274658203,72.76000213623047,4085900.0,71.60806274414062
2018-06-04,73.87000274658203,72.79000091552734,73.0,73.83000183105469,4581900.0,72.6611099243164
2018-06-05,74.22000122070312,73.13999938964844,73.61000061035156,74.05000305175781,4928700.0,72.87762451171875
2018-06-06,74.94000244140625,74.19000244140625,74.37999725341797,74.75,5318100.0,73.5665512084961
2018-06-07,75.91000366210938,74.6500015258789,74.94999694824219,74.76000213623047,6846300.0,73.57640075683594
2018-06-08,75.06999969482422,74.30000305175781,74.77999877929688,74.9000015258789,5524900.0,73.71417236328125
2018-06-11,75.20999908447266,74.54000091552734,75.05999755859375,74.58999633789062,4902800.0,73.4090805053711
2018-06-12,74.61000061035156,74.06999969482422,74.41999816894531,74.29000091552734,4356500.0,73.11383819580078
2018-06-13,74.9000015258789,73.98999786376953,74.2699966430664,74.11000061035156,4696200.0,72.93668365478516
2018-06-14,75.1500015258789,74.3499984741211,74.5999984741211,74.69999694824219,4636000.0,73.51734924316406
2018-06-15,75.8499984741211,74.5,74.70999908447266,75.83999633789062,10977300.0,74.63928985595703
2018-06-18,75.76000213623047,74.91000366210938,75.27999877929688,75.61000061035156,4515900.0,74.41293334960938
2018-06-19,74.91999816894531,73.6500015258789,74.5,74.26000213623047,7562200.0,73.08431243896484
2018-06-20,74.91000366210938,73.97000122070312,74.19999694824219,74.72000122070312,4424900.0,73.53702545166016
2018-06-21,74.79000091552734,73.55000305175781,73.69999694824219,73.94000244140625,5537900.0,72.76937103271484
2018-06-22,74.41000366210938,73.20999908447266,73.56999969482422,73.43000030517578,9404900.0,72.26744842529297
2018-06-25,73.36000061035156,72.02999877929688,73.31999969482422,72.3499984741211,9064100.0,71.20455169677734
2018-06-26,73.29000091552734,72.3499984741211,72.5,72.55999755859375,7072600.0,71.41122436523438
2018-06-27,72.94999694824219,71.1500015258789,72.7300033569336,71.3499984741211,7624700.0,70.22038269042969
2018-06-28,72.12000274658203,71.3499984741211,71.44999694824219,71.69999694824219,9118500.0,70.56482696533203
2018-06-29,81.0,78.36000061035156,78.76000213623047,79.68000030517578,31314100.0,78.41849517822266
2018-07-02,79.4800033569336,77.0199966430664,78.58000183105469,78.3499984741211,11867000.0,77.10955047607422
2018-07-03,77.88999938964844,76.0999984741211,77.41000366210938,76.27999877929688,5794900.0,75.07231903076172
2018-07-05,77.41999816894531,76.13999938964844,76.62000274658203,76.55000305175781,6534500.0,75.33805084228516
2018-07-06,77.08000183105469,76.06999969482422,76.4800033569336,76.4800033569336,5916200.0,75.26915740966797
2018-07-09,77.37999725341797,76.3499984741211,76.83999633789062,77.27999877929688,4871400.0,76.05648803710938
2018-07-10,78.08999633789062,77.16000366210938,77.44000244140625,77.56999969482422,6281800.0,76.34191131591797
2018-07-11,77.63999938964844,76.83000183105469,77.12999725341797,77.36000061035156,3656600.0,76.1352310180664
2018-07-12,78.18000030517578,77.2300033569336,77.94000244140625,77.37000274658203,4879200.0,76.14507293701172
2018-07-13,77.61000061035156,77.13999938964844,77.19999694824219,77.37999725341797,2963100.0,76.15489959716797
2018-07-16,78.0999984741211,77.30000305175781,77.36000061035156,77.75,4755100.0,76.5190658569336
2018-07-17,78.0199966430664,77.4000015258789,77.51000213623047,77.47000122070312,4355400.0,76.24348449707031
2018-07-18,77.62000274658203,76.31999969482422,77.43000030517578,76.58999633789062,6101600.0,75.37740325927734
2018-07-19,77.16000366210938,75.80000305175781,75.93000030517578,76.94999694824219,4875100.0,75.7317123413086
2018-07-20,77.08000183105469,76.16000366210938,76.30999755859375,76.95999908447266,5246400.0,75.7415542602539
2018-07-23,76.94999694824219,76.12999725341797,76.70999908447266,76.58999633789062,4198200.0,75.37740325927734
2018-07-24,77.08999633789062,75.44000244140625,76.8499984741211,75.52999877929688,6054000.0,74.33419799804688
2018-07-25,77.18000030517578,75.05999755859375,75.23999786376953,77.16000366210938,5542400.0,75.93840789794922
2018-07-26,78.44000244140625,76.81999969482422,77.0,78.1500015258789,6706200.0,76.9127197265625
2018-07-27,78.41000366210938,76.79000091552734,78.16999816894531,76.88999938964844,6125700.0,75.67266082763672
2018-07-30,76.95999908447266,75.43000030517578,76.87999725341797,75.95999908447266,7275300.0,74.75738525390625
2018-07-31,77.58999633789062,76.16000366210938,76.44000244140625,76.91000366210938,8265600.0,75.6923599243164
2018-08-01,78.05999755859375,76.5,76.5,77.54000091552734,6878300.0,76.31238555908203
2018-08-02,79.06999969482422,77.4000015258789,77.7699966430664,78.6500015258789,5313800.0,77.40480041503906
2018-08-03,78.9800033569336,78.44000244140625,78.7300033569336,78.73999786376953,3762100.0,77.49337768554688
2018-08-06,79.58000183105469,78.43000030517578,78.73999786376953,79.51000213623047,4280600.0,78.2511978149414
2018-08-07,80.62999725341797,79.2699966430664,79.7300033569336,80.52999877929688,5418900.0,79.25503540039062
2018-08-08,81.08000183105469,80.04000091552734,80.20999908447266,80.5,5327100.0,79.22551727294922
2018-08-09,81.87999725341797,80.41000366210938,80.48999786376953,81.26000213623047,4558500.0,79.97347259521484
2018-08-10,81.29000091552734,80.29000091552734,80.81999969482422,80.7300033569336,5036700.0,79.4518814086914
2018-08-13,81.1500015258789,80.01000213623047,80.81999969482422,80.1500015258789,4101200.0,78.88106536865234
2018-08-14,80.8499984741211,79.68000030517578,80.33000183105469,80.13999938964844,6079700.0,78.87120819091797
2018-08-15,79.86000061035156,79.12000274658203,79.56999969482422,79.56999969482422,5057200.0,78.31023406982422
2018-08-16,80.61000061035156,79.80000305175781,79.9000015258789,80.05000305175781,5475800.0,78.78264617919922
2018-08-17,80.44000244140625,79.68000030517578,80.04000091552734,79.75,9001400.0,78.48738861083984
2018-08-20,82.41999816894531,80.94999694824219,81.5199966430664,82.18000030517578,9345200.0,80.87891387939453
2018-08-21,83.08000183105469,82.0199966430664,82.30999755859375,82.94999694824219,6337000.0,81.63672637939453
2018-08-22,83.68000030517578,82.27999877929688,83.0999984741211,82.63999938964844,4308300.0,81.33163452148438
2018-08-23,83.56999969482422,82.33999633789062,82.43000030517578,82.91000366210938,4156900.0,81.59735107421875
2018-08-24,82.87999725341797,82.0999984741211,82.41999816894531,82.44999694824219,3453000.0,81.1446304321289
2018-08-27,83.44999694824219,82.2300033569336,83.04000091552734,82.6500015258789,4012400.0,81.34147644042969
2018-08-28,83.62999725341797,82.4800033569336,83.2300033569336,82.58000183105469,3788800.0,81.27259063720703
2018-08-29,83.0999984741211,82.22000122070312,82.41999816894531,82.79000091552734,5712400.0,81.47926330566406
2018-08-30,82.76000213623047,81.01000213623047,82.58000183105469,81.4000015258789,7122100.0,80.11125183105469
2018-08-31,82.25,81.25,81.25,82.19999694824219,5177100.0,81.09785461425781
2018-09-04,80.97000122070312,79.0,79.38999938964844,79.5999984741211,18565800.0,78.53271484375
2018-09-05,80.31999969482422,79.30000305175781,79.6500015258789,79.91999816894531,12269100.0,78.84843444824219
2018-09-06,80.83999633789062,79.7699966430664,80.16999816894531,80.4000015258789,8576900.0,79.3219985961914
2018-09-07,81.16000366210938,80.01000213623047,80.01000213623047,80.30000305175781,6633900.0,79.22332763671875
2018-09-10,82.44000244140625,81.22000122070312,81.38999938964844,82.0999984741211,6965600.0,80.99920654296875
2018-09-11,83.58000183105469,82.55000305175781,83.19999694824219,82.62999725341797,7166800.0,81.5220947265625
2018-09-12,83.04000091552734,82.04000091552734,82.69999694824219,83.0,5384300.0,81.88713073730469
2018-09-13,83.9000015258789,83.12000274658203,83.20999908447266,83.47000122070312,5382100.0,82.350830078125
2018-09-14,83.83999633789062,83.05999755859375,83.58000183105469,83.48999786376953,4884400.0,82.37055969238281
2018-09-17,83.93000030517578,82.94000244140625,83.48999786376953,83.26000213623047,4861100.0,82.14364624023438
2018-09-18,85.3499984741211,83.23999786376953,83.23999786376953,85.26000213623047,7277700.0,84.11682891845703
2018-09-19,85.8499984741211,84.12000274658203,85.69000244140625,84.43000030517578,8053100.0,83.2979507446289
2018-09-20,85.87000274658203,84.93000030517578,85.08999633789062,85.37000274658203,6620300.0,84.22535705566406
2018-09-21,86.04000091552734,85.01000213623047,86.0,85.55000305175781,13852700.0,84.4029541015625
2018-09-24,85.26000213623047,84.25,85.16000366210938,84.2699966430664,8770400.0,83.14009857177734
2018-09-25,85.0999984741211,84.06999969482422,84.86000061035156,84.79000091552734,10519500.0,83.65313720703125
2018-09-26,84.7300033569336,81.94999694824219,82.61000061035156,83.69999694824219,16357100.0,82.57775115966797
2018-09-27,84.91999816894531,83.7300033569336,83.7699966430664,84.54000091552734,6080600.0,83.40647888183594
2018-09-28,85.2699966430664,84.25,84.29000091552734,84.72000122070312,7452700.0,83.58407592773438
2018-10-01,85.8499984741211,84.37000274658203,85.0999984741211,84.45999908447266,7876400.0,83.32755279541016
2018-10-02,84.55000305175781,82.5,84.33999633789062,82.7699966430664,8446900.0,81.66020965576172
2018-10-03,82.95999908447266,81.75,81.93000030517578,82.5,10046700.0,81.39383697509766
2018-10-04,82.4800033569336,80.0199966430664,82.33999633789062,80.18000030517578,9161100.0,79.10494995117188
2018-10-05,80.98999786376953,79.43000030517578,80.08999633789062,80.12000274658203,7019100.0,79.0457534790039
2018-10-08,80.54000091552734,79.08000183105469,80.04000091552734,80.2300033569336,8058700.0,79.15428161621094
2018-10-09,81.48999786376953,80.16000366210938,80.37000274658203,80.41999816894531,7643400.0,79.34172821044922
2018-10-10,80.04000091552734,74.7699966430664,79.66000366210938,74.94000244140625,12977800.0,73.9352035522461
2018-10-11,77.06999969482422,73.9000015258789,74.7699966430664,74.51000213623047,11532100.0,73.51097106933594
2018-10-12,76.86000061035156,74.91000366210938,75.97000122070312,75.91000366210938,10393800.0,74.89219665527344
2018-10-15,76.16000366210938,74.97000122070312,75.7699966430664,74.98999786376953,5789000.0,73.98452758789062
2018-10-16,77.6500015258789,75.31999969482422,75.5999984741211,77.4800033569336,7744200.0,76.44114685058594
2018-10-17,77.80000305175781,75.94000244140625,77.5199966430664,76.4800033569336,6816900.0,75.45455169677734
2018-10-18,77.41000366210938,75.0,77.4000015258789,75.5999984741211,7622200.0,74.58634948730469
2018-10-19,76.05000305175781,74.13999938964844,75.83000183105469,74.20999908447266,7301200.0,73.2149887084961
2018-10-22,75.20999908447266,74.30000305175781,74.6500015258789,74.9000015258789,7042500.0,73.89573669433594
2018-10-23,74.37999725341797,72.06999969482422,74.19000244140625,73.3499984741211,11423800.0,72.36651611328125
2018-10-24,74.61000061035156,71.94999694824219,73.47000122070312,72.12000274658203,8333900.0,71.15301513671875
2018-10-25,73.5,72.2300033569336,72.69000244140625,73.0999984741211,7648000.0,72.11986541748047
2018-10-26,72.70999908447266,70.69000244140625,72.0,72.06999969482422,8371100.0,71.10368347167969
2018-10-29,74.01000213623047,71.38999938964844,73.26000213623047,72.19000244140625,9874200.0,71.22207641601562
2018-10-30,74.63999938964844,72.80999755859375,73.06999969482422,74.51000213623047,9470000.0,73.51097106933594
2018-10-31,76.33999633789062,74.91999816894531,75.5,75.04000091552734,8755500.0,74.03385925292969
2018-11-01,76.83999633789062,74.83999633789062,75.2300033569336,76.79000091552734,6117800.0,75.76039123535156
2018-11-02,78.58999633789062,75.70999908447266,77.52999877929688,76.58000183105469,6995100.0,75.55320739746094
2018-11-05,77.7699966430664,76.05000305175781,76.48999786376953,77.52999877929688,7143300.0,76.49047088623047
2018-11-06,77.58000183105469,76.36000061035156,77.33999633789062,76.56999969482422,6424200.0,75.54335021972656
2018-11-07,78.2300033569336,76.56999969482422,76.94000244140625,77.97000122070312,5403900.0,76.92457580566406
2018-11-08,78.16000366210938,77.23999786376953,77.69000244140625,77.77999877929688,5425000.0,76.73711395263672
2018-11-09,77.7699966430664,75.52999877929688,77.70999908447266,76.36000061035156,4737600.0,75.33616638183594
2018-11-12,76.7699966430664,74.98999786376953,76.3499984741211,75.0999984741211,5204900.0,74.09304809570312
2018-11-13,76.2699966430664,74.83999633789062,75.52999877929688,75.19999694824219,4584600.0,74.19171905517578
2018-11-14,77.48999786376953,74.88999938964844,76.31999969482422,75.19999694824219,7984200.0,74.19171905517578
2018-11-15,74.66999816894531,72.88999938964844,74.44000244140625,74.33000183105469,7858300.0,73.3333740234375
2018-11-16,75.5199966430664,73.05999755859375,73.76000213623047,74.73999786376953,8064200.0,73.73788452148438
2018-11-19,74.75,71.86000061035156,74.69000244140625,72.5199966430664,6744900.0,71.54763793945312
2018-11-20,72.06999969482422,69.5199966430664,70.48999786376953,71.12000274658203,9053900.0,70.16641998291016
2018-11-21,72.9000015258789,71.80999755859375,71.98999786376953,72.37000274658203,7326100.0,71.39966583251953
2018-11-23,72.5199966430664,71.41000366210938,72.05000305175781,71.48999786376953,2582300.0,70.53146362304688
2018-11-26,73.0,72.2699966430664,72.33999633789062,72.70999908447266,6458300.0,71.73509979248047
2018-11-27,72.55000305175781,71.30000305175781,72.27999877929688,72.08999633789062,5008000.0,71.12340545654297
2018-11-28,74.76000213623047,72.30000305175781,72.30000305175781,74.66000366210938,6167200.0,73.6589584350586
2018-11-29,74.94999694824219,73.31999969482422,74.63999938964844,74.33999633789062,5436700.0,73.3432388305664
2018-11-30,75.4800033569336,73.9000015258789,74.18000030517578,75.12000274658203,7947300.0,74.33277893066406
2018-12-03,79.0,76.93000030517578,77.0999984741211,77.94000244140625,10211800.0,77.12320709228516
2018-12-04,78.4000015258789,75.41000366210938,77.41999816894531,75.79000091552734,8800400.0,74.99574279785156
2018-12-06,75.56999969482422,73.58999633789062,74.37000274658203,75.54000091552734,9693700.0,74.74836730957031
2018-12-07,75.97000122070312,72.87000274658203,75.04000091552734,73.33999633789062,6133700.0,72.5714111328125
2018-12-10,73.70999908447266,70.61000061035156,73.0999984741211,72.51000213623047,7235000.0,71.75012969970703
2018-12-11,74.56999969482422,72.55999755859375,73.87000274658203,73.56999969482422,7794500.0,72.79900360107422
2018-12-12,75.27999877929688,73.51000213623047,74.5199966430664,74.31999969482422,6950400.0,73.54114532470703
2018-12-13,74.58999633789062,72.58999633789062,74.5,72.93000030517578,7454800.0,72.16571044921875
2018-12-14,73.6500015258789,71.41000366210938,71.97000122070312,72.52999877929688,7221200.0,71.76990509033203
2018-12-17,71.7699966430664,69.45999908447266,71.37000274658203,69.9000015258789,10647700.0,69.16746520996094
2018-12-18,72.41000366210938,70.43000030517578,70.9000015258789,71.1500015258789,7533300.0,70.40436553955078
2018-12-19,72.0,68.31999969482422,71.44999694824219,68.97000122070312,8426100.0,68.2472152709961
2018-12-20,69.56999969482422,66.52999877929688,68.7300033569336,67.52999877929688,14488500.0,66.82230377197266
2018-12-21,74.29000091552734,71.25,73.29000091552734,72.37000274658203,28487900.0,71.61158752441406
2018-12-24,71.93000030517578,68.08000183105469,71.4000015258789,68.0999984741211,8551400.0,67.3863296508789
2018-12-26,73.01000213623047,68.6500015258789,68.69999694824219,73.01000213623047,10019200.0,72.24488067626953
2018-12-27,73.7300033569336,70.98999786376953,72.18000030517578,73.66999816894531,9004900.0,72.89795684814453
2018-12-28,74.45999908447266,72.56999969482422,73.97000122070312,73.33999633789062,6197000.0,72.5714111328125
2018-12-31,74.45999908447266,73.5199966430664,73.9800033569336,74.13999938964844,5519100.0,73.36302947998047
2019-01-02,74.63999938964844,72.19000244140625,72.79000091552734,74.05999755859375,6762700.0,73.28386688232422
2019-01-03,73.31999969482422,71.20999908447266,73.25,72.75,8007400.0,71.98760986328125
2019-01-04,75.12000274658203,73.12000274658203,73.44999694824219,74.6500015258789,7844200.0,73.8676986694336
2019-01-07,76.36000061035156,74.30000305175781,74.73999786376953,75.72000122070312,8184800.0,74.92648315429688
2019-01-08,77.4000015258789,76.19999694824219,76.83000183105469,76.7300033569336,8809000.0,75.92589569091797
2019-01-09,77.1500015258789,76.13999938964844,76.97000122070312,76.58999633789062,8591000.0,75.787353515625
2019-01-10,77.33999633789062,75.45999908447266,75.63999938964844,76.41999816894531,11148600.0,75.619140625
2019-01-11,76.88999938964844,75.80000305175781,76.33999633789062,76.04000091552734,10689900.0,75.24312591552734
2019-01-14,76.80999755859375,75.45999908447266,75.45999908447266,76.08999633789062,5677400.0,75.29259490966797
2019-01-15,77.9800033569336,76.12999725341797,76.19000244140625,77.87999725341797,6212400.0,77.0638427734375
2019-01-16,78.8499984741211,77.58999633789062,78.0,77.68000030517578,5697100.0,76.8659439086914
2019-01-17,79.4000015258789,77.30999755859375,77.54000091552734,79.12999725341797,7737300.0,78.30074310302734
2019-01-18,80.97000122070312,79.73999786376953,79.94999694824219,80.44999694824219,10404100.0,79.60690307617188
2019-01-22,81.30999755859375,80.19999694824219,80.33000183105469,80.75,8781700.0,79.90376281738281
2019-01-23,81.4000015258789,80.22000122070312,81.19000244140625,80.5,5823000.0,79.65637969970703
2019-01-24,80.87000274658203,79.55000305175781,80.5999984741211,80.44000244140625,4753200.0,79.59701538085938
2019-01-25,81.33000183105469,80.43000030517578,81.25,80.61000061035156,4457100.0,79.76522827148438
2019-01-28,80.51000213623047,79.73999786376953,79.80000305175781,80.31999969482422,5452000.0,79.47827911376953
2019-01-29,80.83000183105469,79.83999633789062,80.36000061035156,80.22000122070312,4187500.0,79.37931823730469
2019-01-30,81.29000091552734,80.05999755859375,80.4000015258789,81.27999877929688,5200200.0,80.42820739746094
2019-01-31,81.94999694824219,80.70999908447266,81.18000030517578,81.87999725341797,8599200.0,81.02191925048828
2019-02-01,81.9000015258789,81.12999725341797,81.83000183105469,81.51000213623047,5351900.0,80.65579986572266
2019-02-04,82.0,80.83000183105469,81.22000122070312,81.98999786376953,4236600.0,81.13077545166016
2019-02-05,83.19000244140625,81.93000030517578,81.9800033569336,82.86000061035156,6545600.0,81.99165344238281
2019-02-06,82.70999908447266,81.63999938964844,82.51000213623047,82.70999908447266,3682800.0,81.84322357177734
2019-02-07,82.8499984741211,81.70999908447266,82.1500015258789,82.38999938964844,4827500.0,81.52657318115234
2019-02-08,82.72000122070312,81.94000244140625,82.25,82.36000061035156,3786500.0,81.49688720703125
2019-02-11,83.83000183105469,82.87000274658203,82.94999694824219,83.68000030517578,6158500.0,82.80305480957031
2019-02-12,84.83999633789062,83.62000274658203,83.97000122070312,84.70999908447266,6290300.0,83.822265625
2019-02-13,85.58999633789062,84.76000213623047,84.76000213623047,85.4000015258789,5032800.0,84.50503540039062
2019-02-14,85.13999938964844,83.69999694824219,84.61000061035156,84.68000030517578,5179000.0,83.79257202148438
2019-02-15,85.77999877929688,85.0999984741211,85.48999786376953,85.37999725341797,6111300.0,84.48523712158203
2019-02-19,85.05000305175781,84.45999908447266,84.58000183105469,84.56999969482422,5105900.0,83.68373107910156
2019-02-20,84.94999694824219,84.3499984741211,84.62999725341797,84.83999633789062,6436100.0,83.95088958740234
2019-02-21,84.1500015258789,83.3499984741211,83.56999969482422,83.94999694824219,8579200.0,83.07022094726562
2019-02-22,85.0199966430664,84.02999877929688,84.19999694824219,84.76000213623047,4449500.0,83.87173461914062
2019-02-25,85.7300033569336,84.95999908447266,85.38999938964844,85.16999816894531,6229700.0,84.27745056152344
2019-02-26,86.08000183105469,85.19999694824219,85.30999755859375,85.80000305175781,6678700.0,84.90084075927734
2019-02-27,86.22000122070312,85.05999755859375,85.52999877929688,86.16999816894531,4588200.0,85.2669677734375
2019-02-28,86.4000015258789,85.68000030517578,86.08000183105469,85.7300033569336,4988100.0,84.83157348632812
2019-03-01,87.98999786376953,86.23999786376953,86.93000030517578,87.16000366210938,6314900.0,86.46849060058594
2019-03-04,87.98999786376953,85.11000061035156,87.31999969482422,85.63999938964844,7339500.0,84.9605484008789
2019-03-05,86.25,85.44000244140625,85.87999725341797,85.44000244140625,4976300.0,84.76213836669922
2019-03-06,85.98999786376953,85.04000091552734,85.5999984741211,85.12999725341797,3198000.0,84.45458984375
2019-03-07,85.41000366210938,84.66000366210938,84.97000122070312,85.26000213623047,4321800.0,84.58356475830078
2019-03-08,84.87999725341797,84.0199966430664,84.58000183105469,84.80000305175781,4669700.0,84.1272201538086
2019-03-11,85.94000244140625,85.05000305175781,85.38999938964844,85.81999969482422,3999800.0,85.13912200927734
2019-03-12,86.08000183105469,85.0199966430664,85.77999877929688,85.43000030517578,4431600.0,84.75220489501953
2019-03-13,86.66000366210938,85.5999984741211,85.69999694824219,85.93000030517578,5037800.0,85.24824523925781
2019-03-14,86.87999725341797,85.69999694824219,86.1500015258789,86.87000274658203,5906100.0,86.18079376220703
2019-03-15,87.61000061035156,85.95999908447266,87.22000122070312,86.80000305175781,11031400.0,86.11134338378906
2019-03-18,87.83999633789062,87.0,87.30000305175781,87.81999969482422,7750700.0,87.12324523925781
2019-03-19,88.58999633789062,87.29000091552734,88.22000122070312,87.69000244140625,6642200.0,86.99427795410156
2019-03-20,87.58000183105469,86.08999633789062,87.5,86.69000244140625,5991500.0,86.0022201538086
2019-03-21,88.12000274658203,86.83000183105469,87.23999786376953,88.01000213623047,10386900.0,87.31175231933594
2019-03-22,85.9000015258789,82.1500015258789,85.19999694824219,82.19000244140625,21659800.0,81.53791809082031
2019-03-25,83.22000122070312,80.88999938964844,81.4800033569336,82.33000183105469,15558300.0,81.67681121826172
2019-03-26,84.08999633789062,82.91000366210938,83.62999725341797,83.37999725341797,9611900.0,82.71847534179688
2019-03-27,83.80000305175781,82.04000091552734,83.69000244140625,83.08999633789062,6485100.0,82.43077850341797
2019-03-28,84.72000122070312,83.69999694824219,83.93000030517578,84.04000091552734,6032700.0,83.37324523925781
2019-03-29,84.8499984741211,83.86000061035156,84.5999984741211,84.20999908447266,6492000.0,83.54188537597656
2019-04-01,85.31999969482422,84.69999694824219,85.04000091552734,85.2300033569336,6737400.0,84.55380249023438
2019-04-02,85.26000213623047,84.16000366210938,85.0,84.37000274658203,4433800.0,83.70062255859375
2019-04-03,84.98999786376953,84.25,84.9000015258789,84.47000122070312,4080900.0,83.79983520507812
2019-04-04,85.37999725341797,84.36000061035156,84.48999786376953,85.27999877929688,3660700.0,84.60340118408203
2019-04-05,86.16000366210938,85.05000305175781,86.0,85.4000015258789,7367400.0,84.72245025634766
2019-04-08,85.29000091552734,84.56999969482422,85.01000213623047,84.7300033569336,4705800.0,84.05776977539062
2019-04-09,84.5999984741211,83.97000122070312,84.22000122070312,84.27999877929688,3804500.0,83.61133575439453
2019-04-10,85.01000213623047,84.55999755859375,84.63999938964844,84.87999725341797,3918400.0,84.20658111572266
2019-04-11,85.05000305175781,84.27999877929688,84.9000015258789,85.0,3347400.0,84.32562255859375
2019-04-12,86.48999786376953,85.29000091552734,85.30000305175781,86.23999786376953,6037000.0,85.5557861328125
2019-04-15,87.23999786376953,86.44000244140625,86.88999938964844,86.83000183105469,5034900.0,86.14110565185547
2019-04-16,87.94999694824219,87.0,87.0,87.80000305175781,4652700.0,87.10340881347656
2019-04-17,88.97000122070312,87.44999694824219,87.94999694824219,88.7300033569336,5694900.0,88.02603149414062
2019-04-18,90.0,88.69999694824219,88.76000213623047,89.19999694824219,7016600.0,88.49230194091797
2019-04-22,88.63999938964844,87.30000305175781,88.3499984741211,87.36000061035156,5390500.0,86.6668930053711
2019-04-23,87.66999816894531,87.01000213623047,87.56999969482422,87.43000030517578,7513700.0,86.7363510131836
2019-04-24,88.81999969482422,87.43000030517578,87.66999816894531,88.38999938964844,8063000.0,87.68873596191406
2019-04-25,88.54000091552734,87.48999786376953,88.4000015258789,87.55999755859375,7069900.0,86.86531066894531
2019-04-26,88.94000244140625,87.33000183105469,87.94999694824219,88.30999755859375,6219600.0,87.60935974121094
2019-04-29,88.51000213623047,88.12999725341797,88.18000030517578,88.26000213623047,5008400.0,87.55976104736328
2019-04-30,88.4000015258789,87.26000213623047,88.29000091552734,87.83000183105469,7614100.0,87.13317108154297
2019-05-01,87.94999694824219,85.87000274658203,87.7300033569336,85.9000015258789,6524600.0,85.21849060058594
2019-05-02,86.27999877929688,84.98999786376953,86.20999908447266,85.2699966430664,6813700.0,84.59347534179688
2019-05-03,86.30000305175781,85.69999694824219,85.9000015258789,85.69999694824219,6798300.0,85.02007293701172
2019-05-06,83.87000274658203,82.86000061035156,83.7699966430664,83.56999969482422,12836600.0,82.90696716308594
2019-05-07,83.62999725341797,81.83000183105469,83.0199966430664,82.54000091552734,9811300.0,81.88514709472656
2019-05-08,83.98999786376953,82.13999938964844,82.43000030517578,82.7699966430664,9501300.0,82.11331176757812
2019-05-09,83.01000213623047,81.54000091552734,82.20999908447266,82.9800033569336,6336600.0,82.3216552734375
2019-05-10,84.2699966430664,82.19000244140625,82.77999877929688,83.94999694824219,5450500.0,83.28395080566406
2019-05-13,82.62999725341797,81.31999969482422,81.6500015258789,82.52999877929688,6445200.0,81.8752212524414
2019-05-14,84.0,82.05999755859375,82.77999877929688,83.66999816894531,7529200.0,83.00617218017578
2019-05-15,84.48999786376953,82.94000244140625,83.16999816894531,84.01000213623047,4862200.0,83.3434829711914
2019-05-16,85.4000015258789,84.19999694824219,84.51000213623047,84.27999877929688,6745200.0,83.61133575439453
2019-05-17,85.5199966430664,83.5,83.51000213623047,84.56999969482422,5068200.0,83.89903259277344
2019-05-20,83.80000305175781,82.73999786376953,83.80000305175781,82.8499984741211,7181900.0,82.19268035888672
2019-05-21,83.80000305175781,82.51000213623047,83.36000061035156,83.63999938964844,5762500.0,82.97640991210938
2019-05-22,83.33999633789062,82.76000213623047,82.98999786376953,83.19999694824219,5237800.0,82.53990173339844
2019-05-23,83.05999755859375,81.98999786376953,82.5,82.63999938964844,9704200.0,81.9843521118164
2019-05-24,83.16999816894531,82.08999633789062,82.19999694824219,82.16000366210938,5999000.0,81.50816345214844
2019-05-28,83.19000244140625,81.12999725341797,82.8499984741211,81.19999694824219,7927300.0,80.5557632446289
2019-05-29,80.86000061035156,77.69999694824219,80.70999908447266,78.87000274658203,10116900.0,78.2442626953125
2019-05-30,79.7300033569336,78.61000061035156,78.91999816894531,79.26000213623047,6177800.0,78.63116455078125
2019-05-31,78.26000213623047,77.06999969482422,78.0,77.13999938964844,8891100.0,76.7409896850586
2019-06-03,78.58000183105469,77.08000183105469,77.23999786376953,77.95999908447266,11665500.0,77.55674743652344
2019-06-04,81.6500015258789,78.77999877929688,79.30000305175781,81.62000274658203,7526800.0,81.19782257080078
2019-06-05,82.9000015258789,81.93000030517578,82.29000091552734,82.72000122070312,8173200.0,82.29212951660156
2019-06-06,83.05999755859375,82.08000183105469,82.72000122070312,82.44999694824219,4953000.0,82.02352142333984
2019-06-07,83.68000030517578,82.80999755859375,83.08999633789062,83.41000366210938,3891100.0,82.97856903076172
2019-06-10,84.19999694824219,82.44999694824219,83.75,82.58000183105469,4419800.0,82.1528549194336
2019-06-11,84.33999633789062,83.12999725341797,83.6500015258789,83.26000213623047,3939400.0,82.82933807373047
2019-06-12,84.0199966430664,82.5199966430664,83.4800033569336,82.62999725341797,4025900.0,82.20259094238281
2019-06-13,83.91999816894531,83.05000305175781,83.1500015258789,83.61000061035156,3383400.0,83.17752838134766
2019-06-14,83.86000061035156,83.04000091552734,83.51000213623047,83.44000244140625,4355600.0,83.00840759277344
2019-06-17,83.45999908447266,82.01000213623047,83.33999633789062,82.11000061035156,5101900.0,81.68528747558594
2019-06-18,84.6500015258789,82.5,82.69999694824219,84.30000305175781,6456500.0,83.86396026611328
2019-06-19,83.9000015258789,83.13999938964844,83.7300033569336,83.55000305175781,6217700.0,83.11783599853516
2019-06-20,85.66999816894531,84.41999816894531,84.9000015258789,85.23999786376953,6163800.0,84.7990951538086
2019-06-21,85.75,84.5999984741211,85.16000366210938,85.75,9289800.0,85.30645751953125
2019-06-24,86.8499984741211,84.37000274658203,86.0,84.5,8043300.0,84.06291961669922
2019-06-25,84.69000244140625,82.16000366210938,84.5999984741211,82.62000274658203,7339900.0,82.1926498413086
2019-06-26,83.69000244140625,82.44000244140625,83.1500015258789,82.55000305175781,5838500.0,82.12300872802734
2019-06-27,83.7699966430664,82.93000030517578,82.93000030517578,83.66000366210938,11436700.0,83.2272720336914
2019-06-28,84.75,82.66999816894531,83.98999786376953,83.94999694824219,12443800.0,83.51576232910156
2019-07-01,86.27999877929688,84.9000015258789,84.93000030517578,85.41000366210938,6607600.0,84.96821594238281
2019-07-02,85.47000122070312,84.22000122070312,85.36000061035156,84.95999908447266,7187200.0,84.52053833007812
2019-07-03,86.29000091552734,85.12000274658203,85.33000183105469,86.19999694824219,4012800.0,85.75411987304688
2019-07-05,86.91000366210938,85.41999816894531,85.80000305175781,86.81999969482422,6440900.0,86.37092590332031
2019-07-08,88.5199966430664,85.97000122070312,86.05999755859375,88.4800033569336,7052000.0,88.0223388671875
2019-07-09,88.80000305175781,87.81999969482422,88.0999984741211,88.04000091552734,6219700.0,87.58460998535156
2019-07-10,88.94000244140625,87.38999938964844,88.4800033569336,87.44000244140625,5985500.0,86.98772430419922
2019-07-11,88.30000305175781,87.4000015258789,87.70999908447266,88.29000091552734,3942400.0,87.83331298828125
2019-07-12,89.30999755859375,88.01000213623047,88.18000030517578,89.12000274658203,4240900.0,88.65902709960938
2019-07-15,89.87000274658203,89.05999755859375,89.05999755859375,89.4800033569336,3750900.0,89.01716613769531
2019-07-16,89.70999908447266,88.56999969482422,89.5,88.5999984741211,5812800.0,88.14171600341797
2019-07-17,88.69000244140625,87.44000244140625,88.41999816894531,87.5,4461500.0,87.04740142822266
2019-07-18,87.76000213623047,86.76000213623047,87.62999725341797,87.44000244140625,4609200.0,86.98772430419922
2019-07-19,87.87999725341797,86.4800033569336,87.7300033569336,86.55000305175781,6635300.0,86.1023178100586
2019-07-22,86.98999786376953,85.83000183105469,86.55999755859375,85.97000122070312,6810300.0,85.52532196044922
2019-07-23,87.0999984741211,86.2300033569336,86.63999938964844,86.69999694824219,5659900.0,86.25153350830078
2019-07-24,87.20999908447266,86.30999755859375,86.6500015258789,86.69999694824219,6362900.0,86.25153350830078
2019-07-25,87.5,86.58999633789062,86.81999969482422,87.27999877929688,4546400.0,86.82854461669922
2019-07-26,87.83999633789062,86.7699966430664,87.44000244140625,87.54000091552734,3707200.0,87.08720397949219
2019-07-29,87.87000274658203,87.18000030517578,87.6500015258789,87.62000274658203,4387300.0,87.16678619384766
2019-07-30,87.91000366210938,86.36000061035156,86.81999969482422,87.19999694824219,3561200.0,86.74895477294922
2019-07-31,87.2699966430664,85.55000305175781,87.08999633789062,86.02999877929688,5818200.0,85.58500671386719
2019-08-01,86.7699966430664,82.69999694824219,85.26000213623047,83.12000274658203,7871800.0,82.6900634765625
2019-08-02,83.23999786376953,80.79000091552734,82.52999877929688,81.13999938964844,8718700.0,80.72029876708984
2019-08-05,80.05000305175781,78.19000244140625,79.66000366210938,78.97000122070312,8493300.0,78.5615234375
2019-08-06,81.58999633789062,79.48999786376953,79.8499984741211,81.30000305175781,8664500.0,80.87947845458984
2019-08-07,81.81999969482422,80.08999633789062,80.5,81.27999877929688,6275000.0,80.85957336425781
2019-08-08,83.36000061035156,81.61000061035156,81.80999755859375,83.0,6208900.0,82.5706787109375
2019-08-09,83.43000030517578,81.31999969482422,83.13999938964844,81.9800033569336,5460200.0,81.55596160888672
2019-08-12,81.94999694824219,81.18000030517578,81.41000366210938,81.6500015258789,3595500.0,81.22766876220703
2019-08-13,84.1500015258789,80.8499984741211,81.16999816894531,83.31999969482422,6896800.0,82.88902282714844
2019-08-14,81.69000244140625,80.51000213623047,81.23999786376953,81.02999877929688,7266100.0,80.6108627319336
2019-08-15,81.30000305175781,79.44000244140625,80.93000030517578,79.51000213623047,6713600.0,79.09873962402344
2019-08-16,80.55999755859375,79.25,80.08999633789062,80.27999877929688,5649000.0,79.86475372314453
2019-08-19,82.33999633789062,80.83000183105469,82.0,81.12999725341797,7027900.0,80.7103500366211
2019-08-20,81.2300033569336,79.44999694824219,80.72000122070312,80.52999877929688,5903100.0,80.11345672607422
2019-08-21,82.83999633789062,81.62999725341797,81.94000244140625,82.73999786376953,6454200.0,82.31202697753906
2019-08-22,83.72000122070312,82.5,83.0,83.30999755859375,5571600.0,82.87907409667969
2019-08-23,82.76000213623047,80.02999877929688,82.0199966430664,80.44000244140625,8497800.0,80.02392578125
2019-08-26,82.27999877929688,80.73999786376953,81.44000244140625,82.25,4336000.0,81.82455444335938
2019-08-27,83.18000030517578,82.0,82.62999725341797,82.02999877929688,3842500.0,81.60569763183594
2019-08-28,83.58999633789062,81.72000122070312,81.9000015258789,83.4800033569336,4123700.0,83.04820251464844
2019-08-29,85.7699966430664,84.16999816894531,84.22000122070312,85.37999725341797,5101900.0,84.93836212158203
2019-08-30,85.98999786376953,84.41000366210938,85.69999694824219,84.5,5235400.0,84.28009033203125
2019-09-03,84.83000183105469,83.62000274658203,84.0,84.66999816894531,6360800.0,84.44964599609375
2019-09-04,86.5,85.5,85.58000183105469,86.3499984741211,4151200.0,86.12527465820312
2019-09-05,88.62000274658203,87.27999877929688,87.27999877929688,88.41999816894531,6328400.0,88.18988037109375
2019-09-06,88.9800033569336,88.0199966430664,88.4000015258789,88.69000244140625,3625300.0,88.45918273925781
2019-09-09,89.3499984741211,88.41999816894531,88.94000244140625,88.66999816894531,4282400.0,88.4392318725586
2019-09-10,88.62999725341797,86.29000091552734,88.26000213623047,86.83000183105469,7072400.0,86.6040267944336
2019-09-11,87.25,85.87000274658203,86.95999908447266,86.75,4623300.0,86.52423095703125
2019-09-12,88.06999969482422,86.22000122070312,87.0999984741211,87.66999816894531,4057500.0,87.44183349609375
2019-09-13,88.79000091552734,87.30000305175781,88.25,87.31999969482422,5894700.0,87.0927505493164
2019-09-16,87.81999969482422,86.66999816894531,87.08999633789062,87.2699966430664,4171700.0,87.04287719726562
2019-09-17,87.63999938964844,86.47000122070312,86.7699966430664,87.58999633789062,3248400.0,87.36204528808594
2019-09-18,88.4000015258789,87.20999908447266,87.6500015258789,88.08000183105469,4722200.0,87.85076904296875
2019-09-19,88.72000122070312,87.51000213623047,88.4000015258789,87.69999694824219,4231200.0,87.47175598144531
2019-09-20,88.48999786376953,86.66999816894531,88.0,86.68000030517578,6991100.0,86.45441436767578
2019-09-23,88.0199966430664,86.80000305175781,86.9800033569336,87.69000244140625,4790000.0,87.46178436279297
2019-09-24,88.69000244140625,86.76000213623047,88.44999694824219,87.18000030517578,10202900.0,86.95310974121094
2019-09-25,92.79000091552734,90.1500015258789,91.77999877929688,90.80999755859375,25330700.0,90.57366180419922
2019-09-26,92.44999694824219,90.25,91.62000274658203,92.16999816894531,10408300.0,91.93012237548828
2019-09-27,92.86000061035156,91.5999984741211,91.8499984741211,92.30999755859375,6420500.0,92.06975555419922
2019-09-30,94.08000183105469,92.5,92.52999877929688,93.91999816894531,7401200.0,93.67556762695312
2019-10-01,94.75,92.05999755859375,94.12999725341797,92.27999877929688,8464900.0,92.03984069824219
2019-10-02,91.83999633789062,90.56999969482422,91.47000122070312,91.48999786376953,6933900.0,91.25189208984375
2019-10-03,92.31999969482422,90.3499984741211,91.30999755859375,92.22000122070312,5762300.0,91.97999572753906
2019-10-04,93.16999816894531,91.93000030517578,92.22000122070312,93.06999969482422,4551400.0,92.8277816772461
2019-10-07,93.91999816894531,92.4000015258789,92.5,93.16999816894531,4975400.0,92.92752075195312
2019-10-08,92.70999908447266,90.41000366210938,90.44999694824219,91.75,6916800.0,91.51121520996094
2019-10-09,93.05000305175781,91.81999969482422,92.41000366210938,92.5199966430664,5115900.0,92.27921295166016
2019-10-10,93.5,92.72000122070312,93.5,93.0,5794100.0,92.75796508789062
2019-10-11,94.56999969482422,93.55999755859375,94.0,93.87999725341797,6220100.0,93.63567352294922
2019-10-14,95.25,94.05000305175781,94.19999694824219,94.87999725341797,4636000.0,94.63307189941406
2019-10-15,95.18000030517578,94.12000274658203,95.0,94.79000091552734,4292500.0,94.5433120727539
2019-10-16,95.13999938964844,94.06999969482422,94.08999633789062,94.87999725341797,4883300.0,94.63307189941406
2019-10-17,95.88999938964844,94.97000122070312,95.56999969482422,95.55999755859375,3427400.0,95.3113021850586
2019-10-18,96.45999908447266,94.80000305175781,94.80999755859375,96.0999984741211,6209200.0,95.84989929199219
2019-10-21,96.87000274658203,95.41999816894531,96.61000061035156,96.22000122070312,5185800.0,95.96958923339844
2019-10-22,96.83000183105469,95.5199966430664,96.05999755859375,95.5999984741211,5470100.0,95.3511962890625
2019-10-23,95.54000091552734,92.12000274658203,95.02999877929688,92.31999969482422,11933600.0,92.0797348022461
2019-10-24,92.87000274658203,90.98999786376953,92.68000030517578,91.5,12085800.0,91.26187133789062
2019-10-25,91.83000183105469,90.75,91.44000244140625,90.91999816894531,8147200.0,90.68338012695312
2019-10-28,91.30000305175781,90.16999816894531,91.05999755859375,90.8499984741211,10304300.0,90.61356353759766
2019-10-29,90.91999816894531,89.12999725341797,90.8499984741211,89.27999877929688,9044400.0,89.04764556884766
2019-10-30,90.2699966430664,89.3499984741211,89.44999694824219,90.19000244140625,8127300.0,89.95528411865234
2019-10-31,90.41000366210938,88.94000244140625,90.0,89.55000305175781,6751700.0,89.31694793701172
2019-11-01,90.52999877929688,89.0,90.18000030517578,89.18000030517578,5263600.0,88.94790649414062
2019-11-04,90.55999755859375,89.31999969482422,90.12999725341797,89.86000061035156,8161200.0,89.62613677978516
2019-11-05,90.33999633789062,89.54000091552734,90.1500015258789,89.87999725341797,5589700.0,89.64608001708984
2019-11-06,90.72000122070312,88.73999786376953,90.63999938964844,89.4800033569336,7033800.0,89.24713134765625
2019-11-07,90.5999984741211,89.7699966430664,90.47000122070312,90.4000015258789,7110000.0,90.16473388671875
2019-11-08,90.3499984741211,89.29000091552734,90.27999877929688,89.80999755859375,4555400.0,89.57626342773438
2019-11-11,90.0999984741211,89.37000274658203,89.37000274658203,90.05000305175781,3247300.0,89.81564331054688
2019-11-12,92.02999877929688,89.48999786376953,90.30999755859375,89.5,3979600.0,89.26707458496094
2019-11-13,91.55000305175781,89.56999969482422,89.7300033569336,91.29000091552734,5923600.0,91.05241394042969
2019-11-14,91.95999908447266,90.72000122070312,91.48999786376953,91.2699966430664,6035300.0,91.03246307373047
2019-11-15,93.55999755859375,91.95999908447266,92.13999938964844,93.04000091552734,6785500.0,92.79785919189453
2019-11-18,94.26000213623047,92.91000366210938,93.5,94.18000030517578,6165600.0,93.93489837646484
2019-11-19,95.12000274658203,93.05999755859375,94.61000061035156,93.61000061035156,5368400.0,93.36637878417969
2019-11-20,94.4000015258789,92.7699966430664,94.11000061035156,93.05000305175781,6235400.0,92.8078384399414
2019-11-21,93.30000305175781,92.06999969482422,92.62000274658203,92.16000366210938,5493100.0,91.92015838623047
2019-11-22,93.3499984741211,91.93000030517578,92.20999908447266,93.33999633789062,4264400.0,93.09707641601562
2019-11-25,93.97000122070312,92.73999786376953,93.77999877929688,92.9000015258789,5419700.0,92.6582260131836
2019-11-26,93.62999725341797,93.0199966430664,93.37999725341797,93.33000183105469,5907400.0,93.08711242675781
2019-11-27,94.37999725341797,93.5,93.5,94.13999938964844,4017400.0,93.8949966430664
2019-11-29,94.61000061035156,93.38999938964844,94.37000274658203,93.48999786376953,2541800.0,93.48999786376953
2019-12-02,94.27999877929688,92.9800033569336,94.08999633789062,93.55999755859375,3892000.0,93.55999755859375
2019-12-03,92.55000305175781,91.30999755859375,92.4800033569336,92.45999908447266,5570700.0,92.45999908447266
2019-12-04,93.79000091552734,92.7300033569336,92.80999755859375,93.72000122070312,4456400.0,93.72000122070312
2019-12-05,95.94999694824219,94.68000030517578,95.87999725341797,95.79000091552734,6946000.0,95.79000091552734
2019-12-06,97.30999755859375,96.37999725341797,96.55999755859375,97.0,6368500.0,97.0
2019-12-09,97.62999725341797,96.16000366210938,97.0199966430664,96.62999725341797,6517800.0,96.62999725341797
2019-12-10,97.58999633789062,96.62999725341797,96.76000213623047,97.01000213623047,4234300.0,97.01000213623047
2019-12-11,97.31999969482422,96.6500015258789,96.9000015258789,97.18000030517578,4319700.0,97.18000030517578
2019-12-12,98.18000030517578,96.9000015258789,97.31999969482422,97.72000122070312,4762800.0,97.72000122070312
2019-12-13,98.29000091552734,96.91000366210938,97.43000030517578,97.7699966430664,5247600.0,97.7699966430664
2019-12-16,99.33999633789062,98.05999755859375,98.13999938964844,98.80999755859375,8211300.0,98.80999755859375
2019-12-17,100.16999816894531,99.05000305175781,99.37999725341797,99.6500015258789,7050700.0,99.6500015258789
2019-12-18,100.79000091552734,99.58000183105469,100.19999694824219,100.56999969482422,7332000.0,100.56999969482422
2019-12-19,101.2699966430664,99.62999725341797,100.5,101.1500015258789,12214500.0,101.1500015258789
2019-12-20,101.4000015258789,98.8499984741211,101.0,99.95999908447266,17641600.0,99.95999908447266
2019-12-23,100.69000244140625,99.55000305175781,100.2300033569336,100.04000091552734,6350500.0,100.04000091552734
2019-12-24,100.66000366210938,99.76000213623047,99.83000183105469,100.13999938964844,3328100.0,100.13999938964844
2019-12-26,100.75,100.11000061035156,100.33999633789062,100.70999908447266,3709900.0,100.70999908447266
2019-12-27,101.79000091552734,100.98999786376953,101.0,101.56999969482422,5307500.0,101.56999969482422
2019-12-30,101.61000061035156,100.45999908447266,101.54000091552734,100.80000305175781,3495200.0,100.80000305175781
2019-12-31,101.38999938964844,100.51000213623047,100.58000183105469,101.30999755859375,3213600.0,101.30999755859375
2020-01-02,102.20999908447266,101.0199966430664,101.36000061035156,102.19999694824219,5644100.0,102.19999694824219
2020-01-03,102.0,100.30999755859375,100.58999633789062,101.91999816894531,4541800.0,101.91999816894531
2020-01-06,101.83999633789062,100.87000274658203,100.94999694824219,101.83000183105469,4612400.0,101.83000183105469
2020-01-07,102.73999786376953,100.80999755859375,101.80999755859375,101.77999877929688,6719900.0,101.77999877929688
2020-01-08,102.13999938964844,100.8499984741211,101.30999755859375,101.55000305175781,4942200.0,101.55000305175781
2020-01-09,102.41000366210938,101.38999938964844,101.94000244140625,101.4800033569336,5007500.0,101.4800033569336
2020-01-10,101.93000030517578,100.76000213623047,101.88999938964844,100.9000015258789,5135300.0,100.9000015258789
2020-01-13,102.33999633789062,100.81999969482422,101.0,102.16000366210938,6722400.0,102.16000366210938
2020-01-14,103.88999938964844,102.3499984741211,102.44999694824219,102.91999816894531,5088500.0,102.91999816894531
2020-01-15,103.69999694824219,102.4800033569336,103.25,102.79000091552734,4209200.0,102.79000091552734
2020-01-16,103.56999969482422,102.8499984741211,102.87999725341797,103.37000274658203,6571700.0,103.37000274658203
2020-01-17,104.55000305175781,103.33999633789062,103.43000030517578,104.52999877929688,6271200.0,104.52999877929688
2020-01-21,104.69000244140625,103.80999755859375,104.25,104.58000183105469,4854700.0,104.58000183105469
2020-01-22,105.62000274658203,104.41999816894531,105.0,104.48999786376953,5031400.0,104.48999786376953
2020-01-23,104.37000274658203,102.62000274658203,104.02999877929688,103.0199966430664,7102900.0,103.0199966430664
2020-01-24,103.88999938964844,101.66000366210938,103.58999633789062,102.02999877929688,3839300.0,102.02999877929688
2020-01-27,100.70999908447266,98.01000213623047,98.20999908447266,100.23999786376953,9841400.0,100.23999786376953
2020-01-28,101.05000305175781,99.5199966430664,100.33999633789062,100.41000366210938,5673200.0,100.41000366210938
2020-01-29,101.30000305175781,99.16999816894531,101.06999969482422,99.83999633789062,4503700.0,99.83999633789062
2020-01-30,99.75,97.37000274658203,99.0199966430664,98.19000244140625,7065100.0,98.19000244140625
2020-01-31,98.44999694824219,95.91999816894531,98.11000061035156,96.30000305175781,8778300.0,96.30000305175781
