Date,High,Low,Open,Close,Volume,Adj Close
2017-01-30,31.5,31.059999465942383,31.469999313354492,31.309999465942383,27464800.0,27.760955810546875
2017-01-31,31.93000030517578,30.93000030517578,31.010000228881836,31.729999542236328,37450000.0,28.13334846496582
2017-02-01,31.690000534057617,31.260000228881836,31.510000228881836,31.670000076293945,28493300.0,28.36622428894043
2017-02-02,31.729999542236328,31.31999969482422,31.469999313354492,31.729999542236328,23372300.0,28.419965744018555
2017-02-03,32.2400016784668,31.920000076293945,32.04999923706055,32.09000015258789,35991700.0,28.74241065979004
2017-02-06,32.33000183105469,31.940000534057617,32.0,32.22999954223633,24534400.0,28.86780548095703
2017-02-07,32.349998474121094,31.940000534057617,32.31999969482422,32.08000183105469,23512000.0,28.733455657958984
2017-02-08,32.349998474121094,31.920000076293945,31.920000076293945,32.13999938964844,19160100.0,28.787193298339844
2017-02-09,32.540000915527344,32.13999938964844,32.13999938964844,32.380001068115234,23816300.0,29.00216293334961
2017-02-10,32.45000076293945,32.22999954223633,32.40999984741211,32.349998474121094,21907200.0,28.97528839111328
2017-02-13,32.689998626708984,32.439998626708984,32.439998626708984,32.61000061035156,20620100.0,29.208166122436523
2017-02-14,32.77000045776367,32.349998474121094,32.529998779296875,32.75,22965400.0,29.33356475830078
2017-02-15,33.58000183105469,32.689998626708984,32.779998779296875,33.5099983215332,45574500.0,30.014278411865234
2017-02-16,33.88999938964844,33.220001220703125,33.45000076293945,33.619998931884766,38332300.0,30.112796783447266
2017-02-17,33.88999938964844,33.529998779296875,33.59000015258789,33.619998931884766,34992700.0,30.112796783447266
2017-02-21,33.79999923706055,33.47999954223633,33.56999969482422,33.619998931884766,24090700.0,30.112796783447266
2017-02-22,33.75,33.25,33.56999969482422,33.59000015258789,27207300.0,30.085935592651367
2017-02-23,34.119998931884766,33.58000183105469,33.70000076293945,34.060001373291016,30477100.0,30.50690269470215
2017-02-24,34.349998474121094,33.9900016784668,34.16999816894531,34.2599983215332,24712000.0,30.686038970947266
2017-02-27,34.459999084472656,34.15999984741211,34.22999954223633,34.279998779296875,21830300.0,30.703950881958008
2017-02-28,34.2599983215332,33.90999984741211,34.099998474121094,34.119998931884766,27480700.0,30.560646057128906
2017-03-01,34.529998779296875,34.04999923706055,34.27000045776367,34.41999816894531,32291200.0,30.8293514251709
2017-03-02,34.75,34.41999816894531,34.459999084472656,34.5099983215332,25572100.0,30.909961700439453
2017-03-03,34.650001525878906,34.36000061035156,34.5099983215332,34.52000045776367,18786300.0,30.918912887573242
2017-03-06,34.470001220703125,34.08000183105469,34.33000183105469,34.349998474121094,18191900.0,30.76664924621582
2017-03-07,34.20000076293945,33.75,33.869998931884766,33.9900016784668,29206200.0,30.4442081451416
2017-03-08,34.099998474121094,33.720001220703125,33.90999984741211,33.90999984741211,22647400.0,30.372549057006836
2017-03-09,34.13999938964844,33.779998779296875,33.880001068115234,34.04999923706055,19164700.0,30.497943878173828
2017-03-10,34.31999969482422,34.0,34.13999938964844,34.11000061035156,19179000.0,30.551687240600586
2017-03-13,34.150001525878906,33.90999984741211,34.13999938964844,34.11000061035156,18964000.0,30.551687240600586
2017-03-14,34.33000183105469,33.97999954223633,34.02000045776367,34.220001220703125,14766100.0,30.650217056274414
2017-03-15,34.70000076293945,34.18000030517578,34.220001220703125,34.630001068115234,23035900.0,31.017436981201172
2017-03-16,34.630001068115234,34.25,34.56999969482422,34.43000030517578,20698500.0,30.83830451965332
2017-03-17,34.58000183105469,34.27000045776367,34.459999084472656,34.31999969482422,43392900.0,30.739784240722656
2017-03-20,34.5,34.31999969482422,34.400001525878906,34.380001068115234,17491000.0,30.79352569580078
2017-03-21,34.61000061035156,34.18000030517578,34.47999954223633,34.25,31388500.0,30.677082061767578
2017-03-22,34.540000915527344,33.9900016784668,34.29999923706055,34.470001220703125,26117900.0,30.874135971069336
2017-03-23,34.560001373291016,34.22999954223633,34.31999969482422,34.290000915527344,20283400.0,30.712913513183594
2017-03-24,34.27000045776367,33.939998626708984,34.27000045776367,34.0,27118700.0,30.453163146972656
2017-03-27,34.310001373291016,33.7400016784668,33.7400016784668,34.18000030517578,17886200.0,30.614389419555664
2017-03-28,34.2599983215332,33.970001220703125,34.060001373291016,34.15999984741211,18337500.0,30.59647560119629
2017-03-29,34.45000076293945,34.11000061035156,34.15999984741211,34.33000183105469,17281000.0,30.74873924255371
2017-03-30,34.439998626708984,34.150001525878906,34.189998626708984,34.349998474121094,14993800.0,30.76664924621582
2017-03-31,34.380001068115234,34.15999984741211,34.209999084472656,34.209999084472656,18611800.0,30.64125633239746
2017-04-03,34.349998474121094,34.099998474121094,34.11000061035156,34.2400016784668,18088000.0,30.66812515258789
2017-04-04,34.5,34.04999923706055,34.18000030517578,34.34000015258789,19282900.0,30.75769805908203
2017-04-05,34.52000045776367,34.150001525878906,34.33000183105469,34.189998626708984,19280100.0,30.623340606689453
2017-04-06,34.349998474121094,34.060001373291016,34.13999938964844,34.11000061035156,16285300.0,30.551687240600586
2017-04-07,34.25,34.040000915527344,34.09000015258789,34.099998474121094,13973500.0,30.542734146118164
2017-04-10,34.220001220703125,33.970001220703125,34.130001068115234,34.040000915527344,15989300.0,30.488990783691406
2017-04-11,34.08000183105469,33.7400016784668,34.02000045776367,33.93000030517578,19123000.0,30.39046287536621
2017-04-12,33.9900016784668,33.709999084472656,33.880001068115234,33.91999816894531,24689400.0,30.38150978088379
2017-04-13,34.02000045776367,33.81999969482422,33.880001068115234,33.880001068115234,12865800.0,30.345680236816406
2017-04-17,34.04999923706055,33.81999969482422,33.900001525878906,34.0,15145600.0,30.453163146972656
2017-04-18,33.880001068115234,33.65999984741211,33.7599983215332,33.84000015258789,21151200.0,30.309856414794922
2017-04-19,33.90999984741211,33.54999923706055,33.849998474121094,33.61000061035156,23913000.0,30.103849411010742
2017-04-20,33.869998931884766,33.47999954223633,33.630001068115234,33.7400016784668,18348500.0,30.220287322998047
2017-04-21,33.72999954223633,33.470001220703125,33.63999938964844,33.63999938964844,24243100.0,30.130722045898438
2017-04-24,34.029998779296875,33.650001525878906,33.97999954223633,33.7400016784668,21288900.0,30.220287322998047
2017-04-25,33.959999084472656,33.709999084472656,33.81999969482422,33.7599983215332,18744000.0,30.238195419311523
2017-04-26,34.029998779296875,33.849998474121094,33.86000061035156,33.849998474121094,19814500.0,30.318809509277344
2017-04-27,34.02000045776367,33.77000045776367,33.959999084472656,33.86000061035156,14832200.0,30.327768325805664
2017-04-28,33.939998626708984,33.75,33.880001068115234,33.91999816894531,15979200.0,30.38150978088379
2017-05-01,33.9900016784668,33.77000045776367,33.88999938964844,33.779998779296875,22685800.0,30.25611686706543
2017-05-02,33.720001220703125,32.880001068115234,33.58000183105469,33.61000061035156,40764400.0,30.103849411010742
2017-05-03,33.59000015258789,33.29999923706055,33.47999954223633,33.470001220703125,24815700.0,29.97845458984375
2017-05-04,33.59000015258789,33.31999969482422,33.439998626708984,33.45000076293945,25519800.0,29.960538864135742
2017-05-05,33.47999954223633,33.22999954223633,33.439998626708984,33.47999954223633,21821600.0,29.987411499023438
2017-05-08,33.619998931884766,33.349998474121094,33.400001525878906,33.45000076293945,23511900.0,29.960538864135742
2017-05-09,33.59000015258789,33.349998474121094,33.45000076293945,33.380001068115234,17104600.0,29.897838592529297
2017-05-10,33.119998931884766,32.900001525878906,33.0,33.029998779296875,33045400.0,29.870708465576172
2017-05-11,33.13999938964844,32.849998474121094,32.9900016784668,33.040000915527344,25067900.0,29.8797550201416
2017-05-12,33.06999969482422,32.88999938964844,32.88999938964844,33.0099983215332,17636800.0,29.852624893188477
2017-05-15,33.18000030517578,32.79999923706055,32.970001220703125,33.119998931884766,19478600.0,29.952098846435547
2017-05-16,32.79999923706055,32.38999938964844,32.560001373291016,32.599998474121094,40263600.0,29.481836318969727
2017-05-17,32.599998474121094,32.209999084472656,32.599998474121094,32.22999954223633,28397800.0,29.147226333618164
2017-05-18,32.41999816894531,32.06999969482422,32.20000076293945,32.220001220703125,23600400.0,29.138185501098633
2017-05-19,32.459999084472656,32.189998626708984,32.29999923706055,32.459999084472656,28354300.0,29.35523223876953
2017-05-22,32.5,32.119998931884766,32.5,32.119998931884766,25356700.0,29.04775047302246
2017-05-23,32.279998779296875,32.08000183105469,32.119998931884766,32.13999938964844,17568700.0,29.065834045410156
2017-05-24,32.279998779296875,31.969999313354492,32.16999816894531,32.04999923706055,22368900.0,28.98444938659668
2017-05-25,32.20000076293945,31.969999313354492,32.060001373291016,32.15999984741211,17293400.0,29.083925247192383
2017-05-26,32.290000915527344,32.099998474121094,32.18000030517578,32.13999938964844,11699000.0,29.065834045410156
2017-05-30,32.310001373291016,32.02000045776367,32.060001373291016,32.130001068115234,16047100.0,29.056793212890625
2017-05-31,32.790000915527344,32.130001068115234,32.279998779296875,32.650001525878906,29018500.0,29.527057647705078
2017-06-01,32.849998474121094,32.52000045776367,32.66999816894531,32.709999084472656,23894500.0,29.58131217956543
2017-06-02,32.880001068115234,32.439998626708984,32.77000045776367,32.540000915527344,20858200.0,29.427579879760742
2017-06-05,32.58000183105469,32.20000076293945,32.5099983215332,32.349998474121094,14226600.0,29.25575065612793
2017-06-06,32.369998931884766,32.040000915527344,32.29999923706055,32.06999969482422,17866400.0,29.00253677368164
2017-06-07,32.15999984741211,31.899999618530273,32.08000183105469,32.0,16584100.0,28.939231872558594
2017-06-08,32.099998474121094,31.670000076293945,32.0,31.75,33795800.0,28.7131404876709
2017-06-09,32.79999923706055,31.739999771118164,31.809999465942383,32.77000045776367,30137200.0,29.63558006286621
2017-06-12,33.09000015258789,32.70000076293945,32.77000045776367,32.70000076293945,28876200.0,29.57227897644043
2017-06-13,32.779998779296875,32.52000045776367,32.709999084472656,32.58000183105469,17166900.0,29.463754653930664
2017-06-14,32.7599983215332,32.459999084472656,32.59000015258789,32.689998626708984,13821800.0,29.5632266998291
2017-06-15,33.029998779296875,32.560001373291016,32.619998931884766,32.810001373291016,18929900.0,29.671754837036133
2017-06-16,33.130001068115234,32.810001373291016,32.97999954223633,32.970001220703125,31878600.0,29.816448211669922
2017-06-19,33.25,32.90999984741211,32.939998626708984,33.220001220703125,20799000.0,30.04253578186035
2017-06-20,33.75,33.150001525878906,33.209999084472656,33.560001373291016,26066200.0,30.350013732910156
2017-06-21,34.099998474121094,33.58000183105469,33.58000183105469,33.880001068115234,25744300.0,30.639408111572266
2017-06-22,34.47999954223633,33.91999816894531,33.95000076293945,34.060001373291016,22156100.0,30.80219078063965
2017-06-23,34.220001220703125,33.970001220703125,34.08000183105469,34.16999816894531,30046300.0,30.90166473388672
2017-06-26,34.209999084472656,33.970001220703125,34.15999984741211,34.040000915527344,14172300.0,30.78410530090332
2017-06-27,34.130001068115234,33.75,34.130001068115234,33.77000045776367,15265600.0,30.539926528930664
2017-06-28,33.9900016784668,33.650001525878906,33.86000061035156,33.75,14795100.0,30.521848678588867
2017-06-29,33.869998931884766,33.369998931884766,33.75,33.630001068115234,14919200.0,30.413326263427734
2017-06-30,33.79999923706055,33.5099983215332,33.72999954223633,33.59000015258789,13512500.0,30.37714958190918
2017-07-03,33.970001220703125,33.470001220703125,33.47999954223633,33.81999969482422,8512300.0,30.585147857666016
2017-07-05,33.95000076293945,33.4900016784668,33.939998626708984,33.63999938964844,16197600.0,30.422367095947266
2017-07-06,33.66999816894531,33.13999938964844,33.63999938964844,33.220001220703125,13924400.0,30.04253578186035
2017-07-07,33.36000061035156,33.02000045776367,33.25,33.349998474121094,16996700.0,30.16010284423828
2017-07-10,33.529998779296875,33.2400016784668,33.36000061035156,33.40999984741211,13526300.0,30.21436309814453
2017-07-11,33.470001220703125,33.04999923706055,33.400001525878906,33.16999816894531,12214500.0,29.997316360473633
2017-07-12,33.529998779296875,33.20000076293945,33.34000015258789,33.220001220703125,13831100.0,30.04253578186035
2017-07-13,33.34000015258789,32.9900016784668,33.220001220703125,33.279998779296875,13389000.0,30.0967960357666
2017-07-14,33.54999923706055,33.2400016784668,33.27000045776367,33.43000030517578,12500800.0,30.232450485229492
2017-07-17,33.470001220703125,33.13999938964844,33.439998626708984,33.25,16825300.0,30.069669723510742
2017-07-18,33.38999938964844,33.040000915527344,33.22999954223633,33.36000061035156,14569400.0,30.169147491455078
2017-07-19,33.689998626708984,33.310001373291016,33.369998931884766,33.619998931884766,18810200.0,30.40427017211914
2017-07-20,33.70000076293945,33.34000015258789,33.470001220703125,33.540000915527344,16954500.0,30.331932067871094
2017-07-21,33.58000183105469,33.38999938964844,33.470001220703125,33.47999954223633,12024400.0,30.27766990661621
2017-07-24,33.45000076293945,33.16999816894531,33.380001068115234,33.31999969482422,14761800.0,30.13296890258789
2017-07-25,33.47999954223633,33.0099983215332,33.380001068115234,33.099998474121094,19787500.0,29.934011459350586
2017-07-26,33.099998474121094,32.83000183105469,33.09000015258789,32.88999938964844,15723600.0,29.74410057067871
2017-07-27,33.0,32.689998626708984,32.790000915527344,33.0,16661500.0,29.84358024597168
2017-07-28,33.16999816894531,32.810001373291016,33.060001373291016,33.150001525878906,16239200.0,29.979230880737305
2017-07-31,33.38999938964844,33.13999938964844,33.209999084472656,33.15999984741211,21982600.0,29.9882755279541
2017-08-01,33.29999923706055,32.720001220703125,33.040000915527344,33.08000183105469,26634300.0,29.91593360900879
2017-08-02,32.91999816894531,32.70000076293945,32.869998931884766,32.91999816894531,28854000.0,30.062040328979492
2017-08-03,33.810001373291016,32.86000061035156,32.95000076293945,33.43000030517578,27267500.0,30.52776336669922
2017-08-04,34.0,33.47999954223633,33.58000183105469,33.63999938964844,25790700.0,30.719532012939453
2017-08-07,33.59000015258789,33.25,33.54999923706055,33.310001373291016,12512600.0,30.418180465698242
2017-08-08,33.459999084472656,33.220001220703125,33.33000183105469,33.279998779296875,16116200.0,30.390785217285156
2017-08-09,33.459999084472656,33.15999984741211,33.34000015258789,33.45000076293945,14997800.0,30.54602813720703
2017-08-10,33.54999923706055,33.209999084472656,33.369998931884766,33.41999816894531,18085900.0,30.518630981445312
2017-08-11,33.56999969482422,33.209999084472656,33.5,33.25,12928500.0,30.363393783569336
2017-08-14,33.369998931884766,33.13999938964844,33.33000183105469,33.310001373291016,12791500.0,30.418180465698242
2017-08-15,33.529998779296875,33.2599983215332,33.34000015258789,33.380001068115234,17124100.0,30.482099533081055
2017-08-16,33.4900016784668,33.2599983215332,33.33000183105469,33.36000061035156,10558600.0,30.46384048461914
2017-08-17,33.45000076293945,32.95000076293945,33.290000915527344,32.95000076293945,14858800.0,30.089433670043945
2017-08-18,32.970001220703125,32.650001525878906,32.90999984741211,32.66999816894531,15490100.0,29.833738327026367
2017-08-21,32.869998931884766,32.31999969482422,32.599998474121094,32.7599983215332,16934300.0,29.915925979614258
2017-08-22,33.220001220703125,32.70000076293945,32.7599983215332,33.150001525878906,13452200.0,30.27206802368164
2017-08-23,33.38999938964844,33.06999969482422,33.06999969482422,33.2400016784668,16119500.0,30.35425567626953
2017-08-24,33.400001525878906,33.16999816894531,33.369998931884766,33.22999954223633,11518400.0,30.345121383666992
2017-08-25,33.619998931884766,33.22999954223633,33.279998779296875,33.38999938964844,14393900.0,30.49123764038086
2017-08-28,33.619998931884766,33.40999984741211,33.5,33.470001220703125,12365300.0,30.56429100036621
2017-08-29,33.54999923706055,33.2400016784668,33.43000030517578,33.5,12224000.0,30.591686248779297
2017-08-30,33.47999954223633,33.25,33.47999954223633,33.45000076293945,11759900.0,30.54602813720703
2017-08-31,34.02000045776367,33.47999954223633,33.5,33.91999816894531,25901800.0,30.9752197265625
2017-09-01,34.130001068115234,33.81999969482422,33.939998626708984,33.959999084472656,18179100.0,31.011749267578125
2017-09-05,34.16999816894531,33.75,33.880001068115234,33.79999923706055,14296600.0,30.86564064025879
2017-09-06,34.11000061035156,33.90999984741211,33.95000076293945,33.9900016784668,13212300.0,31.03914451599121
2017-09-07,34.130001068115234,33.810001373291016,34.040000915527344,33.9900016784668,17867100.0,31.03914451599121
2017-09-08,34.25,33.79999923706055,33.95000076293945,34.099998474121094,15442400.0,31.13959503173828
2017-09-11,34.34000015258789,33.97999954223633,34.09000015258789,34.31999969482422,16379500.0,31.340497970581055
2017-09-12,35.75,34.36000061035156,34.380001068115234,35.369998931884766,37256500.0,32.299339294433594
2017-09-13,35.43000030517578,34.970001220703125,35.2599983215332,35.060001373291016,20982400.0,32.01625442504883
2017-09-14,35.84000015258789,35.0,35.04999923706055,35.72999954223633,27426800.0,32.62808609008789
2017-09-15,35.720001220703125,35.2400016784668,35.599998474121094,35.36000061035156,28871100.0,32.29021072387695
2017-09-18,35.54999923706055,35.209999084472656,35.380001068115234,35.54999923706055,16936200.0,32.463706970214844
2017-09-19,35.65999984741211,35.349998474121094,35.65999984741211,35.45000076293945,15692200.0,32.37239456176758
2017-09-20,36.209999084472656,35.810001373291016,35.93000030517578,35.9900016784668,25680100.0,32.86551284790039
2017-09-21,36.189998626708984,35.90999984741211,36.060001373291016,35.970001220703125,15731100.0,32.84725570678711
2017-09-22,36.119998931884766,35.77000045776367,36.099998474121094,35.959999084472656,14605400.0,32.83811950683594
2017-09-25,36.029998779296875,35.439998626708984,35.900001525878906,35.5099983215332,22182000.0,32.427181243896484
2017-09-26,35.650001525878906,35.2400016784668,35.5099983215332,35.29999923706055,17559800.0,32.23542022705078
2017-09-27,35.529998779296875,35.189998626708984,35.25,35.45000076293945,14708500.0,32.37239456176758
2017-09-28,35.779998779296875,35.220001220703125,35.27000045776367,35.599998474121094,18062700.0,32.509368896484375
2017-09-29,35.70000076293945,35.349998474121094,35.63999938964844,35.70000076293945,16003700.0,32.60068893432617
2017-10-02,36.099998474121094,35.4900016784668,35.66999816894531,36.06999969482422,16642600.0,32.938568115234375
2017-10-03,36.20000076293945,35.75,36.02000045776367,36.13999938964844,13594300.0,33.00249099731445
2017-10-04,36.2400016784668,35.900001525878906,36.18000030517578,35.959999084472656,10849400.0,32.83811950683594
2017-10-05,36.0,35.75,35.880001068115234,36.0,13605700.0,32.87464141845703
2017-10-06,36.13999938964844,35.939998626708984,35.9900016784668,36.04999923706055,12060100.0,32.92030334472656
2017-10-09,36.150001525878906,35.93000030517578,36.060001373291016,36.13999938964844,9751500.0,33.00249099731445
2017-10-10,36.5099983215332,36.029998779296875,36.380001068115234,36.400001525878906,17739500.0,33.239925384521484
2017-10-11,36.47999954223633,36.20000076293945,36.369998931884766,36.45000076293945,17233100.0,33.28558349609375
2017-10-12,36.599998474121094,36.279998779296875,36.47999954223633,36.349998474121094,13994400.0,33.19425964355469
2017-10-13,36.4900016784668,36.25,36.369998931884766,36.34000015258789,12769300.0,33.18512725830078
2017-10-16,36.47999954223633,35.880001068115234,36.349998474121094,35.97999954223633,13581600.0,32.856380462646484
2017-10-17,36.33000183105469,35.75,35.93000030517578,36.20000076293945,14019700.0,33.057281494140625
2017-10-18,36.290000915527344,35.790000915527344,36.25,35.83000183105469,14418000.0,32.71940231323242
2017-10-19,36.380001068115234,35.84000015258789,35.88999938964844,36.2400016784668,19789400.0,33.093807220458984
2017-10-20,36.41999816894531,36.029998779296875,36.29999923706055,36.41999816894531,17502200.0,33.2581787109375
2017-10-23,36.779998779296875,36.29999923706055,36.29999923706055,36.400001525878906,15159400.0,33.239925384521484
2017-10-24,36.529998779296875,35.9900016784668,36.45000076293945,36.27000045776367,15015300.0,33.12120056152344
2017-10-25,36.349998474121094,35.91999816894531,36.20000076293945,36.15999984741211,16625700.0,33.020755767822266
2017-10-26,36.220001220703125,35.599998474121094,36.09000015258789,35.7400016784668,17432900.0,32.63722229003906
2017-10-27,35.75,35.400001525878906,35.529998779296875,35.599998474121094,14940100.0,32.509368896484375
2017-10-30,35.470001220703125,35.02000045776367,35.43000030517578,35.150001525878906,25312700.0,32.098445892333984
2017-10-31,35.34000015258789,34.099998474121094,35.04999923706055,35.060001373291016,23523800.0,32.01625442504883
2017-11-01,35.72999954223633,34.900001525878906,35.0099983215332,35.2599983215332,15709200.0,32.19888687133789
2017-11-02,35.5099983215332,35.029998779296875,35.27000045776367,35.459999084472656,13168900.0,32.38152313232422
2017-11-03,35.560001373291016,35.31999969482422,35.45000076293945,35.54999923706055,8878800.0,32.463706970214844
2017-11-06,35.61000061035156,35.119998931884766,35.59000015258789,35.31999969482422,10626700.0,32.25368118286133
2017-11-07,35.41999816894531,35.2400016784668,35.29999923706055,35.36000061035156,10892700.0,32.29021072387695
2017-11-08,35.38999938964844,35.029998779296875,35.369998931884766,35.34000015258789,13569400.0,32.27194595336914
2017-11-09,35.25,34.84000015258789,35.08000183105469,35.20000076293945,13366900.0,32.43782043457031
2017-11-10,35.189998626708984,34.79999923706055,35.099998474121094,35.18000030517578,15046100.0,32.41938400268555
2017-11-13,35.47999954223633,35.13999938964844,35.220001220703125,35.29999923706055,23788100.0,32.529972076416016
2017-11-14,35.70000076293945,35.220001220703125,35.25,35.380001068115234,16393300.0,32.603702545166016
2017-11-15,35.5,35.22999954223633,35.279998779296875,35.36000061035156,12947000.0,32.585262298583984
2017-11-16,35.58000183105469,35.25,35.34000015258789,35.560001373291016,12927800.0,32.769569396972656
2017-11-17,35.4900016784668,35.16999816894531,35.369998931884766,35.369998931884766,14847500.0,32.594478607177734
2017-11-20,35.45000076293945,35.27000045776367,35.380001068115234,35.349998474121094,11817400.0,32.5760498046875
2017-11-21,35.72999954223633,35.380001068115234,35.400001525878906,35.540000915527344,12650000.0,32.751136779785156
2017-11-22,35.5,35.31999969482422,35.45000076293945,35.43000030517578,10553100.0,32.6497802734375
2017-11-24,35.560001373291016,35.369998931884766,35.5099983215332,35.4900016784668,6397300.0,32.70506286621094
2017-11-27,35.650001525878906,35.380001068115234,35.52000045776367,35.4900016784668,10292800.0,32.70506286621094
2017-11-28,35.88999938964844,35.52000045776367,35.59000015258789,35.849998474121094,12985800.0,33.036808013916016
2017-11-29,36.40999984741211,35.880001068115234,35.939998626708984,36.209999084472656,15296800.0,33.368560791015625
2017-11-30,36.47999954223633,36.08000183105469,36.209999084472656,36.2599983215332,22830800.0,33.41463851928711
2017-12-01,36.5,36.0099983215332,36.290000915527344,36.349998474121094,18584900.0,33.49757766723633
2017-12-04,36.619998931884766,36.04999923706055,36.4900016784668,36.060001373291016,14086800.0,33.230342864990234
2017-12-05,36.189998626708984,35.5099983215332,35.91999816894531,35.630001068115234,22320600.0,32.83407974243164
2017-12-06,35.880001068115234,35.5099983215332,35.58000183105469,35.560001373291016,17379200.0,32.769569396972656
2017-12-07,35.63999938964844,35.150001525878906,35.560001373291016,35.5,15807800.0,32.71427536010742
2017-12-08,35.77000045776367,35.31999969482422,35.31999969482422,35.7400016784668,14901100.0,32.935447692871094
2017-12-11,36.2599983215332,35.689998626708984,36.040000915527344,36.209999084472656,14362900.0,33.368560791015625
2017-12-12,36.81999969482422,36.25,36.36000061035156,36.58000183105469,22485900.0,33.70953369140625
2017-12-13,36.79999923706055,36.470001220703125,36.56999969482422,36.63999938964844,15787200.0,33.76482009887695
2017-12-14,36.88999938964844,36.34000015258789,36.72999954223633,36.459999084472656,14786900.0,33.59894561767578
2017-12-15,37.22999954223633,36.709999084472656,36.779998779296875,37.20000076293945,37779900.0,34.28087615966797
2017-12-18,37.349998474121094,37.060001373291016,37.220001220703125,37.130001068115234,16765100.0,34.21636962890625
2017-12-19,37.22999954223633,36.880001068115234,37.20000076293945,36.939998626708984,14058500.0,34.04127502441406
2017-12-20,37.13999938964844,36.41999816894531,36.9900016784668,36.459999084472656,15099200.0,33.59894561767578
2017-12-21,36.599998474121094,36.189998626708984,36.540000915527344,36.2400016784668,14769400.0,33.396209716796875
2017-12-22,36.380001068115234,36.04999923706055,36.27000045776367,36.13999938964844,8599200.0,33.304054260253906
2017-12-26,36.27000045776367,35.95000076293945,36.09000015258789,36.209999084472656,10892400.0,33.368560791015625
2017-12-27,36.459999084472656,36.22999954223633,36.310001373291016,36.33000183105469,8319700.0,33.479148864746094
2017-12-28,36.529998779296875,36.25,36.36000061035156,36.369998931884766,6583900.0,33.51600646972656
2017-12-29,36.4900016784668,36.220001220703125,36.22999954223633,36.220001220703125,11421500.0,33.37778091430664
2018-01-02,36.52000045776367,36.2400016784668,36.380001068115234,36.439998626708984,16185800.0,33.58052062988281
2018-01-03,36.77000045776367,36.22999954223633,36.45000076293945,36.709999084472656,13456500.0,33.82933044433594
2018-01-04,36.91999816894531,36.599998474121094,36.709999084472656,36.790000915527344,12378100.0,33.903053283691406
2018-01-05,36.880001068115234,36.61000061035156,36.81999969482422,36.86000061035156,12492900.0,33.96755599975586
2018-01-08,36.79999923706055,36.33000183105469,36.720001220703125,36.45000076293945,18941500.0,33.5897331237793
2018-01-09,36.63999938964844,36.36000061035156,36.439998626708984,36.40999984741211,16011600.0,33.55287551879883
2018-01-10,36.61000061035156,36.310001373291016,36.34000015258789,36.470001220703125,17794900.0,33.6081657409668
2018-01-11,36.70000076293945,36.41999816894531,36.63999938964844,36.560001373291016,14328800.0,33.69110107421875
2018-01-12,36.79999923706055,36.459999084472656,36.630001068115234,36.540000915527344,19203700.0,33.67266845703125
2018-01-16,36.97999954223633,36.470001220703125,36.56999969482422,36.599998474121094,28972200.0,33.72795867919922
2018-01-17,37.369998931884766,36.77000045776367,36.81999969482422,37.18000030517578,24034500.0,34.262447357177734
2018-01-18,37.16999816894531,36.70000076293945,37.16999816894531,36.9900016784668,18924600.0,34.08735656738281
2018-01-19,37.279998779296875,36.5,37.189998626708984,36.939998626708984,29538600.0,34.04127502441406
2018-01-22,37.06999969482422,36.72999954223633,36.88999938964844,36.93000030517578,20285100.0,34.03207015991211
2018-01-23,37.08000183105469,36.540000915527344,36.81999969482422,36.81999969482422,17578000.0,33.93069839477539
2018-01-24,37.06999969482422,36.72999954223633,36.9900016784668,36.93000030517578,17716500.0,34.03207015991211
2018-01-25,37.34000015258789,36.900001525878906,36.970001220703125,37.22999954223633,18015400.0,34.30851745605469
2018-01-26,39.09000015258789,37.29999923706055,37.29999923706055,39.0099983215332,48805900.0,35.948848724365234
2018-01-29,39.43000030517578,38.77000045776367,39.0,39.02000045776367,34894700.0,35.95806121826172
2018-01-30,38.75,37.349998474121094,38.209999084472656,37.79999923706055,45999700.0,34.83380126953125
2018-01-31,37.9900016784668,36.83000183105469,37.91999816894531,37.040000915527344,34022700.0,34.1334342956543
2018-02-01,37.400001525878906,36.61000061035156,36.61000061035156,36.83000183105469,28176400.0,34.25434875488281
2018-02-02,37.25,36.5099983215332,36.599998474121094,36.61000061035156,24277900.0,34.04972839355469
2018-02-05,36.70000076293945,34.0,36.47999954223633,34.66999816894531,40288100.0,32.24539566040039
2018-02-06,35.47999954223633,34.0,34.15999984741211,35.279998779296875,53164200.0,32.81273651123047
2018-02-07,35.650001525878906,34.970001220703125,35.130001068115234,34.97999954223633,29370000.0,32.53371810913086
2018-02-08,35.16999816894531,33.599998474121094,35.0,33.630001068115234,43501700.0,31.278133392333984
2018-02-09,34.43000030517578,33.20000076293945,34.189998626708984,34.15999984741211,47297700.0,31.77106475830078
2018-02-12,34.869998931884766,34.029998779296875,34.45000076293945,34.65999984741211,36758700.0,32.23610305786133
2018-02-13,35.029998779296875,34.40999984741211,34.56999969482422,34.939998626708984,20455000.0,32.496517181396484
2018-02-14,35.34000015258789,34.560001373291016,34.70000076293945,35.189998626708984,23239800.0,32.729034423828125
2018-02-15,35.72999954223633,35.08000183105469,35.369998931884766,35.709999084472656,21431100.0,33.21266555786133
2018-02-16,36.65999984741211,35.68000030517578,35.7599983215332,36.2599983215332,26242500.0,33.72420120239258
2018-02-20,36.4900016784668,35.880001068115234,36.02000045776367,36.0099983215332,25808700.0,33.49168395996094
2018-02-21,36.59000015258789,35.72999954223633,35.970001220703125,35.7599983215332,24546800.0,33.25917053222656
2018-02-22,36.150001525878906,35.61000061035156,35.869998931884766,35.7400016784668,22754700.0,33.24057388305664
2018-02-23,36.29999923706055,35.83000183105469,35.93000030517578,36.2599983215332,17020900.0,33.72420120239258
2018-02-26,37.209999084472656,36.209999084472656,36.290000915527344,37.09000015258789,24105600.0,34.49616241455078
2018-02-27,37.2400016784668,36.7400016784668,37.06999969482422,36.79999923706055,22336900.0,34.226436614990234
2018-02-28,37.279998779296875,36.310001373291016,37.029998779296875,36.310001373291016,26907900.0,33.77070617675781
2018-03-01,36.27000045776367,35.20000076293945,36.119998931884766,35.630001068115234,28731400.0,33.13826370239258
2018-03-02,36.06999969482422,35.400001525878906,35.54999923706055,35.95000076293945,21130300.0,33.435882568359375
2018-03-05,36.279998779296875,35.77000045776367,35.81999969482422,36.119998931884766,21176100.0,33.593994140625
2018-03-06,36.2400016784668,35.75,36.2400016784668,35.880001068115234,17081100.0,33.37077713012695
2018-03-07,36.08000183105469,35.54999923706055,35.599998474121094,35.93000030517578,22239400.0,33.41728591918945
2018-03-08,36.5,35.93000030517578,35.9900016784668,36.5,20537600.0,33.94741439819336
2018-03-09,36.91999816894531,36.529998779296875,36.61000061035156,36.77000045776367,18311900.0,34.19853973388672
2018-03-12,37.0,36.5,36.91999816894531,36.61000061035156,25210300.0,34.04972839355469
2018-03-13,36.959999084472656,36.43000030517578,36.79999923706055,36.75,28046200.0,34.17993927001953
2018-03-14,36.9900016784668,36.18000030517578,36.84000015258789,36.349998474121094,22180700.0,33.80791473388672
2018-03-15,36.810001373291016,36.349998474121094,36.349998474121094,36.58000183105469,19457600.0,34.02183151245117
2018-03-16,37.040000915527344,36.619998931884766,36.63999938964844,36.779998779296875,32376900.0,34.20783996582031
2018-03-19,36.79999923706055,36.08000183105469,36.79999923706055,36.33000183105469,18978900.0,33.789310455322266
2018-03-20,36.54999923706055,36.119998931884766,36.369998931884766,36.33000183105469,19256000.0,33.789310455322266
2018-03-21,36.72999954223633,36.20000076293945,36.4900016784668,36.27000045776367,18094300.0,33.73350524902344
2018-03-22,36.13999938964844,35.470001220703125,36.029998779296875,35.599998474121094,20962700.0,33.11035919189453
2018-03-23,35.5,34.439998626708984,35.4900016784668,34.4900016784668,27880200.0,32.07798767089844
2018-03-26,35.150001525878906,34.31999969482422,34.93000030517578,35.040000915527344,23649400.0,32.58951950073242
2018-03-27,35.560001373291016,34.779998779296875,35.18000030517578,35.0099983215332,27357900.0,32.56161880493164
2018-03-28,35.810001373291016,35.119998931884766,35.18000030517578,35.29999923706055,24999700.0,32.83134078979492
2018-03-29,35.66999816894531,35.06999969482422,35.52000045776367,35.4900016784668,23533900.0,33.008052825927734
2018-04-02,35.7400016784668,34.7599983215332,35.41999816894531,35.04999923706055,26872200.0,32.598819732666016
2018-04-03,35.7400016784668,34.91999816894531,35.11000061035156,35.68000030517578,20254200.0,33.18476867675781
2018-04-04,36.22999954223633,35.2400016784668,35.31999969482422,36.130001068115234,20883000.0,33.60329818725586
2018-04-05,36.0,35.529998779296875,35.66999816894531,35.72999954223633,24460900.0,33.23127365112305
2018-04-06,35.869998931884766,34.88999938964844,35.560001373291016,35.16999816894531,21146300.0,32.710426330566406
2018-04-09,35.93000030517578,35.220001220703125,35.29999923706055,35.459999084472656,19409200.0,32.98015213012695
2018-04-10,36.099998474121094,35.720001220703125,36.0,35.95000076293945,19608400.0,33.435882568359375
2018-04-11,36.06999969482422,35.59000015258789,35.72999954223633,35.790000915527344,13168800.0,33.287078857421875
2018-04-12,36.5,35.970001220703125,36.029998779296875,36.31999969482422,22597700.0,33.780006408691406
2018-04-13,36.5,36.130001068115234,36.40999984741211,36.31999969482422,16863700.0,33.780006408691406
2018-04-16,36.72999954223633,36.38999938964844,36.5,36.529998779296875,15116100.0,33.975318908691406
2018-04-17,36.779998779296875,36.27000045776367,36.75,36.33000183105469,16770000.0,33.789310455322266
2018-04-18,36.59000015258789,36.279998779296875,36.380001068115234,36.4900016784668,13901800.0,33.9381217956543
2018-04-19,36.689998626708984,36.27000045776367,36.38999938964844,36.529998779296875,15784300.0,33.975318908691406
2018-04-20,36.790000915527344,36.470001220703125,36.5,36.630001068115234,21225800.0,34.068328857421875
2018-04-23,36.88999938964844,36.599998474121094,36.66999816894531,36.79999923706055,24080700.0,34.226436614990234
2018-04-24,37.27000045776367,36.77000045776367,36.90999984741211,37.060001373291016,25717600.0,34.46826171875
2018-04-25,37.040000915527344,36.5099983215332,36.91999816894531,36.68000030517578,26309500.0,34.114830017089844
2018-04-26,37.099998474121094,36.75,36.79999923706055,36.849998474121094,19360200.0,34.2729377746582
2018-04-27,37.11000061035156,36.70000076293945,36.779998779296875,37.0,13686100.0,34.412452697753906
2018-04-30,37.18000030517578,36.400001525878906,37.130001068115234,36.61000061035156,26846100.0,34.04972839355469
2018-05-01,36.04999923706055,34.63999938964844,35.58000183105469,35.400001525878906,48651000.0,32.924346923828125
2018-05-02,35.369998931884766,34.7400016784668,35.16999816894531,34.88999938964844,28036300.0,32.450016021728516
2018-05-03,34.880001068115234,34.41999816894531,34.81999969482422,34.7599983215332,22313000.0,32.3291015625
2018-05-04,34.9900016784668,34.369998931884766,34.560001373291016,34.84000015258789,18781700.0,32.40351104736328
2018-05-07,35.130001068115234,34.709999084472656,34.790000915527344,34.93000030517578,20474400.0,32.487213134765625
2018-05-08,35.09000015258789,34.709999084472656,34.90999984741211,34.97999954223633,26821300.0,32.53371810913086
2018-05-09,35.40999984741211,34.869998931884766,35.02000045776367,35.16999816894531,19383500.0,32.710426330566406
2018-05-10,35.310001373291016,34.88999938964844,35.0,35.040000915527344,29323200.0,32.90765380859375
2018-05-11,35.560001373291016,35.06999969482422,35.130001068115234,35.5,20512300.0,33.33966064453125
2018-05-14,35.91999816894531,35.4900016784668,35.5099983215332,35.86000061035156,20384300.0,33.67774963378906
2018-05-15,35.779998779296875,35.47999954223633,35.5099983215332,35.689998626708984,18354500.0,33.518096923828125
2018-05-16,35.880001068115234,35.56999969482422,35.72999954223633,35.68000030517578,20750200.0,33.508705139160156
2018-05-17,35.779998779296875,35.439998626708984,35.630001068115234,35.709999084472656,12354300.0,33.5368766784668
2018-05-18,35.75,35.43000030517578,35.61000061035156,35.63999938964844,14928500.0,33.47113800048828
2018-05-21,35.869998931884766,35.52000045776367,35.709999084472656,35.79999923706055,16890800.0,33.62140655517578
2018-05-22,36.09000015258789,35.689998626708984,35.79999923706055,35.720001220703125,13735600.0,33.5462760925293
2018-05-23,36.029998779296875,35.630001068115234,35.68000030517578,35.970001220703125,19315600.0,33.78105926513672
2018-05-24,36.09000015258789,35.77000045776367,35.959999084472656,35.88999938964844,16625300.0,33.7059211730957
2018-05-25,35.91999816894531,35.540000915527344,35.81999969482422,35.68000030517578,14236600.0,33.508705139160156
2018-05-29,35.72999954223633,35.31999969482422,35.369998931884766,35.70000076293945,26735900.0,33.52749252319336
2018-05-30,36.25,35.900001525878906,35.95000076293945,36.04999923706055,27603200.0,33.8561897277832
2018-05-31,36.20000076293945,35.88999938964844,35.95000076293945,35.93000030517578,29342000.0,33.743492126464844
2018-06-01,36.279998779296875,36.11000061035156,36.2599983215332,36.25,21200200.0,34.04402160644531
2018-06-04,36.560001373291016,36.22999954223633,36.40999984741211,36.45000076293945,18041100.0,34.231849670410156
2018-06-05,36.63999938964844,36.34000015258789,36.5099983215332,36.439998626708984,20375800.0,34.22245788574219
2018-06-06,36.56999969482422,36.189998626708984,36.400001525878906,36.380001068115234,18375800.0,34.166107177734375
2018-06-07,36.59000015258789,36.369998931884766,36.4900016784668,36.4900016784668,16208100.0,34.26941680908203
2018-06-08,36.709999084472656,36.45000076293945,36.529998779296875,36.66999816894531,15610800.0,34.438453674316406
2018-06-11,36.79999923706055,36.279998779296875,36.79999923706055,36.29999923706055,18506300.0,34.09097671508789
2018-06-12,36.400001525878906,36.150001525878906,36.38999938964844,36.29999923706055,15533100.0,34.09097671508789
2018-06-13,36.5099983215332,36.20000076293945,36.369998931884766,36.220001220703125,15208000.0,34.015846252441406
2018-06-14,36.38999938964844,36.04999923706055,36.220001220703125,36.15999984741211,18936800.0,33.95949935913086
2018-06-15,36.38999938964844,36.029998779296875,36.189998626708984,36.36000061035156,46638500.0,34.14732360839844
2018-06-18,36.220001220703125,35.72999954223633,36.130001068115234,36.15999984741211,22906500.0,33.95949935913086
2018-06-19,36.36000061035156,35.869998931884766,35.88999938964844,36.220001220703125,17537600.0,34.015846252441406
2018-06-20,36.58000183105469,36.209999084472656,36.290000915527344,36.459999084472656,20260200.0,34.241241455078125
2018-06-21,36.36000061035156,36.150001525878906,36.27000045776367,36.29999923706055,16027600.0,34.09097671508789
2018-06-22,36.63999938964844,36.400001525878906,36.4900016784668,36.5099983215332,25634200.0,34.2881965637207
2018-06-25,36.459999084472656,36.13999938964844,36.31999969482422,36.380001068115234,19378100.0,34.166107177734375
2018-06-26,36.59000015258789,36.29999923706055,36.400001525878906,36.380001068115234,24131900.0,34.166107177734375
2018-06-27,36.54999923706055,36.18000030517578,36.29999923706055,36.209999084472656,27890100.0,34.00645446777344
2018-06-28,36.4900016784668,36.11000061035156,36.11000061035156,36.36000061035156,15660500.0,34.14732360839844
2018-06-29,36.58000183105469,36.279998779296875,36.45000076293945,36.279998779296875,19900100.0,34.07218551635742
2018-07-02,36.369998931884766,36.0,36.0,36.33000183105469,13810600.0,34.11914825439453
2018-07-03,36.58000183105469,36.2400016784668,36.38999938964844,36.349998474121094,9115900.0,34.13793182373047
2018-07-05,36.90999984741211,36.5099983215332,36.540000915527344,36.869998931884766,19346400.0,34.626285552978516
2018-07-06,37.2400016784668,36.880001068115234,37.0,37.11000061035156,17984300.0,34.8516845703125
2018-07-09,37.470001220703125,37.0099983215332,37.27000045776367,37.15999984741211,21185400.0,34.89863586425781
2018-07-10,37.5,37.20000076293945,37.29999923706055,37.43000030517578,19216200.0,35.1522102355957
2018-07-11,37.40999984741211,37.15999984741211,37.25,37.209999084472656,16883600.0,34.945594787597656
2018-07-12,37.560001373291016,37.209999084472656,37.40999984741211,37.52000045776367,16105200.0,35.23674011230469
2018-07-13,37.59000015258789,37.220001220703125,37.5,37.529998779296875,14447100.0,35.24612808227539
2018-07-16,37.54999923706055,37.290000915527344,37.47999954223633,37.380001068115234,16972200.0,35.105255126953125
2018-07-17,37.77000045776367,37.45000076293945,37.459999084472656,37.650001525878906,14933600.0,35.358821868896484
2018-07-18,37.72999954223633,37.47999954223633,37.59000015258789,37.65999984741211,19737600.0,35.36821746826172
2018-07-19,37.599998474121094,37.310001373291016,37.45000076293945,37.36000061035156,15746500.0,35.08647155761719
2018-07-20,37.33000183105469,37.119998931884766,37.20000076293945,37.33000183105469,14737000.0,35.05830001831055
2018-07-23,37.5099983215332,37.13999938964844,37.34000015258789,37.209999084472656,19784700.0,34.945594787597656
2018-07-24,37.75,37.27000045776367,37.369998931884766,37.70000076293945,16892600.0,35.40578079223633
2018-07-25,38.06999969482422,37.560001373291016,37.66999816894531,37.9900016784668,16291300.0,35.67813491821289
2018-07-26,38.369998931884766,38.040000915527344,38.040000915527344,38.15999984741211,23567900.0,35.83778762817383
2018-07-27,38.47999954223633,38.06999969482422,38.099998474121094,38.40999984741211,20979100.0,36.072574615478516
2018-07-30,38.68000030517578,38.18000030517578,38.36000061035156,38.59000015258789,20855300.0,36.24161911010742
2018-07-31,39.9900016784668,38.13999938964844,38.209999084472656,39.93000030517578,48232800.0,37.50008010864258
2018-08-01,40.31999969482422,39.540000915527344,39.630001068115234,40.27000045776367,31057500.0,37.81938552856445
2018-08-02,40.220001220703125,39.529998779296875,39.619998931884766,39.650001525878906,30246000.0,37.5541877746582
2018-08-03,40.65999984741211,39.4900016784668,39.619998931884766,40.540000915527344,25966200.0,38.39714050292969
2018-08-06,41.220001220703125,40.33000183105469,40.36000061035156,41.040000915527344,26071700.0,38.87070846557617
2018-08-07,41.25,40.790000915527344,40.849998474121094,40.84000015258789,17958800.0,38.68128204345703
2018-08-08,41.63999938964844,40.58000183105469,40.709999084472656,41.40999984741211,24513700.0,39.22114944458008
2018-08-09,41.369998931884766,40.810001373291016,41.29999923706055,41.0,19090400.0,38.832828521728516
2018-08-10,41.310001373291016,40.70000076293945,40.810001373291016,40.93000030517578,17262000.0,38.76652526855469
2018-08-13,41.209999084472656,40.810001373291016,40.95000076293945,40.810001373291016,18843100.0,38.652870178222656
2018-08-14,41.040000915527344,40.540000915527344,40.84000015258789,40.709999084472656,16448600.0,38.55815505981445
2018-08-15,41.2400016784668,40.650001525878906,40.79999923706055,41.15999984741211,21279400.0,38.9843635559082
2018-08-16,41.470001220703125,41.06999969482422,41.22999954223633,41.41999816894531,15614300.0,39.230621337890625
2018-08-17,42.189998626708984,41.470001220703125,41.47999954223633,42.09000015258789,24583200.0,39.86521530151367
2018-08-20,42.77000045776367,42.09000015258789,42.20000076293945,42.33000183105469,21367200.0,40.092529296875
2018-08-21,42.439998626708984,41.9900016784668,42.33000183105469,42.15999984741211,17678600.0,39.931514739990234
2018-08-22,42.34000015258789,41.810001373291016,42.150001525878906,42.06999969482422,14233100.0,39.84626770019531
2018-08-23,42.31999969482422,41.959999084472656,42.11000061035156,42.20000076293945,19954600.0,39.969398498535156
2018-08-24,42.4900016784668,42.0,42.43000030517578,42.400001525878906,20551900.0,40.1588249206543
2018-08-27,42.619998931884766,41.310001373291016,42.52000045776367,41.58000183105469,23231400.0,39.38216781616211
2018-08-28,41.779998779296875,41.31999969482422,41.61000061035156,41.5,18853600.0,39.306396484375
2018-08-29,41.619998931884766,41.16999816894531,41.5,41.5,14976300.0,39.306396484375
2018-08-30,41.90999984741211,41.20000076293945,41.22999954223633,41.5,15194900.0,39.306396484375
2018-08-31,41.58000183105469,41.09000015258789,41.290000915527344,41.52000045776367,19908500.0,39.325340270996094
2018-09-04,41.54999923706055,41.220001220703125,41.47999954223633,41.369998931884766,14492200.0,39.18326187133789
2018-09-05,41.91999816894531,41.2599983215332,41.290000915527344,41.849998474121094,20702000.0,39.63789749145508
2018-09-06,41.90999984741211,41.45000076293945,41.849998474121094,41.779998779296875,17416300.0,39.57159423828125
2018-09-07,42.349998474121094,41.459999084472656,41.59000015258789,42.20000076293945,20134400.0,39.969398498535156
2018-09-10,42.720001220703125,42.04999923706055,42.380001068115234,42.060001373291016,20381600.0,39.836795806884766
2018-09-11,42.43000030517578,41.95000076293945,42.0,42.310001373291016,18651600.0,40.07358169555664
2018-09-12,42.790000915527344,42.279998779296875,42.29999923706055,42.40999984741211,16611200.0,40.168296813964844
2018-09-13,42.91999816894531,42.43000030517578,42.5,42.849998474121094,17709800.0,40.58503723144531
2018-09-14,43.0,42.5,42.75,42.959999084472656,15939900.0,40.68921661376953
2018-09-17,43.18000030517578,42.7400016784668,43.02000045776367,43.0099983215332,16038200.0,40.73657989501953
2018-09-18,43.68000030517578,42.83000183105469,43.0,43.5099983215332,19416500.0,41.210147857666016
2018-09-19,43.68000030517578,42.9900016784668,43.41999816894531,43.2599983215332,22564600.0,40.97336196899414
2018-09-20,43.880001068115234,43.349998474121094,43.369998931884766,43.75,17476100.0,41.43746566772461
2018-09-21,44.20000076293945,43.61000061035156,43.779998779296875,44.060001373291016,35192200.0,41.73108673095703
2018-09-24,44.459999084472656,43.83000183105469,43.939998626708984,43.93000030517578,17162800.0,41.60795593261719
2018-09-25,44.290000915527344,43.7599983215332,44.130001068115234,43.790000915527344,14533700.0,41.475345611572266
2018-09-26,44.310001373291016,43.63999938964844,43.84000015258789,43.68000030517578,17442900.0,41.37116622924805
2018-09-27,44.18000030517578,43.68000030517578,43.790000915527344,43.900001525878906,14124700.0,41.57954025268555
2018-09-28,44.13999938964844,43.72999954223633,43.93000030517578,44.06999969482422,14662800.0,41.74055099487305
2018-10-01,44.52000045776367,43.90999984741211,44.029998779296875,44.27000045776367,16008100.0,41.92998504638672
2018-10-02,44.38999938964844,44.130001068115234,44.209999084472656,44.220001220703125,17236900.0,41.882625579833984
2018-10-03,44.84000015258789,44.279998779296875,44.279998779296875,44.810001373291016,22730200.0,42.44144058227539
2018-10-04,44.790000915527344,44.290000915527344,44.529998779296875,44.70000076293945,17989000.0,42.337249755859375
2018-10-05,45.0,44.599998474121094,44.709999084472656,44.90999984741211,17184600.0,42.536155700683594
2018-10-08,45.31999969482422,44.70000076293945,44.75,45.279998779296875,23415200.0,42.8865966796875
2018-10-09,45.810001373291016,44.790000915527344,44.9900016784668,45.470001220703125,20386000.0,43.066551208496094
2018-10-10,45.72999954223633,44.47999954223633,45.45000076293945,44.5099983215332,32017300.0,42.15729522705078
2018-10-11,44.4900016784668,42.400001525878906,44.36000061035156,42.810001373291016,42029600.0,40.54715347290039
2018-10-12,43.959999084472656,42.63999938964844,42.77000045776367,43.779998779296875,28858700.0,41.465877532958984
2018-10-15,43.709999084472656,42.97999954223633,43.650001525878906,43.119998931884766,22773000.0,40.840763092041016
2018-10-16,43.97999954223633,43.040000915527344,43.349998474121094,43.93000030517578,21208400.0,41.60795593261719
2018-10-17,44.79999923706055,43.75,43.77000045776367,44.56999969482422,21967900.0,42.21412658691406
2018-10-18,44.5,43.709999084472656,44.34000015258789,44.0,21345700.0,41.674259185791016
2018-10-19,44.83000183105469,43.97999954223633,44.04999923706055,44.5,18562500.0,42.14781951904297
2018-10-22,44.5099983215332,44.02000045776367,44.439998626708984,44.369998931884766,17103300.0,42.02469253540039
2018-10-23,44.31999969482422,43.689998626708984,43.88999938964844,44.099998474121094,21891000.0,41.76896667480469
2018-10-24,44.290000915527344,42.36000061035156,43.810001373291016,42.47999954223633,35035300.0,40.234596252441406
2018-10-25,43.939998626708984,41.65999984741211,42.38999938964844,43.40999984741211,36623000.0,41.11543655395508
2018-10-26,43.279998779296875,42.18000030517578,43.04999923706055,42.599998474121094,28743200.0,40.3482551574707
2018-10-29,43.68000030517578,42.560001373291016,42.95000076293945,43.22999954223633,30215900.0,40.94495391845703
2018-10-30,43.09000015258789,41.779998779296875,41.95000076293945,42.88999938964844,33609300.0,40.622920989990234
2018-10-31,43.65999984741211,42.709999084472656,43.0099983215332,43.060001373291016,26748800.0,40.783939361572266
2018-11-01,43.83000183105469,43.09000015258789,43.20000076293945,43.66999816894531,23034300.0,41.361690521240234
2018-11-02,43.84000015258789,42.47999954223633,43.7599983215332,42.93000030517578,22982000.0,40.66081237792969
2018-11-05,43.619998931884766,42.83000183105469,42.83000183105469,43.52000045776367,20520300.0,41.21961975097656
2018-11-06,43.59000015258789,42.689998626708984,43.58000183105469,43.0099983215332,21057100.0,40.73657989501953
2018-11-07,44.560001373291016,43.290000915527344,43.380001068115234,44.400001525878906,34909800.0,42.0531120300293
2018-11-08,44.20000076293945,43.470001220703125,43.86000061035156,43.849998474121094,24380000.0,41.8526725769043
2018-11-09,44.61000061035156,43.720001220703125,43.720001220703125,44.279998779296875,24708400.0,42.26308822631836
2018-11-12,44.54999923706055,43.900001525878906,44.279998779296875,44.11000061035156,20734200.0,42.100826263427734
2018-11-13,44.459999084472656,43.349998474121094,44.33000183105469,43.52000045776367,19126200.0,41.53770446777344
2018-11-14,43.849998474121094,42.709999084472656,43.7599983215332,42.90999984741211,26943900.0,40.95549392700195
2018-11-15,43.38999938964844,42.349998474121094,42.70000076293945,43.209999084472656,24607500.0,41.2418212890625
2018-11-16,43.779998779296875,42.90999984741211,43.099998474121094,43.5099983215332,23344000.0,41.528160095214844
2018-11-19,44.27000045776367,43.5099983215332,43.619998931884766,44.18000030517578,22458800.0,42.16764450073242
2018-11-20,44.38999938964844,43.400001525878906,44.0099983215332,43.529998779296875,21791800.0,41.54724884033203
2018-11-21,43.5,42.77000045776367,43.5,43.099998474121094,18658300.0,41.13683319091797
2018-11-23,43.54999923706055,42.79999923706055,42.95000076293945,43.13999938964844,8390900.0,41.175010681152344
2018-11-26,43.4900016784668,42.880001068115234,43.31999969482422,43.34000015258789,19115700.0,41.365901947021484
2018-11-27,44.150001525878906,42.970001220703125,43.20000076293945,44.06999969482422,18753200.0,42.062652587890625
2018-11-28,44.91999816894531,44.099998474121094,44.290000915527344,44.900001525878906,18873500.0,42.85485076904297
2018-11-29,45.83000183105469,44.70000076293945,44.7599983215332,45.5099983215332,24729900.0,43.43706130981445
2018-11-30,46.2599983215332,45.279998779296875,45.349998474121094,46.22999954223633,42746200.0,44.124267578125
2018-12-03,46.380001068115234,45.7599983215332,46.369998931884766,45.9900016784668,25399600.0,43.89520263671875
2018-12-04,46.470001220703125,45.11000061035156,46.22999954223633,45.13999938964844,27233300.0,43.08391189575195
2018-12-06,44.9900016784668,43.619998931884766,44.58000183105469,44.97999954223633,30539400.0,42.93120193481445
2018-12-07,44.939998626708984,43.68000030517578,44.81999969482422,43.91999816894531,26531200.0,41.91947937011719
2018-12-10,44.560001373291016,43.06999969482422,44.13999938964844,44.400001525878906,24846200.0,42.37762451171875
2018-12-11,44.5099983215332,43.56999969482422,44.08000183105469,44.0099983215332,22680200.0,42.00538635253906
2018-12-12,44.849998474121094,44.150001525878906,44.349998474121094,44.15999984741211,19147000.0,42.14855194091797
2018-12-13,44.900001525878906,44.209999084472656,44.459999084472656,44.56999969482422,22404100.0,42.53988265991211
2018-12-14,44.119998931884766,43.43000030517578,44.08000183105469,43.79999923706055,31333000.0,41.80494689941406
2018-12-17,43.970001220703125,42.97999954223633,43.5,43.11000061035156,36671600.0,41.14638137817383
2018-12-18,43.5,42.040000915527344,43.470001220703125,42.400001525878906,29531100.0,40.46872329711914
2018-12-19,42.9900016784668,41.560001373291016,42.83000183105469,41.970001220703125,35045500.0,40.05830764770508
2018-12-20,42.40999984741211,41.529998779296875,41.709999084472656,41.95000076293945,32727400.0,40.03921890258789
2018-12-21,42.869998931884766,41.45000076293945,41.63999938964844,41.93000030517578,58755400.0,40.02012634277344
2018-12-24,41.959999084472656,40.52000045776367,41.810001373291016,40.54999923706055,18764900.0,38.70298767089844
2018-12-26,42.20000076293945,40.41999816894531,40.65999984741211,42.189998626708984,24133900.0,40.26828384399414
2018-12-27,42.849998474121094,41.2599983215332,41.810001373291016,42.849998474121094,27414300.0,40.898223876953125
2018-12-28,43.540000915527344,42.810001373291016,43.02000045776367,42.959999084472656,24175500.0,41.00320816040039
2018-12-31,43.72999954223633,43.099998474121094,43.209999084472656,43.650001525878906,19482000.0,41.661781311035156
2019-01-02,43.5,42.63999938964844,43.119998931884766,43.25,25076200.0,41.28000259399414
2019-01-03,43.34000015258789,41.95000076293945,43.2400016784668,42.040000915527344,27043200.0,40.12511444091797
2019-01-04,43.349998474121094,42.2599983215332,42.439998626708984,43.0,25754600.0,41.041385650634766
2019-01-07,43.619998931884766,42.86000061035156,43.06999969482422,43.22999954223633,19919800.0,41.26091766357422
2019-01-08,43.70000076293945,43.150001525878906,43.560001373291016,43.43000030517578,18669100.0,41.451805114746094
2019-01-09,43.66999816894531,43.20000076293945,43.459999084472656,43.34000015258789,19077400.0,41.365901947021484
2019-01-10,43.22999954223633,42.029998779296875,43.220001220703125,42.310001373291016,37695600.0,40.382816314697266
2019-01-11,42.880001068115234,42.150001525878906,42.33000183105469,42.880001068115234,19985300.0,40.926856994628906
2019-01-14,42.630001068115234,42.16999816894531,42.54999923706055,42.369998931884766,16703200.0,40.44008255004883
2019-01-15,43.2400016784668,42.43000030517578,42.599998474121094,42.72999954223633,24540200.0,40.783687591552734
2019-01-16,42.790000915527344,42.029998779296875,42.59000015258789,42.11000061035156,28623700.0,40.191932678222656
2019-01-17,42.65999984741211,41.83000183105469,41.95000076293945,42.470001220703125,22938600.0,40.53553009033203
2019-01-18,42.880001068115234,42.2599983215332,42.86000061035156,42.529998779296875,36639900.0,40.592796325683594
2019-01-22,42.689998626708984,41.93000030517578,42.40999984741211,42.27000045776367,27935600.0,40.34463882446289
2019-01-23,42.20000076293945,41.54999923706055,41.9900016784668,42.15999984741211,23209500.0,40.239654541015625
2019-01-24,41.790000915527344,40.619998931884766,41.779998779296875,40.95000076293945,32631900.0,39.08476638793945
2019-01-25,41.25,40.5099983215332,41.099998474121094,40.63999938964844,34025100.0,38.788883209228516
2019-01-28,40.529998779296875,39.47999954223633,40.5,39.529998779296875,37314700.0,37.72944259643555
2019-01-29,40.849998474121094,39.470001220703125,39.5,40.77000045776367,48744600.0,38.9129638671875
2019-01-30,41.75,40.72999954223633,40.77000045776367,41.58000183105469,34220000.0,39.686073303222656
2019-01-31,42.619998931884766,41.349998474121094,41.380001068115234,42.45000076293945,38830600.0,40.87029266357422
2019-02-01,43.119998931884766,42.54999923706055,42.869998931884766,42.880001068115234,25844100.0,41.284297943115234
2019-02-04,42.84000015258789,41.959999084472656,42.84000015258789,42.439998626708984,18431200.0,40.86066818237305
2019-02-05,42.72999954223633,42.060001373291016,42.43000030517578,42.11000061035156,20045200.0,40.54295349121094
2019-02-06,42.369998931884766,41.790000915527344,41.91999816894531,42.33000183105469,15607600.0,40.7547607421875
2019-02-07,42.150001525878906,41.209999084472656,42.11000061035156,41.70000076293945,23005700.0,40.1482048034668
2019-02-08,42.2400016784668,41.4900016784668,41.529998779296875,42.22999954223633,26091200.0,40.65848159790039
2019-02-11,42.310001373291016,41.5099983215332,42.279998779296875,41.68000030517578,25713600.0,40.12894821166992
2019-02-12,42.0099983215332,41.38999938964844,41.709999084472656,41.869998931884766,28975500.0,40.3118782043457
2019-02-13,42.060001373291016,41.38999938964844,41.91999816894531,41.70000076293945,23488800.0,40.1482048034668
2019-02-14,42.119998931884766,41.619998931884766,41.70000076293945,41.970001220703125,18847200.0,40.40816116333008
2019-02-15,42.5099983215332,42.08000183105469,42.380001068115234,42.400001525878906,18186900.0,40.82215881347656
2019-02-19,42.86000061035156,42.189998626708984,42.2400016784668,42.599998474121094,23181200.0,41.014713287353516
2019-02-20,42.560001373291016,41.93000030517578,42.529998779296875,42.20000076293945,25953400.0,40.629600524902344
2019-02-21,42.31999969482422,41.86000061035156,42.02000045776367,42.13999938964844,18607100.0,40.571834564208984
2019-02-22,43.130001068115234,42.220001220703125,42.29999923706055,42.959999084472656,23509800.0,41.36131286621094
2019-02-25,43.369998931884766,42.939998626708984,43.040000915527344,43.08000183105469,23979900.0,41.47685241699219
2019-02-26,43.22999954223633,42.79999923706055,42.959999084472656,43.02000045776367,15701100.0,41.41908264160156
2019-02-27,43.220001220703125,42.810001373291016,42.97999954223633,42.93000030517578,15631000.0,41.332435607910156
2019-02-28,43.779998779296875,42.869998931884766,42.95000076293945,43.349998474121094,37004200.0,41.7368049621582
2019-03-01,43.790000915527344,43.290000915527344,43.61000061035156,43.36000061035156,25301500.0,41.74643325805664
2019-03-04,43.59000015258789,42.880001068115234,43.439998626708984,43.06999969482422,21637400.0,41.46722412109375
2019-03-05,43.25,42.849998474121094,43.09000015258789,42.88999938964844,25170600.0,41.293922424316406
2019-03-06,42.869998931884766,41.619998931884766,42.81999969482422,41.86000061035156,21262200.0,40.302249908447266
2019-03-07,41.88999938964844,41.25,41.86000061035156,41.38999938964844,27558000.0,39.8497428894043
2019-03-08,41.439998626708984,40.34000015258789,41.33000183105469,40.88999938964844,29702200.0,39.368350982666016
2019-03-11,41.52000045776367,40.79999923706055,41.099998474121094,41.5,27667500.0,39.955650329589844
2019-03-12,41.91999816894531,41.369998931884766,41.70000076293945,41.72999954223633,22932200.0,40.17708969116211
2019-03-13,42.130001068115234,41.54999923706055,41.869998931884766,42.0099983215332,22500300.0,40.44667434692383
2019-03-14,42.08000183105469,41.130001068115234,42.0,41.189998626708984,30474000.0,39.65718460083008
2019-03-15,41.880001068115234,40.86000061035156,41.22999954223633,41.779998779296875,70938000.0,40.22522735595703
2019-03-18,42.06999969482422,41.650001525878906,41.77000045776367,41.810001373291016,18021200.0,40.25411605834961
2019-03-19,42.43000030517578,41.75,41.970001220703125,42.29999923706055,25050500.0,40.72587585449219
2019-03-20,42.400001525878906,41.779998779296875,42.20000076293945,42.16999816894531,22295100.0,40.60071563720703
2019-03-21,42.63999938964844,41.869998931884766,41.93000030517578,42.349998474121094,23019500.0,40.77401351928711
2019-03-22,42.619998931884766,41.83000183105469,42.20000076293945,41.849998474121094,18614900.0,40.292625427246094
2019-03-25,42.150001525878906,41.66999816894531,41.810001373291016,41.88999938964844,18807700.0,40.33113479614258
2019-03-26,42.70000076293945,42.130001068115234,42.20000076293945,42.41999816894531,19781100.0,40.84141540527344
2019-03-27,42.63999938964844,41.91999816894531,42.34000015258789,42.02000045776367,18458300.0,40.456298828125
2019-03-28,42.369998931884766,42.060001373291016,42.18000030517578,42.290000915527344,16048900.0,40.716251373291016
2019-03-29,42.58000183105469,42.189998626708984,42.400001525878906,42.470001220703125,20571000.0,40.88955307006836
2019-04-01,42.939998626708984,42.54999923706055,42.58000183105469,42.84000015258789,19302700.0,41.245784759521484
2019-04-02,43.18000030517578,42.7400016784668,42.95000076293945,42.90999984741211,17670900.0,41.313175201416016
2019-04-03,43.06999969482422,42.54999923706055,42.9900016784668,42.84000015258789,15370400.0,41.245784759521484
2019-04-04,42.91999816894531,42.5,42.790000915527344,42.7400016784668,12325400.0,41.14950942993164
2019-04-05,43.279998779296875,42.88999938964844,42.97999954223633,42.9900016784668,14761900.0,41.39020538330078
2019-04-08,43.279998779296875,42.90999984741211,43.06999969482422,43.13999938964844,14620800.0,41.53461837768555
2019-04-09,43.0,42.58000183105469,42.97999954223633,42.84000015258789,17860600.0,41.245784759521484
2019-04-10,42.91999816894531,42.650001525878906,42.91999816894531,42.72999954223633,12526200.0,41.13987350463867
2019-04-11,42.83000183105469,41.9900016784668,42.790000915527344,42.27000045776367,19179200.0,40.696990966796875
2019-04-12,42.34000015258789,41.58000183105469,42.34000015258789,41.709999084472656,20245300.0,40.157833099365234
2019-04-15,42.119998931884766,41.470001220703125,41.86000061035156,42.09000015258789,17422000.0,40.5236930847168
2019-04-16,42.29999923706055,40.83000183105469,42.220001220703125,40.91999816894531,26097700.0,39.3972282409668
2019-04-17,41.0,39.38999938964844,40.900001525878906,39.880001068115234,40239200.0,38.395938873291016
2019-04-18,39.93000030517578,38.41999816894531,39.93000030517578,39.380001068115234,47988400.0,37.91454315185547
2019-04-22,39.5,38.810001373291016,39.029998779296875,38.97999954223633,29429700.0,37.529422760009766
2019-04-23,39.63999938964844,38.880001068115234,39.09000015258789,39.41999816894531,25305600.0,37.95304870605469
2019-04-24,39.63999938964844,39.15999984741211,39.5,39.369998931884766,20111000.0,37.904911041259766
2019-04-25,39.83000183105469,39.16999816894531,39.25,39.61000061035156,17201200.0,38.135982513427734
2019-04-26,39.9900016784668,39.45000076293945,39.66999816894531,39.970001220703125,19025800.0,38.48258590698242
2019-04-29,40.02000045776367,39.59000015258789,39.970001220703125,39.59000015258789,22038900.0,38.116722106933594
2019-04-30,41.18000030517578,39.79999923706055,40.400001525878906,40.61000061035156,32600000.0,39.09877014160156
2019-05-01,40.91999816894531,40.16999816894531,40.59000015258789,40.77000045776367,19642700.0,39.25281524658203
2019-05-02,41.02000045776367,40.58000183105469,40.810001373291016,41.0099983215332,19422400.0,39.483882904052734
2019-05-03,41.5,41.029998779296875,41.220001220703125,41.38999938964844,17708500.0,39.8497428894043
2019-05-06,41.77000045776367,40.84000015258789,40.90999984741211,41.650001525878906,24642700.0,40.10007095336914
2019-05-07,41.709999084472656,40.5,41.38999938964844,40.83000183105469,26189600.0,39.31058883666992
2019-05-08,41.029998779296875,40.439998626708984,40.79999923706055,40.95000076293945,22592000.0,39.42611312866211
2019-05-09,40.84000015258789,40.22999954223633,40.29999923706055,40.63999938964844,18721500.0,39.47468185424805
2019-05-10,40.81999969482422,39.869998931884766,40.630001068115234,40.720001220703125,16500500.0,39.55238723754883
2019-05-13,40.650001525878906,40.150001525878906,40.22999954223633,40.56999969482422,26575700.0,39.40668869018555
2019-05-14,40.869998931884766,40.560001373291016,40.59000015258789,40.65999984741211,25401100.0,39.494110107421875
2019-05-15,41.290000915527344,40.70000076293945,40.86000061035156,41.150001525878906,31803300.0,39.97005844116211
2019-05-16,41.97999954223633,41.150001525878906,41.150001525878906,41.63999938964844,24201600.0,40.446006774902344
2019-05-17,41.810001373291016,41.25,41.29999923706055,41.470001220703125,27692300.0,40.280887603759766
2019-05-20,41.709999084472656,41.279998779296875,41.400001525878906,41.59000015258789,23009100.0,40.39744186401367
2019-05-21,41.810001373291016,41.4900016784668,41.709999084472656,41.66999816894531,27310300.0,40.47514343261719
2019-05-22,42.209999084472656,41.54999923706055,41.689998626708984,41.9900016784668,23979700.0,40.78597640991211
2019-05-23,41.97999954223633,41.650001525878906,41.84000015258789,41.91999816894531,24189700.0,40.71797561645508
2019-05-24,42.310001373291016,41.869998931884766,42.060001373291016,41.95000076293945,14595200.0,40.74711990356445
2019-05-28,42.47999954223633,41.88999938964844,42.150001525878906,41.900001525878906,46907600.0,40.698551177978516
2019-05-29,41.84000015258789,41.279998779296875,41.70000076293945,41.720001220703125,25517800.0,40.523712158203125
2019-05-30,41.95000076293945,41.58000183105469,41.68000030517578,41.900001525878906,16455700.0,40.698551177978516
2019-05-31,41.97999954223633,41.45000076293945,41.689998626708984,41.52000045776367,21479400.0,40.32945251464844
2019-06-03,42.189998626708984,41.56999969482422,41.630001068115234,41.91999816894531,21483000.0,40.71797561645508
2019-06-04,42.75,42.040000915527344,42.47999954223633,42.22999954223633,17508100.0,41.01908874511719
2019-06-05,42.84000015258789,42.40999984741211,42.599998474121094,42.47999954223633,20321500.0,41.26192092895508
2019-06-06,43.09000015258789,42.47999954223633,42.79999923706055,42.709999084472656,23239300.0,41.48532485961914
2019-06-07,43.25,42.86000061035156,42.97999954223633,42.91999816894531,18997600.0,41.689300537109375
2019-06-10,43.2400016784668,42.66999816894531,43.2400016784668,43.06999969482422,14493100.0,41.83500289916992
2019-06-11,43.29999923706055,42.54999923706055,43.20000076293945,42.66999816894531,17849300.0,41.44647216796875
2019-06-12,43.16999816894531,42.459999084472656,42.470001220703125,43.08000183105469,15461900.0,41.84471893310547
2019-06-13,43.13999938964844,42.369998931884766,43.06999969482422,42.5,13723000.0,41.281349182128906
2019-06-14,42.869998931884766,42.47999954223633,42.52000045776367,42.7599983215332,12521700.0,41.53389358520508
2019-06-17,42.900001525878906,42.349998474121094,42.70000076293945,42.880001068115234,13372800.0,41.650455474853516
2019-06-18,43.33000183105469,42.81999969482422,42.81999969482422,43.06999969482422,21663600.0,41.83500289916992
2019-06-19,43.59000015258789,43.09000015258789,43.16999816894531,43.5,20639100.0,42.2526741027832
2019-06-20,44.11000061035156,43.5099983215332,43.83000183105469,43.599998474121094,22296300.0,42.34980392456055
2019-06-21,44.0,43.310001373291016,43.54999923706055,43.66999816894531,36187100.0,42.41779708862305
2019-06-24,43.900001525878906,43.470001220703125,43.689998626708984,43.7599983215332,23362500.0,42.505218505859375
2019-06-25,44.290000915527344,43.7599983215332,43.849998474121094,43.7599983215332,26972500.0,42.505218505859375
2019-06-26,43.79999923706055,42.5,43.68000030517578,42.9900016784668,38908300.0,41.757301330566406
2019-06-27,43.560001373291016,43.0099983215332,43.02000045776367,43.43000030517578,20868100.0,42.1846809387207
2019-06-28,43.720001220703125,42.97999954223633,43.45000076293945,43.31999969482422,37690900.0,42.07783508300781
2019-07-01,43.880001068115234,43.34000015258789,43.5099983215332,43.77000045776367,20261700.0,42.51493453979492
2019-07-02,44.220001220703125,43.65999984741211,43.68000030517578,44.220001220703125,15694400.0,42.952030181884766
2019-07-03,44.560001373291016,43.97999954223633,44.369998931884766,44.400001525878906,9770000.0,43.12686538696289
2019-07-05,44.349998474121094,43.779998779296875,44.310001373291016,43.91999816894531,17357900.0,42.6606330871582
2019-07-08,43.869998931884766,42.97999954223633,43.79999923706055,43.29999923706055,22728000.0,42.058406829833984
2019-07-09,43.79999923706055,43.29999923706055,43.41999816894531,43.369998931884766,13494600.0,42.12640380859375
2019-07-10,44.11000061035156,43.439998626708984,43.650001525878906,44.060001373291016,14514800.0,42.7966194152832
2019-07-11,43.560001373291016,42.380001068115234,43.31999969482422,42.97999954223633,36417000.0,41.74758529663086
2019-07-12,42.9900016784668,42.0099983215332,42.90999984741211,42.400001525878906,31860500.0,41.18421936035156
2019-07-15,42.77000045776367,42.2400016784668,42.27000045776367,42.75,19320600.0,41.5241813659668
2019-07-16,42.970001220703125,42.47999954223633,42.790000915527344,42.849998474121094,18551600.0,41.62131118774414
2019-07-17,43.189998626708984,42.72999954223633,43.09000015258789,42.7400016784668,15504300.0,41.514469146728516
2019-07-18,43.060001373291016,42.54999923706055,42.86000061035156,43.060001373291016,13025500.0,41.82529067993164
2019-07-19,43.209999084472656,42.77000045776367,43.189998626708984,42.77000045776367,22345900.0,41.543609619140625
2019-07-22,43.02000045776367,42.54999923706055,42.83000183105469,42.81999969482422,11909000.0,41.5921745300293
2019-07-23,43.22999954223633,42.75,42.849998474121094,43.09000015258789,18583400.0,41.85443115234375
2019-07-24,43.0,42.369998931884766,43.0,42.88999938964844,17189600.0,41.66016387939453
2019-07-25,43.0,42.529998779296875,42.83000183105469,42.66999816894531,16617300.0,41.44647216796875
2019-07-26,43.16999816894531,42.43000030517578,42.65999984741211,43.09000015258789,19983100.0,41.85443115234375
2019-07-29,43.0,41.34000015258789,42.16999816894531,41.45000076293945,61251600.0,40.26145935058594
2019-07-30,40.2400016784668,38.599998474121094,39.83000183105469,38.790000915527344,90587100.0,37.677730560302734
2019-07-31,39.66999816894531,38.5099983215332,38.599998474121094,38.84000015258789,53424500.0,37.726295471191406
2019-08-01,38.619998931884766,37.68000030517578,38.310001373291016,38.25,48980000.0,37.50080108642578
2019-08-02,38.540000915527344,37.75,38.25,38.0,27660000.0,37.255699157714844
2019-08-05,37.83000183105469,36.40999984741211,37.7599983215332,36.959999084472656,43671900.0,36.23606872558594
2019-08-06,37.310001373291016,36.470001220703125,37.189998626708984,36.95000076293945,30347100.0,36.22626495361328
2019-08-07,36.779998779296875,35.86000061035156,36.650001525878906,36.58000183105469,30376900.0,35.8635139465332
2019-08-08,36.95000076293945,36.599998474121094,36.70000076293945,36.869998931884766,22159800.0,36.147830963134766
2019-08-09,36.83000183105469,36.11000061035156,36.77000045776367,36.349998474121094,24090800.0,35.63801574707031
2019-08-12,36.31999969482422,34.779998779296875,36.310001373291016,35.38999938964844,41117300.0,34.69682312011719
2019-08-13,35.810001373291016,35.150001525878906,35.43000030517578,35.20000076293945,43215800.0,34.51054382324219
2019-08-14,34.97999954223633,34.20000076293945,34.93000030517578,34.2400016784668,36654100.0,33.5693473815918
2019-08-15,34.58000183105469,33.970001220703125,34.29999923706055,34.47999954223633,29140100.0,33.80464553833008
2019-08-16,35.0099983215332,34.4900016784668,34.720001220703125,34.650001525878906,28474700.0,33.971317291259766
2019-08-19,35.31999969482422,34.83000183105469,34.880001068115234,35.18000030517578,20870300.0,34.49093246459961
2019-08-20,35.15999984741211,34.56999969482422,35.099998474121094,34.61000061035156,18911300.0,33.932098388671875
2019-08-21,35.119998931884766,34.81999969482422,34.939998626708984,34.869998931884766,18224600.0,34.18700408935547
2019-08-22,35.22999954223633,34.79999923706055,34.959999084472656,35.08000183105469,16065600.0,34.39289474487305
2019-08-23,35.349998474121094,34.16999816894531,35.209999084472656,34.34000015258789,26342800.0,33.667388916015625
2019-08-26,34.86000061035156,34.47999954223633,34.619998931884766,34.84000015258789,16573700.0,34.1575927734375
2019-08-27,35.09000015258789,34.310001373291016,35.0099983215332,34.34000015258789,23449100.0,33.667388916015625
2019-08-28,35.150001525878906,34.279998779296875,34.36000061035156,35.08000183105469,24713400.0,34.39289474487305
2019-08-29,35.790000915527344,35.22999954223633,35.790000915527344,35.33000183105469,18605600.0,34.63800048828125
2019-08-30,35.720001220703125,35.279998779296875,35.619998931884766,35.54999923706055,17906400.0,34.85368347167969
2019-09-03,36.279998779296875,35.5099983215332,35.61000061035156,36.119998931884766,25260900.0,35.41251754760742
2019-09-04,36.400001525878906,35.70000076293945,36.29999923706055,35.83000183105469,19591500.0,35.128204345703125
2019-09-05,36.47999954223633,35.88999938964844,36.11000061035156,36.34000015258789,20964700.0,35.628211975097656
2019-09-06,36.56999969482422,36.11000061035156,36.36000061035156,36.5,19804000.0,35.78507995605469
2019-09-09,36.84000015258789,36.130001068115234,36.59000015258789,36.83000183105469,23411400.0,36.10861587524414
2019-09-10,37.380001068115234,36.02000045776367,36.59000015258789,37.380001068115234,30598100.0,36.64784622192383
2019-09-11,37.7599983215332,36.900001525878906,37.7400016784668,37.40999984741211,16094100.0,36.67725372314453
2019-09-12,37.619998931884766,37.060001373291016,37.56999969482422,37.279998779296875,15837100.0,36.549800872802734
2019-09-13,37.599998474121094,36.61000061035156,37.38999938964844,36.90999984741211,22864900.0,36.18704605102539
2019-09-16,37.02000045776367,36.349998474121094,36.459999084472656,36.83000183105469,18858700.0,36.10861587524414
2019-09-17,36.79999923706055,36.349998474121094,36.790000915527344,36.5,20960100.0,35.78507995605469
2019-09-18,36.720001220703125,36.2599983215332,36.56999969482422,36.380001068115234,18671300.0,35.66743087768555
2019-09-19,36.77000045776367,36.34000015258789,36.41999816894531,36.5099983215332,16837200.0,35.794883728027344
2019-09-20,37.25,36.47999954223633,36.88999938964844,36.689998626708984,43634400.0,35.97135925292969
2019-09-23,36.59000015258789,36.22999954223633,36.380001068115234,36.2400016784668,16409100.0,35.53017044067383
2019-09-24,36.58000183105469,35.97999954223633,36.27000045776367,36.0099983215332,22947400.0,35.3046760559082
2019-09-25,36.349998474121094,35.70000076293945,35.90999984741211,35.900001525878906,19231200.0,35.196834564208984
2019-09-26,36.2400016784668,35.56999969482422,36.06999969482422,35.779998779296875,16185700.0,35.07918167114258
2019-09-27,36.34000015258789,35.720001220703125,35.86000061035156,36.220001220703125,16682800.0,35.510562896728516
2019-09-30,36.310001373291016,35.91999816894531,36.279998779296875,35.93000030517578,16323900.0,35.22624206542969
2019-10-01,36.02000045776367,35.43000030517578,35.93000030517578,35.43000030517578,20885200.0,34.73603439331055
2019-10-02,35.27000045776367,34.65999984741211,35.2599983215332,34.70000076293945,21307400.0,34.02033996582031
2019-10-03,35.470001220703125,34.599998474121094,34.709999084472656,35.45000076293945,20945100.0,34.755645751953125
2019-10-04,35.97999954223633,35.45000076293945,35.4900016784668,35.93000030517578,17139800.0,35.22624206542969
2019-10-07,36.2599983215332,35.79999923706055,35.81999969482422,35.83000183105469,11156900.0,35.128204345703125
2019-10-08,35.880001068115234,35.41999816894531,35.650001525878906,35.43000030517578,14005000.0,34.73603439331055
2019-10-09,35.88999938964844,35.529998779296875,35.650001525878906,35.689998626708984,12935800.0,34.990943908691406
2019-10-10,36.0099983215332,35.599998474121094,35.66999816894531,35.790000915527344,11573700.0,35.088985443115234
2019-10-11,36.58000183105469,36.06999969482422,36.13999938964844,36.11000061035156,17501000.0,35.40271759033203
2019-10-14,36.349998474121094,35.97999954223633,36.15999984741211,36.29999923706055,8255200.0,35.588993072509766
2019-10-15,36.7400016784668,36.40999984741211,36.45000076293945,36.5,14400600.0,35.78507995605469
2019-10-16,36.75,36.31999969482422,36.630001068115234,36.34000015258789,13696200.0,35.628211975097656
2019-10-17,36.810001373291016,36.369998931884766,36.4900016784668,36.459999084472656,14527600.0,35.7458610534668
2019-10-18,36.70000076293945,36.349998474121094,36.43000030517578,36.459999084472656,13490700.0,35.7458610534668
2019-10-21,36.68000030517578,36.36000061035156,36.650001525878906,36.459999084472656,12558900.0,35.7458610534668
2019-10-22,36.70000076293945,36.25,36.40999984741211,36.43000030517578,13804000.0,35.71644973754883
2019-10-23,36.779998779296875,36.220001220703125,36.310001373291016,36.77000045776367,13283300.0,36.04978942871094
2019-10-24,36.84000015258789,36.2599983215332,36.75,36.38999938964844,18973800.0,35.6772346496582
2019-10-25,36.880001068115234,36.310001373291016,36.400001525878906,36.77000045776367,16601200.0,36.04978942871094
2019-10-28,37.47999954223633,36.81999969482422,36.86000061035156,37.279998779296875,24478500.0,36.549800872802734
2019-10-29,38.7599983215332,37.91999816894531,38.0,38.209999084472656,30561700.0,37.46158218383789
2019-10-30,38.81999969482422,38.29999923706055,38.40999984741211,38.47999954223633,20891300.0,37.72629928588867
2019-10-31,38.58000183105469,38.18000030517578,38.38999938964844,38.369998931884766,23282600.0,37.61845016479492
2019-11-01,38.939998626708984,38.38999938964844,38.689998626708984,38.38999938964844,18276300.0,37.638057708740234
2019-11-04,38.7400016784668,38.029998779296875,38.709999084472656,38.029998779296875,16802400.0,37.28511047363281
2019-11-05,38.099998474121094,37.470001220703125,38.029998779296875,37.47999954223633,20577300.0,36.745880126953125
2019-11-06,37.72999954223633,37.349998474121094,37.61000061035156,37.61000061035156,17796300.0,36.87334060668945
2019-11-07,37.58000183105469,36.880001068115234,37.400001525878906,36.90999984741211,21562900.0,36.536773681640625
2019-11-08,37.15999984741211,36.83000183105469,36.880001068115234,37.04999923706055,25262700.0,36.675357818603516
2019-11-11,37.0099983215332,36.75,36.90999984741211,36.93000030517578,11900300.0,36.55657196044922
2019-11-12,37.09000015258789,36.70000076293945,36.83000183105469,36.970001220703125,12655000.0,36.596168518066406
2019-11-13,36.95000076293945,36.29999923706055,36.95000076293945,36.599998474121094,24530600.0,36.22990798950195
2019-11-14,36.7599983215332,36.31999969482422,36.560001373291016,36.54999923706055,23900000.0,36.180416107177734
2019-11-15,37.470001220703125,36.52000045776367,36.630001068115234,37.279998779296875,34515000.0,36.90303421020508
2019-11-18,37.439998626708984,36.959999084472656,37.38999938964844,37.220001220703125,17158000.0,36.84364318847656
2019-11-19,37.68000030517578,37.31999969482422,37.43000030517578,37.65999984741211,25118700.0,37.27919006347656
2019-11-20,37.689998626708984,37.0099983215332,37.56999969482422,37.04999923706055,18925600.0,36.675357818603516
2019-11-21,37.939998626708984,37.040000915527344,37.209999084472656,37.7400016784668,19869600.0,37.35838317871094
2019-11-22,38.40999984741211,37.689998626708984,37.790000915527344,38.33000183105469,24235300.0,37.94241714477539
2019-11-25,38.880001068115234,38.45000076293945,38.47999954223633,38.68000030517578,29973800.0,38.28887939453125
2019-11-26,38.59000015258789,38.04999923706055,38.540000915527344,38.290000915527344,32846900.0,37.9028205871582
2019-11-27,38.709999084472656,38.33000183105469,38.380001068115234,38.630001068115234,18217300.0,38.239383697509766
2019-11-29,38.880001068115234,38.5099983215332,38.540000915527344,38.52000045776367,9292100.0,38.130496978759766
2019-12-02,38.79999923706055,38.25,38.790000915527344,38.290000915527344,14844400.0,37.9028205871582
2019-12-03,38.20000076293945,37.84000015258789,37.959999084472656,38.04999923706055,19800600.0,37.66524887084961
2019-12-04,38.2599983215332,37.88999938964844,38.22999954223633,38.13999938964844,13758300.0,37.754337310791016
2019-12-05,38.369998931884766,37.790000915527344,38.369998931884766,38.029998779296875,12427000.0,37.645450592041016
2019-12-06,38.52000045776367,38.220001220703125,38.279998779296875,38.290000915527344,12209400.0,37.9028205871582
2019-12-09,38.380001068115234,38.099998474121094,38.099998474121094,38.31999969482422,14840200.0,37.932518005371094
2019-12-10,38.58000183105469,38.189998626708984,38.27000045776367,38.47999954223633,18189100.0,38.09090042114258
2019-12-11,38.56999969482422,38.20000076293945,38.369998931884766,38.220001220703125,14771700.0,37.83353042602539
2019-12-12,38.619998931884766,38.16999816894531,38.16999816894531,38.540000915527344,12727200.0,38.15029525756836
2019-12-13,38.68000030517578,38.06999969482422,38.52000045776367,38.33000183105469,15824000.0,37.94241714477539
2019-12-16,39.400001525878906,38.65999984741211,38.70000076293945,39.13999938964844,22948600.0,38.744224548339844
2019-12-17,39.439998626708984,38.84000015258789,39.439998626708984,38.900001525878906,27550300.0,38.50665283203125
2019-12-18,39.08000183105469,38.63999938964844,39.0099983215332,38.88999938964844,25938700.0,38.49675369262695
2019-12-19,39.150001525878906,38.810001373291016,39.0,38.970001220703125,20894000.0,38.57594680786133
2019-12-20,39.540000915527344,38.970001220703125,39.349998474121094,39.22999954223633,55218000.0,38.833316802978516
2019-12-23,39.52000045776367,39.130001068115234,39.41999816894531,39.31999969482422,16560100.0,38.92240524291992
2019-12-24,39.439998626708984,39.20000076293945,39.33000183105469,39.290000915527344,4921900.0,38.8927116394043
2019-12-26,39.56999969482422,39.20000076293945,39.29999923706055,39.380001068115234,8903300.0,38.9818000793457
2019-12-27,39.619998931884766,39.25,39.43000030517578,39.31999969482422,9599300.0,38.92240524291992
2019-12-30,39.41999816894531,38.88999938964844,39.29999923706055,38.90999984741211,10962300.0,38.51655197143555
2019-12-31,39.20000076293945,38.709999084472656,38.790000915527344,39.18000030517578,14398200.0,38.78382110595703
2020-01-02,39.349998474121094,38.880001068115234,39.29999923706055,39.13999938964844,15668000.0,38.744224548339844
2020-01-03,39.2400016784668,38.66999816894531,38.720001220703125,38.93000030517578,14158300.0,38.53635025024414
2020-01-06,39.0,38.70000076293945,38.81999969482422,38.880001068115234,14963900.0,38.486854553222656
2020-01-07,39.130001068115234,38.68000030517578,39.119998931884766,38.75,19077900.0,38.35816955566406
2020-01-08,39.220001220703125,38.75,38.7599983215332,39.060001373291016,15563100.0,38.665035247802734
2020-01-09,39.27000045776367,38.790000915527344,39.27000045776367,38.88999938964844,20846200.0,38.49675369262695
2020-01-10,39.630001068115234,38.970001220703125,38.97999954223633,39.4900016784668,20452900.0,39.0906867980957
2020-01-13,39.77000045776367,39.209999084472656,39.619998931884766,39.40999984741211,14603800.0,39.011497497558594
2020-01-14,40.08000183105469,39.29999923706055,39.43000030517578,40.06999969482422,19847400.0,39.66482162475586
2020-01-15,40.869998931884766,40.16999816894531,40.189998626708984,40.66999816894531,22700000.0,40.25875473022461
2020-01-16,40.79999923706055,40.31999969482422,40.790000915527344,40.61000061035156,15385600.0,40.199363708496094
2020-01-17,40.810001373291016,40.41999816894531,40.56999969482422,40.5099983215332,21901300.0,40.100372314453125
2020-01-21,40.65999984741211,40.189998626708984,40.380001068115234,40.34000015258789,21931400.0,39.932090759277344
2020-01-22,40.40999984741211,39.970001220703125,40.31999969482422,40.189998626708984,17170600.0,39.783607482910156
2020-01-23,40.83000183105469,40.130001068115234,40.189998626708984,40.709999084472656,25757600.0,40.2983512878418
2020-01-24,40.970001220703125,39.63999938964844,40.939998626708984,39.81999969482422,32394400.0,39.41735076904297
2020-01-27,40.43000030517578,39.25,39.40999984741211,40.15999984741211,30326400.0,39.75391387939453
2020-01-28,39.4900016784668,37.95000076293945,39.31999969482422,38.13999938964844,66605700.0,37.754337310791016
2020-01-29,38.380001068115234,37.54999923706055,38.119998931884766,37.58000183105469,32415300.0,37.20000076293945
