Date,High,Low,Open,Close,Volume,Adj Close
2017-01-30,86.86000061035156,86.5,86.77999877929688,86.75,7350000.0,79.18880462646484
2017-01-31,87.66000366210938,86.52999877929688,86.62999725341797,87.5999984741211,9712400.0,79.96471405029297
2017-02-01,87.58999633789062,86.75,87.02999877929688,87.33000183105469,8291000.0,79.7182388305664
2017-02-02,88.3499984741211,87.25,87.61000061035156,87.76000213623047,8997200.0,80.11076354980469
2017-02-03,88.16999816894531,87.38999938964844,88.12000274658203,87.41000366210938,7161900.0,79.79127502441406
2017-02-06,87.79000091552734,87.12999725341797,87.5,87.4000015258789,7483000.0,79.78214263916016
2017-02-07,88.27999877929688,87.4800033569336,87.63999938964844,88.01000213623047,6646100.0,80.3389892578125
2017-02-08,88.33999633789062,87.80999755859375,88.06999969482422,88.33000183105469,6815800.0,80.63109588623047
2017-02-09,88.77999877929688,88.02999877929688,88.33000183105469,88.66999816894531,9914100.0,80.94144439697266
2017-02-10,88.7300033569336,87.97000122070312,88.55999755859375,87.97000122070312,11057600.0,80.30247497558594
2017-02-13,88.36000061035156,87.63999938964844,88.04000091552734,88.30999755859375,6905100.0,80.61280822753906
2017-02-14,88.22000122070312,87.2300033569336,88.0,87.86000061035156,20123400.0,80.20204162597656
2017-02-15,91.1500015258789,89.80999755859375,89.80999755859375,91.12000274658203,25847700.0,83.17790222167969
2017-02-16,91.12000274658203,90.54000091552734,90.91999816894531,90.79000091552734,12408500.0,82.87667846679688
2017-02-17,91.36000061035156,90.44999694824219,90.61000061035156,91.08999633789062,12152400.0,83.15052032470703
2017-02-21,91.80000305175781,90.58000183105469,90.58000183105469,91.66999816894531,9018700.0,83.67996978759766
2017-02-22,91.80000305175781,91.25,91.44999694824219,91.44000244140625,6749900.0,83.47002410888672
2017-02-23,91.80000305175781,90.91000366210938,91.61000061035156,91.12999725341797,7611600.0,83.18704223632812
2017-02-24,91.33999633789062,90.66999816894531,90.97000122070312,91.05000305175781,6643400.0,83.11400604248047
2017-02-27,90.91000366210938,90.05999755859375,90.52999877929688,90.88999938964844,11840300.0,82.96794128417969
2017-02-28,91.79000091552734,90.6500015258789,90.9000015258789,91.06999969482422,10535600.0,83.13227844238281
2017-03-01,91.88999938964844,90.70999908447266,91.05000305175781,91.66000366210938,8792200.0,83.67084503173828
2017-03-02,91.58999633789062,90.87999725341797,91.4000015258789,90.91000366210938,7031200.0,82.9862060546875
2017-03-03,90.91000366210938,89.88999938964844,90.91000366210938,90.5,8334900.0,82.61194610595703
2017-03-06,90.51000213623047,89.58999633789062,89.88999938964844,90.37000274658203,9533800.0,82.49329376220703
2017-03-07,90.48999786376953,90.05999755859375,90.13999938964844,90.29000091552734,5363000.0,82.42023468017578
2017-03-08,90.3499984741211,89.76000213623047,90.0199966430664,90.13999938964844,5503700.0,82.2833251953125
2017-03-09,90.48999786376953,90.0999984741211,90.13999938964844,90.33999633789062,5587400.0,82.46590423583984
2017-03-10,91.16000366210938,90.6500015258789,90.80000305175781,91.06999969482422,6797800.0,83.13227844238281
2017-03-13,91.48999786376953,90.8499984741211,91.05999755859375,91.30999755859375,7397500.0,83.35135650634766
2017-03-14,91.58999633789062,90.81999969482422,91.26000213623047,91.0,6686400.0,83.06836700439453
2017-03-15,91.77999877929688,90.7300033569336,91.0,91.4000015258789,7855300.0,83.43351745605469
2017-03-16,91.72000122070312,91.0999984741211,91.44000244140625,91.44000244140625,6601200.0,83.47002410888672
2017-03-17,92.0,90.91999816894531,91.44999694824219,91.0,37010100.0,83.06836700439453
2017-03-20,91.41000366210938,90.94000244140625,90.95999908447266,91.22000122070312,7772900.0,83.26920318603516
2017-03-21,91.75,91.02999877929688,91.30000305175781,91.19000244140625,8211000.0,83.24180603027344
2017-03-22,91.80000305175781,90.75,91.30999755859375,90.98999786376953,7798000.0,83.05924987792969
2017-03-23,91.45999908447266,90.5999984741211,90.91000366210938,90.7699966430664,6831400.0,82.85841369628906
2017-03-24,90.91999816894531,90.20999908447266,90.7699966430664,90.56999969482422,9252000.0,82.67584991455078
2017-03-27,90.72000122070312,90.18000030517578,90.44999694824219,90.48999786376953,10072000.0,82.60282135009766
2017-03-28,91.05999755859375,90.12999725341797,90.16999816894531,90.76000213623047,11855800.0,82.84928131103516
2017-03-29,90.87000274658203,90.38999938964844,90.55999755859375,90.5999984741211,4252800.0,82.70323181152344
2017-03-30,90.56999969482422,90.0999984741211,90.5,90.19999694824219,3691900.0,82.33809661865234
2017-03-31,90.33999633789062,89.83999633789062,90.02999877929688,89.8499984741211,6942400.0,82.01860809326172
2017-04-03,90.05999755859375,89.44999694824219,89.86000061035156,89.68000030517578,6967400.0,81.86341094970703
2017-04-04,89.95999908447266,89.41999816894531,89.75,89.91000366210938,5680800.0,82.0733642578125
2017-04-05,90.5,89.76000213623047,90.0,89.97000122070312,6320100.0,82.12812805175781
2017-04-06,89.80999755859375,89.30999755859375,89.7699966430664,89.4000015258789,7231500.0,81.60783386230469
2017-04-07,89.61000061035156,89.18000030517578,89.45999908447266,89.2300033569336,4739100.0,81.45263671875
2017-04-10,89.68000030517578,88.75,89.12999725341797,89.48999786376953,5956000.0,81.68997955322266
2017-04-11,89.81999969482422,89.29000091552734,89.66000366210938,89.80000305175781,5186000.0,81.97296905517578
2017-04-12,90.41999816894531,89.55999755859375,89.69999694824219,90.30999755859375,6286300.0,82.43850708007812
2017-04-13,90.54000091552734,89.79000091552734,90.05000305175781,90.02999877929688,5040100.0,82.18292236328125
2017-04-17,90.58999633789062,90.12999725341797,90.2300033569336,90.38999938964844,6931700.0,82.51154327392578
2017-04-18,91.12999725341797,90.33999633789062,90.4000015258789,90.80000305175781,7087800.0,82.88579559326172
2017-04-19,90.44999694824219,89.5,90.0999984741211,89.5999984741211,6919000.0,82.41632080078125
2017-04-20,89.69999694824219,89.30999755859375,89.69999694824219,89.33000183105469,6983500.0,82.16797637939453
2017-04-21,89.27999877929688,88.61000061035156,89.16999816894531,88.62000274658203,9061200.0,81.51490783691406
2017-04-24,89.66000366210938,89.01000213623047,89.12000274658203,89.55000305175781,8338500.0,82.3703384399414
2017-04-25,90.25,89.47000122070312,89.58000183105469,90.0,9088400.0,82.78424835205078
2017-04-26,90.0,87.61000061035156,89.8499984741211,87.73999786376953,11951300.0,80.70545196533203
2017-04-27,88.23999786376953,87.2300033569336,87.58000183105469,87.69000244140625,8517500.0,80.6594467163086
2017-04-28,87.58999633789062,87.1500015258789,87.5199966430664,87.33000183105469,8295400.0,80.32830047607422
2017-05-01,87.5999984741211,87.08000183105469,87.37999725341797,87.08999633789062,4546600.0,80.1075668334961
2017-05-02,87.29000091552734,86.0199966430664,87.29000091552734,86.22000122070312,13197500.0,79.30732727050781
2017-05-03,86.62999725341797,85.9000015258789,86.30000305175781,86.43000030517578,6122000.0,79.50047302246094
2017-05-04,87.23999786376953,86.30000305175781,86.8499984741211,86.44999694824219,5986200.0,79.51886749267578
2017-05-05,86.61000061035156,86.12999725341797,86.54000091552734,86.5,4506200.0,79.56486511230469
2017-05-08,86.62000274658203,86.23999786376953,86.33000183105469,86.55000305175781,4634600.0,79.61085510253906
2017-05-09,86.81999969482422,86.22000122070312,86.80000305175781,86.4000015258789,9577600.0,79.47288513183594
2017-05-10,86.79000091552734,86.38999938964844,86.4800033569336,86.48999786376953,6178500.0,79.55565643310547
2017-05-11,86.62999725341797,85.87999725341797,86.61000061035156,86.16999816894531,6064700.0,79.26130676269531
2017-05-12,86.31999969482422,85.91999816894531,86.23999786376953,86.19000244140625,5892400.0,79.27972412109375
2017-05-15,86.70999908447266,86.25,86.6500015258789,86.33000183105469,5820700.0,79.40850830078125
2017-05-16,87.0,86.19000244140625,86.87999725341797,86.23999786376953,6554500.0,79.3257064819336
2017-05-17,86.62999725341797,85.93000030517578,86.23999786376953,86.26000213623047,7805800.0,79.34410858154297
2017-05-18,86.22000122070312,85.5199966430664,86.18000030517578,85.87000274658203,6985600.0,78.98538208007812
2017-05-19,86.37999725341797,85.66999816894531,86.0,86.23999786376953,7320700.0,79.3257064819336
2017-05-22,86.4000015258789,86.02999877929688,86.25,86.20999908447266,4260000.0,79.2981185913086
2017-05-23,86.54000091552734,85.9800033569336,86.27999877929688,86.08000183105469,4394200.0,79.17854309082031
2017-05-24,86.6500015258789,86.20999908447266,86.44999694824219,86.5,4878800.0,79.56486511230469
2017-05-25,86.9800033569336,86.55000305175781,86.58000183105469,86.86000061035156,4368000.0,79.89601135253906
2017-05-26,87.37999725341797,86.81999969482422,86.93000030517578,87.25,4337000.0,80.25473022460938
2017-05-30,87.61000061035156,87.0999984741211,87.25,87.4000015258789,4594500.0,80.39270782470703
2017-05-31,88.3499984741211,87.44999694824219,87.66999816894531,88.08999633789062,10146600.0,81.02738189697266
2017-06-01,88.13999938964844,87.37000274658203,88.0199966430664,88.12999725341797,6251300.0,81.0641860961914
2017-06-02,88.68000030517578,88.01000213623047,88.4000015258789,88.58999633789062,6136400.0,81.48729705810547
2017-06-05,88.76000213623047,88.0,88.30000305175781,88.73999786376953,4115300.0,81.6252670288086
2017-06-06,88.97000122070312,88.44999694824219,88.76000213623047,88.80000305175781,6503000.0,81.68047332763672
2017-06-07,88.88999938964844,88.4000015258789,88.68000030517578,88.7699966430664,4781600.0,81.65286254882812
2017-06-08,88.80000305175781,87.36000061035156,88.7699966430664,87.8499984741211,7712100.0,80.80662536621094
2017-06-09,88.20999908447266,87.55000305175781,87.8499984741211,88.16000366210938,9696900.0,81.09178161621094
2017-06-12,88.66000366210938,88.08999633789062,88.16000366210938,88.23999786376953,7867700.0,81.16536712646484
2017-06-13,88.4000015258789,87.7699966430664,88.36000061035156,88.05999755859375,6419300.0,80.99980163574219
2017-06-14,88.75,88.05999755859375,88.48999786376953,88.44000244140625,6183900.0,81.34933471679688
2017-06-15,89.62000274658203,88.2300033569336,88.2300033569336,89.37999725341797,7047500.0,82.21395874023438
2017-06-16,89.7699966430664,88.80999755859375,89.72000122070312,89.66000366210938,13855000.0,82.47152709960938
2017-06-19,89.86000061035156,89.19999694824219,89.5999984741211,89.86000061035156,5246200.0,82.65547180175781
2017-06-20,90.20999908447266,89.61000061035156,89.7699966430664,89.62999725341797,5674200.0,82.44390869140625
2017-06-21,89.94999694824219,89.29000091552734,89.62000274658203,89.4000015258789,4164500.0,82.23236083984375
2017-06-22,89.41000366210938,88.9000015258789,89.2699966430664,89.02999877929688,4536700.0,81.89202117919922
2017-06-23,89.80000305175781,88.9000015258789,89.02999877929688,89.41999816894531,8782100.0,82.2507553100586
2017-06-26,89.68000030517578,89.2699966430664,89.62999725341797,89.36000061035156,4373300.0,82.19557189941406
2017-06-27,89.36000061035156,88.61000061035156,89.36000061035156,88.61000061035156,5180400.0,81.50569152832031
2017-06-28,89.20999908447266,88.26000213623047,89.08000183105469,88.37000274658203,4875000.0,81.28495025634766
2017-06-29,88.22000122070312,86.93000030517578,88.0199966430664,86.98999786376953,8123500.0,80.01557922363281
2017-06-30,87.47000122070312,87.0,87.05000305175781,87.1500015258789,6070300.0,80.16275024414062
2017-07-03,88.0,87.18000030517578,87.4000015258789,87.73999786376953,3607400.0,80.70545196533203
2017-07-05,88.0,87.48999786376953,87.86000061035156,87.66999816894531,4974300.0,80.64105224609375
2017-07-06,87.94999694824219,87.36000061035156,87.6500015258789,87.37000274658203,6038900.0,80.36510467529297
2017-07-07,87.81999969482422,87.27999877929688,87.69000244140625,87.6500015258789,5142200.0,80.62267303466797
2017-07-10,87.87000274658203,86.88999938964844,87.62999725341797,87.08999633789062,5356400.0,80.1075668334961
2017-07-11,87.44999694824219,86.30999755859375,87.2300033569336,86.7699966430664,5838600.0,79.8132095336914
2017-07-12,87.47000122070312,86.83000183105469,87.23999786376953,86.95999908447266,4374200.0,79.98797607421875
2017-07-13,87.05000305175781,86.5,86.7699966430664,86.69999694824219,5448900.0,79.74882507324219
2017-07-14,87.29000091552734,86.7300033569336,86.95999908447266,87.0999984741211,4577700.0,80.11676788330078
2017-07-17,87.91000366210938,86.73999786376953,87.06999969482422,87.55000305175781,5227800.0,80.53067779541016
2017-07-18,88.76000213623047,87.45999908447266,87.61000061035156,88.63999938964844,7492300.0,81.53328704833984
2017-07-19,88.41000366210938,87.5999984741211,87.87000274658203,88.3499984741211,6008500.0,81.90373992919922
2017-07-20,89.30999755859375,88.30999755859375,88.31999969482422,88.5999984741211,7285000.0,82.13549041748047
2017-07-21,88.68000030517578,87.80999755859375,88.16000366210938,88.61000061035156,5714800.0,82.14476776123047
2017-07-24,88.5999984741211,87.97000122070312,88.55000305175781,88.18000030517578,6202000.0,81.74613952636719
2017-07-25,89.19999694824219,88.54000091552734,88.66999816894531,89.13999938964844,6766700.0,82.63610076904297
2017-07-26,89.41999816894531,88.87000274658203,89.0,89.30000305175781,6987000.0,82.78441619873047
2017-07-27,90.75,89.0,90.29000091552734,90.68000030517578,11089200.0,84.0637435913086
2017-07-28,91.0,89.95999908447266,90.55999755859375,90.20999908447266,6137500.0,83.6280288696289
2017-07-31,91.06999969482422,90.20999908447266,90.20999908447266,90.81999969482422,7835700.0,84.19351196289062
2017-08-01,91.7300033569336,90.72000122070312,91.02999877929688,91.0999984741211,8662100.0,84.45307922363281
2017-08-02,91.30000305175781,90.52999877929688,90.97000122070312,91.04000091552734,7167700.0,84.39747619628906
2017-08-03,91.75,90.81999969482422,90.86000061035156,90.86000061035156,6413200.0,84.23059844970703
2017-08-04,91.08000183105469,90.52999877929688,90.69000244140625,90.66999816894531,5824400.0,84.05445861816406
2017-08-07,91.55999755859375,90.5199966430664,90.66999816894531,91.44000244140625,5011300.0,84.76828002929688
2017-08-08,91.94000244140625,91.2300033569336,91.4000015258789,91.58000183105469,5623400.0,84.8980712890625
2017-08-09,91.94000244140625,91.5199966430664,91.5199966430664,91.91999816894531,5572800.0,85.21326446533203
2017-08-10,92.0,91.69000244140625,91.86000061035156,91.73999786376953,6338200.0,85.04637145996094
2017-08-11,92.08000183105469,91.29000091552734,91.94000244140625,91.33999633789062,7094200.0,84.67557525634766
2017-08-14,91.94999694824219,91.25,91.54000091552734,91.6500015258789,5398400.0,84.96295928955078
2017-08-15,92.36000061035156,91.87999725341797,91.91000366210938,92.19999694824219,5293400.0,85.47281646728516
2017-08-16,92.94999694824219,92.19000244140625,92.29000091552734,92.44000244140625,7965500.0,85.69532012939453
2017-08-17,92.66999816894531,92.06999969482422,92.4000015258789,92.06999969482422,5711400.0,85.35231018066406
2017-08-18,92.77999877929688,91.8499984741211,91.9800033569336,92.47000122070312,6815000.0,85.7231216430664
2017-08-21,92.95999908447266,92.36000061035156,92.37999725341797,92.86000061035156,4334300.0,86.08467102050781
2017-08-22,92.95999908447266,92.58999633789062,92.91000366210938,92.79000091552734,4731500.0,86.019775390625
2017-08-23,92.66000366210938,92.27999877929688,92.5,92.44000244140625,3631900.0,85.69532012939453
2017-08-24,92.56999969482422,92.04000091552734,92.44000244140625,92.2699966430664,5173700.0,85.5377197265625
2017-08-25,92.86000061035156,92.41000366210938,92.6500015258789,92.51000213623047,4933000.0,85.76020812988281
2017-08-28,92.70999908447266,91.9800033569336,92.5199966430664,92.47000122070312,5386500.0,85.7231216430664
2017-08-29,92.69000244140625,92.23999786376953,92.4800033569336,92.31999969482422,3676300.0,85.58407592773438
2017-08-30,92.08000183105469,91.66000366210938,92.08000183105469,91.87000274658203,4709600.0,85.16690063476562
2017-08-31,92.38999938964844,91.83999633789062,91.88999938964844,92.2699966430664,5864400.0,85.5377197265625
2017-09-01,92.66000366210938,92.26000213623047,92.41999816894531,92.52999877929688,4960700.0,85.77875518798828
2017-09-05,92.73999786376953,92.04000091552734,92.18000030517578,92.72000122070312,6532100.0,85.95487976074219
2017-09-06,92.91000366210938,92.36000061035156,92.79000091552734,92.72000122070312,6747200.0,85.95487976074219
2017-09-07,93.36000061035156,92.33000183105469,92.73999786376953,92.97000122070312,7735400.0,86.18663787841797
2017-09-08,93.1500015258789,92.51000213623047,92.76000213623047,92.83999633789062,6070100.0,86.06612396240234
2017-09-11,94.19000244140625,92.9000015258789,93.08999633789062,93.98999786376953,10177300.0,87.13221740722656
2017-09-12,93.9800033569336,93.20999908447266,93.72000122070312,93.51000213623047,5804000.0,86.68724822998047
2017-09-13,93.7699966430664,93.44999694824219,93.5,93.55000305175781,5369300.0,86.72433471679688
2017-09-14,93.6500015258789,93.18000030517578,93.2300033569336,93.55000305175781,5492300.0,86.72433471679688
2017-09-15,93.81999969482422,92.81999969482422,93.81999969482422,93.2699966430664,12428800.0,86.46475219726562
2017-09-18,93.5,92.86000061035156,93.16999816894531,93.1500015258789,6177700.0,86.35350799560547
2017-09-19,94.44999694824219,93.33999633789062,93.33999633789062,94.16999816894531,6587200.0,87.29908752441406
2017-09-20,94.66999816894531,93.83000183105469,94.16999816894531,94.4000015258789,5941500.0,87.5123062133789
2017-09-21,94.5,92.44999694824219,94.1500015258789,92.63999938964844,9376700.0,85.88072204589844
2017-09-22,93.0,92.08000183105469,92.55000305175781,92.23999786376953,6837700.0,85.50991821289062
2017-09-25,93.08999633789062,92.33000183105469,92.43000030517578,92.72000122070312,6436200.0,85.95487976074219
2017-09-26,92.8499984741211,92.19999694824219,92.81999969482422,92.6500015258789,4885200.0,85.88999938964844
2017-09-27,92.5199966430664,90.33999633789062,92.5199966430664,90.87000274658203,9631200.0,84.23988342285156
2017-09-28,91.12000274658203,90.62999725341797,90.86000061035156,90.88999938964844,4999800.0,84.25839233398438
2017-09-29,91.43000030517578,90.69999694824219,90.97000122070312,90.9800033569336,6634500.0,84.34183502197266
2017-10-02,92.4000015258789,91.23999786376953,91.26000213623047,91.7699966430664,7302400.0,85.07418823242188
2017-10-03,92.33999633789062,91.55999755859375,91.95999908447266,92.12000274658203,5909900.0,85.39866638183594
2017-10-04,92.80000305175781,92.0199966430664,92.12000274658203,92.41999816894531,6140700.0,85.67676544189453
2017-10-05,92.6500015258789,91.94000244140625,92.48999786376953,92.02999877929688,6912800.0,85.31523895263672
2017-10-06,92.3499984741211,91.87999725341797,92.0,92.33000183105469,5241900.0,85.59333801269531
2017-10-09,92.62000274658203,91.93000030517578,92.4000015258789,92.12000274658203,5149000.0,85.39866638183594
2017-10-10,93.04000091552734,89.86000061035156,92.37000274658203,91.62000274658203,17125600.0,84.93514251708984
2017-10-11,91.7300033569336,91.06999969482422,91.08999633789062,91.45999908447266,7115400.0,84.78681945800781
2017-10-12,92.30999755859375,91.38999938964844,91.41000366210938,92.1500015258789,5984900.0,85.42647552490234
2017-10-13,93.51000213623047,92.58999633789062,92.69999694824219,93.04000091552734,6956700.0,86.25152587890625
2017-10-16,93.37000274658203,92.70999908447266,92.97000122070312,93.13999938964844,4159100.0,86.34424591064453
2017-10-17,93.08999633789062,92.4000015258789,93.04000091552734,92.80000305175781,5316100.0,86.02906036376953
2017-10-18,92.94999694824219,92.01000213623047,92.77999877929688,92.7699966430664,7399700.0,86.0012435913086
2017-10-19,91.98999786376953,91.13999938964844,91.69999694824219,91.58999633789062,8585000.0,85.543212890625
2017-10-20,89.95999908447266,87.58999633789062,89.72000122070312,88.25,19997800.0,82.4237289428711
2017-10-23,88.86000061035156,86.87000274658203,88.62999725341797,87.30000305175781,13358200.0,81.53643035888672
2017-10-24,87.41999816894531,86.77999877929688,87.37000274658203,86.9800033569336,11519000.0,81.23756408691406
2017-10-25,87.11000061035156,86.27999877929688,86.9000015258789,86.86000061035156,9024300.0,81.12549591064453
2017-10-26,87.7699966430664,87.0999984741211,87.19000244140625,87.5,6233800.0,81.72322845458984
2017-10-27,87.52999877929688,86.44999694824219,87.52999877929688,87.04000091552734,7433800.0,81.2936019897461
2017-10-30,87.08000183105469,86.16000366210938,86.91000366210938,86.2699966430664,5387100.0,80.5744400024414
2017-10-31,86.5,85.72000122070312,86.48999786376953,86.33999633789062,7119000.0,80.63981628417969
2017-11-01,87.13999938964844,86.11000061035156,86.33000183105469,86.88999938964844,4884100.0,81.15350341796875
2017-11-02,87.04000091552734,86.2300033569336,86.77999877929688,86.51000213623047,5021200.0,80.79859161376953
2017-11-03,87.16000366210938,86.45999908447266,86.77999877929688,86.58000183105469,5106500.0,80.86397552490234
2017-11-06,86.63999938964844,86.02999877929688,86.55000305175781,86.05000305175781,5186700.0,80.36896514892578
2017-11-07,87.0,85.41999816894531,86.04000091552734,86.9800033569336,6875100.0,81.23756408691406
2017-11-08,87.5999984741211,86.80000305175781,86.98999786376953,87.58000183105469,6910000.0,81.7979507446289
2017-11-09,88.16999816894531,87.30000305175781,87.3499984741211,87.77999877929688,5280000.0,81.98474884033203
2017-11-10,88.38999938964844,87.77999877929688,87.98999786376953,88.16000366210938,7227300.0,82.33966827392578
2017-11-13,89.41000366210938,88.62999725341797,88.66999816894531,89.0,6873500.0,83.12420654296875
2017-11-14,89.05000305175781,88.47000122070312,88.73999786376953,88.87000274658203,5035500.0,83.0027847290039
2017-11-15,88.94000244140625,88.0,88.7300033569336,88.2300033569336,6688100.0,82.40504455566406
2017-11-16,89.9000015258789,88.7699966430664,89.83999633789062,89.25,7205100.0,83.35770416259766
2017-11-17,89.08999633789062,88.08000183105469,88.94999694824219,88.43000030517578,5941800.0,82.59183502197266
2017-11-20,88.55999755859375,87.70999908447266,88.43000030517578,88.2699966430664,4926200.0,82.44239807128906
2017-11-21,89.20999908447266,88.0199966430664,88.18000030517578,88.72000122070312,6196400.0,82.86268615722656
2017-11-22,88.91000366210938,88.05999755859375,88.5,88.33000183105469,6006900.0,82.49844360351562
2017-11-24,88.95999908447266,88.41999816894531,88.58999633789062,88.44999694824219,2196700.0,82.61051177978516
2017-11-27,89.0999984741211,88.1500015258789,88.33000183105469,88.95999908447266,6199700.0,83.08683776855469
2017-11-28,89.5199966430664,88.91000366210938,89.4800033569336,89.4000015258789,4841300.0,83.49779510498047
2017-11-29,89.80999755859375,89.02999877929688,89.4000015258789,89.37999725341797,5158900.0,83.47911071777344
2017-11-30,90.37000274658203,89.20999908447266,89.3499984741211,89.98999786376953,9789900.0,84.04883575439453
2017-12-01,90.52999877929688,89.12000274658203,90.18000030517578,90.36000061035156,7953200.0,84.3944091796875
2017-12-04,91.91000366210938,89.83000183105469,91.76000213623047,91.41000366210938,9003700.0,85.3750991821289
2017-12-05,91.83999633789062,91.06999969482422,91.5199966430664,91.4000015258789,8683000.0,85.36576080322266
2017-12-06,91.77999877929688,91.06999969482422,91.38999938964844,91.25,6737400.0,85.22565460205078
2017-12-07,91.06999969482422,89.88999938964844,91.05000305175781,90.0999984741211,7273600.0,84.1515884399414
2017-12-08,90.37000274658203,89.58000183105469,90.0199966430664,90.37000274658203,5883400.0,84.40376281738281
2017-12-11,90.33000183105469,89.75,90.2300033569336,90.2300033569336,4856000.0,84.27300262451172
2017-12-12,90.51000213623047,89.81999969482422,90.44999694824219,89.8499984741211,6558900.0,83.91808319091797
2017-12-13,91.41000366210938,89.97000122070312,90.0199966430664,90.87999725341797,7141000.0,84.88008117675781
2017-12-14,91.43000030517578,90.9000015258789,90.94000244140625,91.0,5853500.0,84.9921646118164
2017-12-15,92.2699966430664,91.4800033569336,91.56999969482422,91.88999938964844,15924000.0,85.82341003417969
2017-12-18,93.13999938964844,91.80999755859375,91.9800033569336,91.87999725341797,7405700.0,85.81405639648438
2017-12-19,92.12999725341797,91.58000183105469,92.0,91.68000030517578,5644400.0,85.62727355957031
2017-12-20,91.97000122070312,91.3499984741211,91.80000305175781,91.52999877929688,6938500.0,85.4871826171875
2017-12-21,92.08000183105469,91.52999877929688,91.66000366210938,91.66999816894531,4860400.0,85.61792755126953
2017-12-22,92.43000030517578,91.72000122070312,91.87999725341797,92.12999725341797,4919400.0,86.04756164550781
2017-12-26,92.7699966430664,92.1500015258789,92.3499984741211,92.4800033569336,3431900.0,86.37445068359375
2017-12-27,92.75,91.93000030517578,92.48999786376953,92.0999984741211,4276700.0,86.0195541381836
2017-12-28,92.54000091552734,91.91000366210938,92.30000305175781,92.06999969482422,3005400.0,85.99152374267578
2017-12-29,92.45999908447266,91.87999725341797,92.23999786376953,91.87999725341797,4346700.0,85.81405639648438
2018-01-02,91.93000030517578,90.55000305175781,91.91999816894531,90.6500015258789,7558900.0,84.66526794433594
2018-01-03,91.08999633789062,90.5199966430664,90.7300033569336,90.54000091552734,5863600.0,84.56253051757812
2018-01-04,91.7699966430664,90.61000061035156,90.83000183105469,91.18000030517578,6322500.0,85.16027069091797
2018-01-05,91.30000305175781,90.56999969482422,91.2699966430664,91.23999786376953,5949700.0,85.21630859375
2018-01-08,91.7699966430664,90.93000030517578,90.93000030517578,91.72000122070312,4860700.0,85.66462707519531
2018-01-09,91.6500015258789,91.01000213623047,91.47000122070312,91.05000305175781,6630100.0,85.03886413574219
2018-01-10,90.91000366210938,90.01000213623047,90.91000366210938,90.47000122070312,6564700.0,84.49716186523438
2018-01-11,90.5199966430664,89.91999816894531,90.4000015258789,90.1500015258789,5469700.0,84.19828796386719
2018-01-12,90.33999633789062,89.3499984741211,90.05000305175781,89.61000061035156,8111000.0,83.69393157958984
2018-01-16,90.7699966430664,89.63999938964844,90.13999938964844,90.22000122070312,9465300.0,84.263671875
2018-01-17,91.7300033569336,90.43000030517578,90.55999755859375,91.19999694824219,8345500.0,85.17896270751953
2018-01-18,90.6500015258789,89.66999816894531,90.23999786376953,90.18000030517578,7699800.0,84.86801147460938
2018-01-19,91.26000213623047,90.23999786376953,90.27999877929688,91.06999969482422,9364000.0,85.70559692382812
2018-01-22,91.91999816894531,90.7699966430664,90.87999725341797,91.88999938964844,8658000.0,86.47730255126953
2018-01-23,90.20999908447266,88.5999984741211,89.81999969482422,89.05000305175781,18756300.0,83.80458068847656
2018-01-24,89.16000366210938,87.69999694824219,89.05999755859375,88.30999755859375,15141900.0,83.10816192626953
2018-01-25,89.05000305175781,88.01000213623047,88.68000030517578,88.33999633789062,11264400.0,83.13639831542969
2018-01-26,88.16999816894531,87.2300033569336,88.16999816894531,87.7300033569336,11503100.0,82.56233978271484
2018-01-29,87.73999786376953,86.69000244140625,87.69000244140625,86.86000061035156,11685800.0,81.74358367919922
2018-01-30,87.44000244140625,86.62999725341797,86.81999969482422,86.94999694824219,9662900.0,81.8282699584961
2018-01-31,87.41000366210938,86.08000183105469,86.80999755859375,86.33999633789062,11798100.0,81.25421142578125
2018-02-01,86.5,85.55999755859375,86.1500015258789,85.8499984741211,8606300.0,80.79307556152344
2018-02-02,85.61000061035156,84.20999908447266,85.55999755859375,84.25,12846300.0,79.28732299804688
2018-02-05,84.37000274658203,80.0999984741211,83.98999786376953,81.05999755859375,17462200.0,76.28523254394531
2018-02-06,82.44999694824219,80.12000274658203,80.52999877929688,82.37999725341797,19955500.0,77.5274658203125
2018-02-07,83.38999938964844,81.81999969482422,82.30000305175781,81.83999633789062,11851800.0,77.01927185058594
2018-02-08,82.22000122070312,80.1500015258789,82.02999877929688,80.22000122070312,14596100.0,75.49469757080078
2018-02-09,81.02999877929688,78.58999633789062,80.9800033569336,79.91999816894531,18838800.0,75.2123794555664
2018-02-12,81.66999816894531,80.58000183105469,80.61000061035156,81.33000183105469,10769000.0,76.53932189941406
2018-02-13,81.83000183105469,80.91000366210938,81.1500015258789,81.5,9278700.0,76.69931030273438
2018-02-14,81.26000213623047,80.2699966430664,81.05999755859375,80.68000030517578,9412000.0,75.92760467529297
2018-02-15,82.41000366210938,80.5,80.97000122070312,82.41000366210938,8910700.0,77.55571746826172
2018-02-16,83.25,82.12999725341797,82.20999908447266,82.5999984741211,10371700.0,77.7345199584961
2018-02-20,82.22000122070312,81.06999969482422,82.19000244140625,81.33999633789062,7087700.0,76.5487289428711
2018-02-21,81.80999755859375,80.19000244140625,81.30999755859375,80.23999786376953,9134500.0,75.5135269165039
2018-02-22,81.27999877929688,80.16999816894531,80.47000122070312,80.83999633789062,10277700.0,76.07819366455078
2018-02-23,81.12000274658203,80.4800033569336,81.01000213623047,81.05000305175781,10321800.0,76.27581787109375
2018-02-26,81.69000244140625,81.05000305175781,81.44999694824219,81.62999725341797,9422200.0,76.8216552734375
2018-02-27,82.0,80.51000213623047,81.88999938964844,80.54000091552734,8919600.0,75.79585266113281
2018-02-28,80.79000091552734,78.5,80.68000030517578,78.5199966430664,16862000.0,73.89485168457031
2018-03-01,79.27999877929688,77.9000015258789,78.4000015258789,78.69999694824219,13504200.0,74.06423950195312
2018-03-02,79.66000366210938,78.41999816894531,78.4800033569336,79.5,9317700.0,74.81712341308594
2018-03-05,80.38999938964844,79.1500015258789,79.27999877929688,80.29000091552734,8177000.0,75.56058502197266
2018-03-06,80.41999816894531,79.37000274658203,80.41000366210938,80.0199966430664,9085300.0,75.3064956665039
2018-03-07,79.63999938964844,78.9000015258789,79.52999877929688,79.16000366210938,9089500.0,74.49714660644531
2018-03-08,79.98999786376953,79.0199966430664,79.16999816894531,79.97000122070312,7951700.0,75.2594223022461
2018-03-09,80.75,79.9000015258789,80.18000030517578,80.29000091552734,7662200.0,75.56058502197266
2018-03-12,80.62000274658203,79.76000213623047,80.2300033569336,79.86000061035156,7182000.0,75.15592193603516
2018-03-13,80.19000244140625,79.36000061035156,80.0,79.72000122070312,9620200.0,75.02416229248047
2018-03-14,79.83999633789062,78.86000061035156,79.69000244140625,79.0,8898100.0,74.3465805053711
2018-03-15,79.13999938964844,78.54000091552734,79.08999633789062,78.66999816894531,6996900.0,74.03599548339844
2018-03-16,79.38999938964844,78.83999633789062,78.93000030517578,78.97000122070312,17715400.0,74.31834411621094
2018-03-19,79.56999969482422,78.2699966430664,78.97000122070312,78.66000366210938,8368200.0,74.02660369873047
2018-03-20,79.0999984741211,77.95999908447266,78.73999786376953,78.30999755859375,8465500.0,73.69720458984375
2018-03-21,78.23999786376953,76.87999725341797,78.05000305175781,77.04000091552734,9822800.0,72.50201416015625
2018-03-22,77.5199966430664,76.37000274658203,76.83000183105469,76.41000366210938,10481600.0,71.90912628173828
2018-03-23,77.18000030517578,75.80999755859375,76.79000091552734,75.91000366210938,11728300.0,71.43858337402344
2018-03-26,76.87000274658203,76.0199966430664,76.56999969482422,76.41000366210938,12937000.0,71.90912628173828
2018-03-27,78.44000244140625,76.30000305175781,76.52999877929688,77.79000091552734,11288200.0,73.20783233642578
2018-03-28,79.13999938964844,77.94999694824219,77.94999694824219,78.83999633789062,12857800.0,74.19598388671875
2018-03-29,80.48999786376953,79.18000030517578,79.43000030517578,79.27999877929688,10036400.0,74.61007690429688
2018-04-02,79.37000274658203,77.05999755859375,79.26000213623047,77.4000015258789,12017200.0,72.8408203125
2018-04-03,78.80000305175781,77.18000030517578,77.55999755859375,78.45999908447266,11933100.0,73.83837127685547
2018-04-04,79.5199966430664,77.58999633789062,77.81999969482422,79.05000305175781,9030800.0,74.39363861083984
2018-04-05,79.31999969482422,78.51000213623047,79.08999633789062,78.80000305175781,7864700.0,74.15835571289062
2018-04-06,79.36000061035156,77.9000015258789,78.37000274658203,78.43000030517578,8300800.0,73.81014251708984
2018-04-09,78.8499984741211,77.56999969482422,78.80000305175781,78.16000366210938,9031200.0,73.55604553222656
2018-04-10,78.83999633789062,77.94000244140625,78.70999908447266,78.37000274658203,6779000.0,73.75369262695312
2018-04-11,78.69000244140625,78.04000091552734,78.19000244140625,78.2699966430664,7143500.0,73.65957641601562
2018-04-12,78.69999694824219,77.79000091552734,78.63999938964844,77.79000091552734,8282300.0,73.20783233642578
2018-04-13,78.44000244140625,77.72000122070312,78.05999755859375,78.37000274658203,6198500.0,73.75369262695312
2018-04-16,78.86000061035156,78.04000091552734,78.55999755859375,78.61000061035156,5962200.0,73.97954559326172
2018-04-17,78.94000244140625,78.0999984741211,78.93000030517578,78.43000030517578,6492400.0,73.81014251708984
2018-04-18,78.68000030517578,78.0199966430664,78.58000183105469,78.19999694824219,7349400.0,73.59368896484375
2018-04-19,75.72000122070312,74.19999694824219,75.38999938964844,74.94999694824219,16955600.0,71.18803405761719
2018-04-20,74.91999816894531,73.73999786376953,74.04000091552734,73.80000305175781,14085000.0,70.09573364257812
2018-04-23,73.9800033569336,72.76000213623047,73.58999633789062,73.0,13653400.0,69.33589172363281
2018-04-24,73.33000183105469,72.1500015258789,73.05999755859375,72.5,16551700.0,68.86100769042969
2018-04-25,72.75,71.94999694824219,72.41000366210938,72.30000305175781,14208800.0,68.67103576660156
2018-04-26,73.01000213623047,72.37000274658203,72.56999969482422,72.75,11204300.0,69.09844970703125
2018-04-27,73.08000183105469,72.20999908447266,72.52999877929688,72.80999755859375,8144800.0,69.15542602539062
2018-04-30,72.91999816894531,72.16000366210938,72.91000366210938,72.33999633789062,13076500.0,68.70902252197266
2018-05-01,72.33000183105469,71.66000366210938,72.05000305175781,71.95999908447266,8103800.0,68.34809112548828
2018-05-02,72.01000213623047,70.7300033569336,71.94000244140625,70.94000244140625,10830900.0,67.37931060791016
2018-05-03,71.72000122070312,70.73999786376953,70.80999755859375,71.36000061035156,9386500.0,67.77821350097656
2018-05-04,72.62000274658203,71.33999633789062,71.37999725341797,72.43000030517578,8107400.0,68.79450988769531
2018-05-07,73.22000122070312,71.88999938964844,72.66999816894531,71.9800033569336,6633600.0,68.36709594726562
2018-05-08,72.12000274658203,71.11000061035156,72.05000305175781,71.44000244140625,8084100.0,67.85419464111328
2018-05-09,72.55000305175781,71.73999786376953,71.7699966430664,72.37000274658203,7528400.0,68.7375259399414
2018-05-10,73.33999633789062,72.69000244140625,72.94000244140625,73.1500015258789,7618500.0,69.47837829589844
2018-05-11,74.0999984741211,73.05000305175781,73.62999725341797,73.37000274658203,7586200.0,69.68733215332031
2018-05-14,73.77999877929688,73.08999633789062,73.77999877929688,73.27999877929688,8646900.0,69.60183715820312
2018-05-15,73.41000366210938,72.5999984741211,73.30999755859375,72.94999694824219,11502800.0,69.28840637207031
2018-05-16,73.93000030517578,72.95999908447266,72.9800033569336,73.52999877929688,8325000.0,69.83929443359375
2018-05-17,74.0,73.4000015258789,73.5199966430664,73.95999908447266,8053600.0,70.24771118164062
2018-05-18,74.06999969482422,73.11000061035156,73.9800033569336,73.44999694824219,7042700.0,69.76331329345703
2018-05-21,74.25,73.41999816894531,73.75,74.05999755859375,6428400.0,70.34268951416016
2018-05-22,74.94000244140625,73.83000183105469,74.45999908447266,74.02999877929688,7744200.0,70.31420135498047
2018-05-23,74.30000305175781,73.72000122070312,74.0199966430664,74.18000030517578,6592500.0,70.4566650390625
2018-05-24,74.3499984741211,73.58999633789062,74.08000183105469,73.7699966430664,6508900.0,70.06725311279297
2018-05-25,74.62000274658203,73.75,73.9000015258789,74.30999755859375,7546500.0,70.58013916015625
2018-05-29,74.69999694824219,73.7699966430664,74.05999755859375,74.05000305175781,8905600.0,70.33319854736328
2018-05-30,75.0199966430664,74.05000305175781,74.33000183105469,74.88999938964844,8128600.0,71.13103485107422
2018-05-31,74.69000244140625,72.80000305175781,74.66999816894531,73.16999816894531,15526000.0,69.49736785888672
2018-06-01,73.73999786376953,72.86000061035156,73.33000183105469,73.44999694824219,7209300.0,69.76331329345703
2018-06-04,74.62000274658203,73.44999694824219,73.54000091552734,74.18000030517578,8743800.0,70.4566650390625
2018-06-05,74.37999725341797,73.5999984741211,74.27999877929688,73.97000122070312,6910100.0,70.25721740722656
2018-06-06,74.41999816894531,73.72000122070312,74.06999969482422,74.3499984741211,7002900.0,70.61814880371094
2018-06-07,76.38999938964844,74.0999984741211,74.18000030517578,75.76000213623047,13476100.0,71.95738220214844
2018-06-08,77.20999908447266,75.73999786376953,75.8499984741211,77.18000030517578,13625300.0,73.30609130859375
2018-06-11,77.69000244140625,76.87999725341797,76.97000122070312,77.52999877929688,9049400.0,73.6385269165039
2018-06-12,77.88999938964844,77.11000061035156,77.81999969482422,77.23999786376953,8786000.0,73.36307525634766
2018-06-13,77.4000015258789,76.19999694824219,77.4000015258789,76.47000122070312,8022400.0,72.6317367553711
2018-06-14,76.55999755859375,75.69999694824219,76.55999755859375,75.98999786376953,8895200.0,72.17581939697266
2018-06-15,77.51000213623047,75.91999816894531,76.16000366210938,77.37999725341797,14943500.0,73.49605560302734
2018-06-18,77.0999984741211,75.38999938964844,76.86000061035156,75.83999633789062,7384900.0,72.0333480834961
2018-06-19,76.68000030517578,75.56999969482422,75.58999633789062,76.33000183105469,8514000.0,72.4987564086914
2018-06-20,76.3499984741211,75.54000091552734,76.3499984741211,75.8499984741211,6603500.0,72.0428466796875
2018-06-21,77.05000305175781,75.52999877929688,75.52999877929688,76.44000244140625,8691200.0,72.60324096679688
2018-06-22,77.62999725341797,76.7699966430664,76.79000091552734,77.43000030517578,11446400.0,73.54354858398438
2018-06-25,77.94000244140625,77.18000030517578,77.27999877929688,77.79000091552734,11300500.0,73.88545989990234
2018-06-26,78.30999755859375,77.36000061035156,77.79000091552734,78.0,9558500.0,74.08493041992188
2018-06-27,78.70999908447266,77.55999755859375,78.11000061035156,77.69000244140625,7873300.0,73.79048919677734
2018-06-28,78.31999969482422,77.66000366210938,77.86000061035156,78.05000305175781,5714400.0,74.13243103027344
2018-06-29,78.54000091552734,77.29000091552734,77.93000030517578,78.05999755859375,7679900.0,74.14192199707031
2018-07-02,78.30999755859375,77.41999816894531,77.5,78.12999725341797,6092800.0,74.20840454101562
2018-07-03,78.76000213623047,77.77999877929688,78.54000091552734,77.9000015258789,5897200.0,73.9899673461914
2018-07-05,79.25,78.12000274658203,78.13999938964844,79.20999908447266,7956100.0,75.23420715332031
2018-07-06,79.62000274658203,78.9000015258789,79.37999725341797,79.30999755859375,7244000.0,75.32918548583984
2018-07-09,78.83000183105469,77.77999877929688,78.45999908447266,77.86000061035156,9095900.0,73.95195770263672
2018-07-10,79.94000244140625,77.98999786376953,78.06999969482422,79.81999969482422,12773500.0,75.8135757446289
2018-07-11,79.83999633789062,79.02999877929688,79.62999725341797,79.16000366210938,7851600.0,75.18670654296875
2018-07-12,79.5199966430664,78.56999969482422,79.33999633789062,78.88999938964844,8556800.0,74.93026733398438
2018-07-13,79.47000122070312,78.9000015258789,79.08000183105469,79.30999755859375,6021300.0,75.32918548583984
2018-07-16,79.62999725341797,78.83000183105469,79.20999908447266,79.52999877929688,6931200.0,75.53813171386719
2018-07-17,80.5,79.55000305175781,79.66000366210938,80.02999877929688,8983400.0,76.0130386352539
2018-07-18,80.20999908447266,79.33000183105469,79.72000122070312,79.72000122070312,9105100.0,75.7186050415039
2018-07-19,79.19000244140625,77.88999938964844,78.41999816894531,78.7300033569336,8010600.0,75.45713806152344
2018-07-20,79.05999755859375,78.31999969482422,78.31999969482422,78.68000030517578,8234700.0,75.40921783447266
2018-07-23,78.94000244140625,78.23999786376953,78.48999786376953,78.51000213623047,5881600.0,75.24628448486328
2018-07-24,79.01000213623047,77.54000091552734,77.54000091552734,78.98999786376953,8297100.0,75.70633697509766
2018-07-25,79.5999984741211,78.72000122070312,78.72000122070312,79.47000122070312,6208400.0,76.1663818359375
2018-07-26,80.7699966430664,79.47000122070312,79.55999755859375,80.08999633789062,9771100.0,76.76060485839844
2018-07-27,80.83000183105469,79.45999908447266,79.66999816894531,80.58000183105469,7492900.0,77.23023986816406
2018-07-30,80.5,79.83999633789062,80.06999969482422,80.19999694824219,7090700.0,76.86602783203125
2018-07-31,80.9800033569336,79.43000030517578,80.38999938964844,80.87999725341797,9878200.0,77.51776123046875
2018-08-01,80.81999969482422,80.11000061035156,80.41999816894531,80.6500015258789,7556700.0,77.29732513427734
2018-08-02,82.22000122070312,80.58999633789062,80.80000305175781,82.0,9261700.0,78.59120178222656
2018-08-03,83.0999984741211,81.91999816894531,82.13999938964844,82.33000183105469,7102800.0,78.9074935913086
2018-08-06,82.93000030517578,82.1500015258789,82.19999694824219,82.5199966430664,5669200.0,79.0895767211914
2018-08-07,82.68000030517578,81.7300033569336,82.41000366210938,82.63999938964844,6418000.0,79.20459747314453
2018-08-08,82.80000305175781,82.0999984741211,82.0999984741211,82.3499984741211,4891300.0,78.9266586303711
2018-08-09,82.44000244140625,81.30000305175781,82.44000244140625,81.4000015258789,5167400.0,78.01615142822266
2018-08-10,81.76000213623047,81.0,81.30000305175781,81.43000030517578,5566000.0,78.04490661621094
2018-08-13,82.08000183105469,81.1500015258789,81.69999694824219,81.5199966430664,5068100.0,78.13115692138672
2018-08-14,81.72000122070312,81.2300033569336,81.38999938964844,81.30999755859375,6226900.0,77.92989349365234
2018-08-15,82.37000274658203,80.80999755859375,81.30000305175781,82.30000305175781,8753500.0,78.87874603271484
2018-08-16,84.0,82.30999755859375,82.45999908447266,83.69000244140625,12368000.0,80.21095275878906
2018-08-17,84.19999694824219,83.5999984741211,83.7300033569336,83.69000244140625,8409300.0,80.21095275878906
2018-08-20,83.94999694824219,83.30999755859375,83.88999938964844,83.63999938964844,6795800.0,80.16302490234375
2018-08-21,84.0,83.08999633789062,83.56999969482422,83.9000015258789,8534500.0,80.41222381591797
2018-08-22,83.8499984741211,83.05999755859375,83.80999755859375,83.38999938964844,5132600.0,79.92341613769531
2018-08-23,83.5999984741211,82.83999633789062,83.01000213623047,83.23999786376953,4323200.0,79.7796630859375
2018-08-24,83.55000305175781,83.02999877929688,83.22000122070312,83.36000061035156,5356000.0,79.8946762084961
2018-08-27,83.81999969482422,83.0199966430664,83.5,83.44000244140625,3941500.0,79.97134399414062
2018-08-28,83.86000061035156,83.31999969482422,83.72000122070312,83.4800033569336,5405200.0,80.00968933105469
2018-08-29,83.76000213623047,83.29000091552734,83.51000213623047,83.48999786376953,4520400.0,80.01925659179688
2018-08-30,83.73999786376953,83.19000244140625,83.38999938964844,83.41000366210938,4549700.0,79.94258880615234
2018-08-31,83.52999877929688,82.38999938964844,83.3499984741211,82.94999694824219,6674900.0,79.501708984375
2018-09-04,82.95999908447266,82.06999969482422,82.4800033569336,82.69999694824219,5800700.0,79.2621078491211
2018-09-05,83.47000122070312,82.11000061035156,82.11000061035156,83.29000091552734,7651900.0,79.82759094238281
2018-09-06,83.30999755859375,82.48999786376953,82.91000366210938,82.6500015258789,7541100.0,79.21419525146484
2018-09-07,82.19999694824219,81.25,82.0999984741211,81.91000366210938,11110900.0,78.50495147705078
2018-09-10,83.0999984741211,82.33999633789062,82.58000183105469,82.37999725341797,6783000.0,78.95540618896484
2018-09-11,82.41999816894531,81.62999725341797,82.12999725341797,82.01000213623047,5210300.0,78.60079193115234
2018-09-12,83.18000030517578,81.69999694824219,81.9000015258789,83.11000061035156,5925200.0,79.65505981445312
2018-09-13,83.48999786376953,82.6500015258789,83.2699966430664,83.44999694824219,5328400.0,79.98092651367188
2018-09-14,83.66999816894531,82.97000122070312,83.47000122070312,83.61000061035156,5004100.0,80.13426971435547
2018-09-17,84.2699966430664,83.33999633789062,83.5,84.25,7098800.0,80.74767303466797
2018-09-18,84.29000091552734,83.58000183105469,84.29000091552734,84.0,6022800.0,80.508056640625
2018-09-19,84.29000091552734,83.7699966430664,83.91999816894531,84.0,6157600.0,80.508056640625
2018-09-20,85.63999938964844,84.2300033569336,84.29000091552734,85.36000061035156,10053000.0,81.81153106689453
2018-09-21,86.27999877929688,85.5199966430664,85.80999755859375,85.81999969482422,17402500.0,82.25240325927734
2018-09-24,85.70999908447266,84.2300033569336,85.62999725341797,84.2699966430664,6389400.0,80.76683044433594
2018-09-25,84.41000366210938,83.08000183105469,84.27999877929688,83.12000274658203,5657200.0,79.66464233398438
2018-09-26,83.98999786376953,83.02999877929688,83.25,83.26000213623047,6581000.0,79.79882049560547
2018-09-27,83.62999725341797,82.80999755859375,83.04000091552734,82.86000061035156,6277600.0,79.41545867919922
2018-09-28,83.29000091552734,82.79000091552734,83.02999877929688,83.2300033569336,5125800.0,79.77008819580078
2018-10-01,83.72000122070312,83.16999816894531,83.30999755859375,83.66999816894531,4899900.0,80.19178009033203
2018-10-02,84.44000244140625,83.37000274658203,83.4800033569336,84.36000061035156,7390900.0,80.85310363769531
2018-10-03,84.5199966430664,82.8499984741211,84.44000244140625,83.02999877929688,7958700.0,79.57838439941406
2018-10-04,82.5,81.0999984741211,82.5,81.91999816894531,7029900.0,78.51453399658203
2018-10-05,82.44999694824219,81.9800033569336,81.9800033569336,82.1500015258789,5454600.0,78.73497009277344
2018-10-08,82.73999786376953,81.75,81.9800033569336,82.4000015258789,7192300.0,78.97457885742188
2018-10-09,82.72000122070312,82.05999755859375,82.38999938964844,82.19999694824219,6268100.0,78.78289031982422
2018-10-10,82.68000030517578,81.44000244140625,81.80999755859375,81.44000244140625,9295800.0,78.05448150634766
2018-10-11,81.97000122070312,78.66999816894531,81.63999938964844,78.87000274658203,12560300.0,75.5913314819336
2018-10-12,79.37999725341797,78.48999786376953,79.37000274658203,79.05999755859375,9878700.0,75.77342224121094
2018-10-15,80.54000091552734,78.91999816894531,79.01000213623047,80.12999725341797,9691500.0,76.79894256591797
2018-10-16,81.08999633789062,79.9000015258789,79.91000366210938,81.01000213623047,9462600.0,77.64236450195312
2018-10-17,82.18000030517578,80.37999725341797,80.76000213623047,81.86000061035156,10375300.0,78.45702362060547
2018-10-18,81.33999633789062,80.0,80.70999908447266,80.23999786376953,9869500.0,77.58409881591797
2018-10-19,87.76000213623047,84.86000061035156,84.86000061035156,87.30000305175781,30276400.0,84.41043090820312
2018-10-22,87.23999786376953,85.2300033569336,86.7300033569336,86.5999984741211,14124100.0,83.73358917236328
2018-10-23,87.30000305175781,86.01000213623047,86.01000213623047,87.16000366210938,16269500.0,84.27506256103516
2018-10-24,90.69999694824219,87.22000122070312,87.27999877929688,89.45999908447266,26703500.0,86.49893188476562
2018-10-25,89.33000183105469,87.30999755859375,88.11000061035156,89.0,14647000.0,86.05415344238281
2018-10-26,89.16999816894531,87.38999938964844,88.69000244140625,87.86000061035156,14335900.0,84.95188903808594
2018-10-29,89.41999816894531,87.44000244140625,88.29000091552734,88.23999786376953,12878900.0,85.31930541992188
2018-10-30,89.43000030517578,88.20999908447266,88.8499984741211,89.19000244140625,13844000.0,86.23786163330078
2018-10-31,89.31999969482422,87.2699966430664,88.7699966430664,88.68000030517578,13362400.0,85.74474334716797
2018-11-01,89.83000183105469,88.18000030517578,88.80999755859375,89.58999633789062,9732400.0,86.62462615966797
2018-11-02,89.94999694824219,88.9800033569336,89.87999725341797,89.80999755859375,11336000.0,86.83734130859375
2018-11-05,91.44000244140625,89.81999969482422,89.88999938964844,91.19999694824219,12270100.0,88.18133544921875
2018-11-06,91.52999877929688,90.43000030517578,90.86000061035156,91.51000213623047,8857800.0,88.4810791015625
2018-11-07,91.62000274658203,90.62000274658203,91.58999633789062,91.29000091552734,9019800.0,88.26836395263672
2018-11-08,91.52999877929688,90.66999816894531,90.94999694824219,91.36000061035156,6614400.0,88.33604431152344
2018-11-09,92.66999816894531,91.16999816894531,91.3499984741211,92.41000366210938,10713500.0,89.3512954711914
2018-11-12,93.44999694824219,91.75,92.20999908447266,92.69999694824219,12522100.0,89.63168334960938
2018-11-13,93.56999969482422,91.58999633789062,91.97000122070312,93.47000122070312,13438700.0,90.3761978149414
2018-11-14,93.9000015258789,92.98999786376953,93.41999816894531,93.48999786376953,11623000.0,90.39554595947266
2018-11-15,93.9000015258789,92.72000122070312,93.33000183105469,93.83000183105469,12506000.0,90.72428131103516
2018-11-16,94.80999755859375,93.66999816894531,93.81999969482422,93.81999969482422,13013500.0,90.71461486816406
2018-11-19,94.19000244140625,92.91000366210938,93.72000122070312,93.29000091552734,9458300.0,90.20216369628906
2018-11-20,93.79000091552734,91.86000061035156,93.23999786376953,92.0999984741211,12074000.0,89.05154418945312
2018-11-21,92.37000274658203,91.23999786376953,91.66000366210938,91.41000366210938,8911800.0,88.38438415527344
2018-11-23,91.98999786376953,90.62999725341797,91.25,91.54000091552734,4399600.0,88.51008605957031
2018-11-26,92.4000015258789,91.1500015258789,91.1500015258789,91.94000244140625,8171400.0,88.89684295654297
2018-11-27,92.86000061035156,91.8499984741211,91.93000030517578,92.72000122070312,9023400.0,89.65103149414062
2018-11-28,93.22000122070312,92.20999908447266,92.62999725341797,93.01000213623047,8093700.0,89.93142700195312
2018-11-29,93.30000305175781,92.66000366210938,92.86000061035156,92.81999969482422,6126900.0,89.74771881103516
2018-11-30,94.6500015258789,92.75,93.18000030517578,94.51000213623047,16291800.0,91.38177490234375
2018-12-03,94.66999816894531,92.26000213623047,94.66999816894531,93.31999969482422,13934700.0,90.23117065429688
2018-12-04,94.86000061035156,93.16999816894531,93.48999786376953,93.30999755859375,11123600.0,90.22148895263672
2018-12-06,93.62999725341797,91.08000183105469,92.69999694824219,93.55000305175781,14199200.0,90.45355987548828
2018-12-07,93.77999877929688,92.13999938964844,93.58999633789062,92.44999694824219,7996800.0,89.38996887207031
2018-12-10,93.4000015258789,91.37000274658203,93.25,93.02999877929688,9307600.0,89.95077514648438
2018-12-11,94.5199966430664,93.4000015258789,93.72000122070312,93.91000366210938,8743800.0,90.8016357421875
2018-12-12,94.55000305175781,93.0999984741211,94.20999908447266,94.02999877929688,9644000.0,90.91766357421875
2018-12-13,96.79000091552734,94.80000305175781,94.87000274658203,96.48999786376953,18541300.0,93.2962417602539
2018-12-14,96.9000015258789,96.0199966430664,96.44999694824219,96.63999938964844,12657300.0,93.44127655029297
2018-12-17,96.5,92.4000015258789,96.0,92.7699966430664,12427600.0,89.69937133789062
2018-12-18,93.30999755859375,91.86000061035156,93.12999725341797,92.48999786376953,12250600.0,89.42863464355469
2018-12-19,93.3499984741211,91.29000091552734,92.55000305175781,91.76000213623047,10825600.0,88.72280883789062
2018-12-20,92.2300033569336,90.12999725341797,91.51000213623047,90.9800033569336,14439200.0,87.96862030029297
2018-12-21,93.16999816894531,90.36000061035156,90.61000061035156,90.97000122070312,24030000.0,87.95895385742188
2018-12-24,90.66000366210938,86.87999725341797,90.44999694824219,87.36000061035156,7396300.0,84.46843719482422
2018-12-26,90.08999633789062,86.73999786376953,87.41999816894531,90.08999633789062,8630900.0,87.10807037353516
2018-12-27,92.05000305175781,88.19999694824219,89.61000061035156,92.0199966430664,11360100.0,88.97419738769531
2018-12-28,93.27999877929688,90.83999633789062,92.55999755859375,91.18000030517578,9611800.0,88.1620101928711
2018-12-31,92.18000030517578,91.1500015258789,91.62999725341797,91.91999816894531,7239500.0,88.87750244140625
2019-01-02,91.38999938964844,89.93000030517578,91.02999877929688,91.27999877929688,9843900.0,88.2586898803711
2019-01-03,92.5,90.37999725341797,90.94000244140625,90.63999938964844,9820200.0,87.6398696899414
2019-01-04,92.48999786376953,90.37000274658203,90.83999633789062,92.48999786376953,10565700.0,89.42863464355469
2019-01-07,92.5,91.4000015258789,91.91000366210938,92.12000274658203,9012500.0,89.07089233398438
2019-01-08,93.08999633789062,91.81999969482422,92.69999694824219,92.45999908447266,9551300.0,89.3996353149414
2019-01-09,92.95999908447266,90.80999755859375,92.69000244140625,90.94999694824219,15015600.0,87.93961334228516
2019-01-10,91.54000091552734,90.61000061035156,90.88999938964844,91.16999816894531,11102300.0,88.15232849121094
2019-01-11,91.9800033569336,91.11000061035156,91.66999816894531,91.7699966430664,7166600.0,88.73246765136719
2019-01-14,91.91000366210938,90.8499984741211,91.5,91.1500015258789,7952000.0,88.13298797607422
2019-01-15,92.61000061035156,91.13999938964844,91.1500015258789,92.01000213623047,7834500.0,88.96453094482422
2019-01-16,92.1500015258789,90.98999786376953,91.73999786376953,91.37000274658203,7964500.0,88.34571075439453
2019-01-17,91.55999755859375,90.3499984741211,90.70999908447266,90.63999938964844,8044500.0,88.33323669433594
2019-01-18,91.83999633789062,91.04000091552734,91.37000274658203,91.41999816894531,9100300.0,89.09337615966797
2019-01-22,91.75,89.08000183105469,91.38999938964844,90.44000244140625,13518500.0,88.1383285522461
2019-01-23,96.41000366210938,93.62999725341797,94.18000030517578,94.83999633789062,22869000.0,92.42634582519531
2019-01-24,94.55999755859375,93.19000244140625,94.29000091552734,94.30000305175781,12146400.0,91.90009307861328
2019-01-25,94.88999938964844,93.05999755859375,94.41999816894531,93.5999984741211,10618000.0,91.21790313720703
2019-01-28,93.97000122070312,92.97000122070312,93.31999969482422,93.5199966430664,9765600.0,91.13993835449219
2019-01-29,94.12000274658203,93.0999984741211,93.79000091552734,93.54000091552734,9769800.0,91.15943145751953
2019-01-30,94.66000366210938,93.56999969482422,93.61000061035156,94.5199966430664,7750200.0,92.11448669433594
2019-01-31,96.80999755859375,94.08000183105469,94.43000030517578,96.47000122070312,16044400.0,94.01486206054688
2019-02-01,97.61000061035156,95.98999786376953,96.3499984741211,97.47000122070312,12720800.0,94.98941040039062
2019-02-04,98.22000122070312,96.72000122070312,97.20999908447266,98.02999877929688,11887500.0,95.53516387939453
2019-02-05,98.0199966430664,97.20999908447266,97.98999786376953,97.44000244140625,9772300.0,94.96017456054688
2019-02-06,98.31999969482422,97.12000274658203,97.25,97.91999816894531,8693900.0,95.4279556274414
2019-02-07,97.5999984741211,96.33999633789062,97.5199966430664,97.13999938964844,8732500.0,94.66781616210938
2019-02-08,97.72000122070312,96.69999694824219,97.01000213623047,97.70999908447266,7483200.0,95.22331237792969
2019-02-11,98.38999938964844,97.43000030517578,97.48999786376953,98.2699966430664,8494100.0,95.76905059814453
2019-02-12,99.33999633789062,97.9800033569336,98.37999725341797,99.26000213623047,11238800.0,96.73385620117188
2019-02-13,99.69999694824219,99.01000213623047,99.29000091552734,99.23999786376953,11587200.0,96.71437072753906
2019-02-14,98.81999969482422,97.83999633789062,98.69999694824219,98.45999908447266,7930100.0,95.9542236328125
2019-02-15,99.19999694824219,98.25,98.94999694824219,98.4800033569336,12069100.0,95.97370910644531
2019-02-19,100.0,98.47000122070312,98.55999755859375,99.98999786376953,10098200.0,97.44527435302734
2019-02-20,100.22000122070312,98.94000244140625,99.77999877929688,99.27999877929688,8947400.0,96.75335693359375
2019-02-21,99.86000061035156,98.58999633789062,99.0999984741211,99.77999877929688,7444800.0,97.24063110351562
2019-02-22,100.4000015258789,99.4000015258789,99.69000244140625,100.25,7925400.0,97.69866180419922
2019-02-25,100.44999694824219,99.33000183105469,100.36000061035156,99.56999969482422,7436100.0,97.03596496582031
2019-02-26,100.18000030517578,99.62999725341797,99.83999633789062,99.83000183105469,7115300.0,97.28936004638672
2019-02-27,99.62999725341797,98.81999969482422,99.33999633789062,98.91000366210938,6013600.0,96.39277648925781
2019-02-28,99.19999694824219,98.08000183105469,98.91000366210938,98.55000305175781,10575400.0,96.04193115234375
2019-03-01,98.77999877929688,97.83000183105469,98.61000061035156,98.44000244140625,7733200.0,95.93473052978516
2019-03-04,98.87999725341797,97.87999725341797,98.56999969482422,98.87000274658203,6895300.0,96.3537826538086
2019-03-05,99.68000030517578,98.91000366210938,98.91000366210938,99.08999633789062,6274600.0,96.56818389892578
2019-03-06,99.0999984741211,98.4000015258789,98.86000061035156,98.93000030517578,4622300.0,96.4122543334961
2019-03-07,99.5999984741211,98.25,98.97000122070312,98.55000305175781,8408600.0,96.04193115234375
2019-03-08,99.18000030517578,97.75,98.81999969482422,98.41000366210938,5144500.0,95.9054946899414
2019-03-11,99.68000030517578,98.51000213623047,98.79000091552734,99.58000183105469,7544400.0,97.04571533203125
2019-03-12,100.5199966430664,99.7300033569336,99.77999877929688,100.05000305175781,7597500.0,97.5037612915039
2019-03-13,101.58999633789062,99.95999908447266,99.98999786376953,101.18000030517578,9883300.0,98.60499572753906
2019-03-14,101.77999877929688,100.72000122070312,100.94000244140625,101.31999969482422,8590200.0,98.7414321899414
2019-03-15,102.88999938964844,101.7300033569336,101.76000213623047,102.44000244140625,30802700.0,99.83292388916016
2019-03-18,102.29000091552734,101.19999694824219,102.05999755859375,101.51000213623047,8442800.0,98.92660522460938
2019-03-19,102.13999938964844,101.29000091552734,101.91000366210938,101.9000015258789,7334100.0,99.30667877197266
2019-03-20,102.30999755859375,101.05000305175781,101.7300033569336,101.72000122070312,7513800.0,99.13125610351562
2019-03-21,102.91000366210938,101.27999877929688,101.27999877929688,102.48999786376953,8221000.0,99.88165283203125
2019-03-22,103.1500015258789,99.01000213623047,102.4800033569336,101.66000366210938,11035900.0,99.07278442382812
2019-03-25,102.33999633789062,101.26000213623047,101.66000366210938,101.95999908447266,6955500.0,99.36514282226562
2019-03-26,103.4800033569336,102.4000015258789,102.44000244140625,103.0199966430664,6909400.0,100.39816284179688
2019-03-27,103.0199966430664,102.04000091552734,102.76000213623047,102.9000015258789,6037100.0,100.2812271118164
2019-03-28,103.68000030517578,103.11000061035156,103.30999755859375,103.55000305175781,6793700.0,100.91468811035156
2019-03-29,104.1500015258789,103.11000061035156,103.86000061035156,104.05000305175781,7535400.0,101.40196228027344
2019-04-01,104.2300033569336,103.13999938964844,104.2300033569336,103.63999938964844,6626500.0,101.00238037109375
2019-04-02,104.0199966430664,103.26000213623047,103.61000061035156,103.75,6088800.0,101.1095962524414
2019-04-03,103.88999938964844,102.75,103.58000183105469,103.69000244140625,5226500.0,101.05111694335938
2019-04-04,103.66999816894531,102.79000091552734,103.4800033569336,103.43000030517578,4786100.0,100.79773712158203
2019-04-05,103.69000244140625,103.16999816894531,103.61000061035156,103.6500015258789,4281800.0,101.01213073730469
2019-04-08,105.13999938964844,103.5,103.93000030517578,104.97000122070312,8468600.0,102.29853820800781
2019-04-09,104.76000213623047,104.13999938964844,104.55000305175781,104.66000366210938,5820300.0,101.99642944335938
2019-04-10,105.0,104.23999786376953,104.66000366210938,104.6500015258789,5394300.0,101.9866943359375
2019-04-11,105.05000305175781,104.37000274658203,104.58000183105469,104.75,5078400.0,102.08413696289062
2019-04-12,105.05999755859375,104.16999816894531,104.75,105.05999755859375,6707900.0,102.3862533569336
2019-04-15,105.77999877929688,104.79000091552734,104.9800033569336,105.7300033569336,5639200.0,103.0392074584961
2019-04-16,106.5,105.6500015258789,105.9800033569336,106.41999816894531,8136100.0,103.71163940429688
2019-04-17,106.51000213623047,105.3499984741211,106.2699966430664,105.8499984741211,6778100.0,103.88427734375
2019-04-18,106.70999908447266,105.83000183105469,106.0199966430664,106.05000305175781,7248900.0,104.08056640625
2019-04-22,107.19999694824219,105.73999786376953,106.12999725341797,106.01000213623047,9057200.0,104.04131317138672
2019-04-23,104.11000061035156,102.12999725341797,104.01000213623047,103.16000366210938,15979800.0,101.24423217773438
2019-04-24,104.6500015258789,102.79000091552734,103.31999969482422,103.69000244140625,10094800.0,101.76438903808594
2019-04-25,103.56999969482422,102.58999633789062,103.0999984741211,103.27999877929688,6085300.0,101.36199951171875
2019-04-26,105.87999725341797,103.91000366210938,103.94999694824219,105.86000061035156,7747400.0,103.89408874511719
2019-04-29,105.75,104.72000122070312,105.56999969482422,104.77999877929688,4787600.0,102.83414459228516
2019-04-30,106.62000274658203,104.66000366210938,104.86000061035156,106.4800033569336,8251300.0,104.50257110595703
2019-05-01,106.38999938964844,104.80999755859375,106.1500015258789,104.93000030517578,6733800.0,102.98135375976562
2019-05-02,105.76000213623047,105.05000305175781,105.19999694824219,105.55999755859375,6270300.0,103.59965515136719
2019-05-03,106.41000366210938,105.58000183105469,105.98999786376953,106.08000183105469,4793400.0,104.1100082397461
2019-05-06,105.81999969482422,105.04000091552734,105.12000274658203,105.68000030517578,4890400.0,103.7174301147461
2019-05-07,105.58000183105469,104.0999984741211,105.02999877929688,104.69999694824219,6021700.0,102.75562286376953
2019-05-08,105.7699966430664,104.16000366210938,104.98999786376953,105.06999969482422,5392600.0,103.11875915527344
2019-05-09,105.04000091552734,103.77999877929688,104.66999816894531,104.23999786376953,6901700.0,102.30416870117188
2019-05-10,106.1500015258789,103.91999816894531,103.9800033569336,106.01000213623047,5815800.0,104.04131317138672
2019-05-13,106.58999633789062,104.8499984741211,105.13999938964844,106.11000061035156,7575500.0,104.13944244384766
2019-05-14,106.5,105.56999969482422,105.7699966430664,105.5999984741211,7004000.0,103.638916015625
2019-05-15,107.0,105.5,105.61000061035156,106.69999694824219,5535600.0,104.7184829711914
2019-05-16,108.68000030517578,106.58999633789062,106.73999786376953,108.11000061035156,9284200.0,106.10231018066406
2019-05-17,108.0,107.26000213623047,107.2699966430664,107.44999694824219,6370200.0,105.45455932617188
2019-05-20,108.12999725341797,107.13999938964844,107.44000244140625,107.33000183105469,6565300.0,105.3367919921875
2019-05-21,107.54000091552734,106.29000091552734,107.47000122070312,106.37000274658203,5226400.0,104.39461517333984
2019-05-22,107.05000305175781,105.94000244140625,106.08999633789062,106.72000122070312,4889700.0,104.73812103271484
2019-05-23,107.02999877929688,105.88999938964844,106.68000030517578,106.76000213623047,6175600.0,104.77737426757812
2019-05-24,107.44000244140625,106.54000091552734,107.1500015258789,106.69000244140625,4372100.0,104.70867919921875
2019-05-28,107.25,104.41999816894531,106.69999694824219,104.45999908447266,7615500.0,102.52008819580078
2019-05-29,104.80999755859375,103.69999694824219,103.95999908447266,104.19000244140625,7137300.0,102.2551040649414
2019-05-30,105.37000274658203,104.37000274658203,104.37000274658203,105.33000183105469,4729200.0,103.37393188476562
2019-05-31,104.9000015258789,102.41000366210938,104.88999938964844,102.91000366210938,10282300.0,100.9988784790039
2019-06-03,103.95999908447266,102.4000015258789,103.1500015258789,103.80000305175781,8532900.0,101.87234497070312
2019-06-04,105.0999984741211,103.8499984741211,104.01000213623047,104.68000030517578,6906400.0,102.73600006103516
2019-06-05,106.75,104.88999938964844,105.23999786376953,106.7300033569336,6481700.0,104.74793243408203
2019-06-06,107.68000030517578,106.33000183105469,106.8499984741211,107.37999725341797,6681600.0,105.38584899902344
2019-06-07,109.37999725341797,107.73999786376953,107.73999786376953,108.7699966430664,8063400.0,106.75004577636719
2019-06-10,109.0199966430664,107.45999908447266,108.31999969482422,108.72000122070312,4767000.0,106.70097351074219
2019-06-11,109.5999984741211,108.87000274658203,108.94000244140625,109.37999725341797,8074400.0,107.34870910644531
2019-06-12,110.66000366210938,109.58000183105469,109.5999984741211,109.68000030517578,7687800.0,107.64314270019531
2019-06-13,110.94999694824219,109.86000061035156,109.9800033569336,110.91000366210938,8611400.0,108.85031127929688
2019-06-14,111.75,110.6500015258789,110.97000122070312,111.19999694824219,6438100.0,109.13491821289062
2019-06-17,111.20999908447266,110.23999786376953,111.16000366210938,110.98999786376953,6020000.0,108.92881774902344
2019-06-18,111.55999755859375,109.43000030517578,111.44999694824219,109.5999984741211,7731200.0,107.56463623046875
2019-06-19,110.7300033569336,109.26000213623047,109.5,110.41999816894531,7028000.0,108.36940002441406
2019-06-20,112.0199966430664,110.5,110.77999877929688,111.73999786376953,7044200.0,109.66488647460938
2019-06-21,112.47000122070312,111.0199966430664,111.62000274658203,111.19999694824219,13799400.0,109.13491821289062
2019-06-24,112.5,111.4000015258789,111.81999969482422,112.33000183105469,5518100.0,110.24393463134766
2019-06-25,112.62999725341797,111.30999755859375,112.11000061035156,111.72000122070312,6805600.0,109.645263671875
2019-06-26,111.44000244140625,109.66000366210938,111.38999938964844,109.7300033569336,7170300.0,107.69221496582031
2019-06-27,110.2699966430664,109.29000091552734,109.91999816894531,109.77999877929688,5613300.0,107.74128723144531
2019-06-28,111.95999908447266,109.0199966430664,111.86000061035156,109.6500015258789,12152000.0,107.61370849609375
2019-07-01,110.69999694824219,109.61000061035156,109.91999816894531,110.48999786376953,6775900.0,108.43810272216797
2019-07-02,111.5,110.29000091552734,110.61000061035156,111.4800033569336,6578200.0,109.40972137451172
2019-07-03,114.2699966430664,111.83999633789062,111.95999908447266,114.08000183105469,6223300.0,111.96144104003906
2019-07-05,113.44999694824219,112.2300033569336,112.97000122070312,113.1500015258789,8694800.0,111.04871368408203
2019-07-08,114.2300033569336,113.30000305175781,113.33999633789062,114.05000305175781,5317800.0,111.93199920654297
2019-07-09,113.91000366210938,112.31999969482422,113.9000015258789,112.91000366210938,7537700.0,110.81316375732422
2019-07-10,114.5,113.4000015258789,113.45999908447266,113.75,5600700.0,111.63756561279297
2019-07-11,114.4000015258789,113.44000244140625,113.66000366210938,114.37999725341797,4625300.0,112.25586700439453
2019-07-12,115.20999908447266,114.06999969482422,114.06999969482422,114.98999786376953,7058600.0,112.85453033447266
2019-07-15,115.87999725341797,114.79000091552734,115.06999969482422,115.4800033569336,6240700.0,113.33544158935547
2019-07-16,116.5199966430664,115.44999694824219,115.72000122070312,115.88999938964844,7644300.0,113.73782348632812
2019-07-17,116.29000091552734,115.7300033569336,115.7300033569336,115.94000244140625,7861700.0,113.78689575195312
2019-07-18,115.7699966430664,114.79000091552734,114.93000030517578,115.44000244140625,5828700.0,114.02989196777344
2019-07-19,115.94999694824219,115.01000213623047,115.5,115.01000213623047,6547000.0,113.60514831542969
2019-07-22,115.44999694824219,114.58000183105469,115.04000091552734,115.30000305175781,4018800.0,113.8916015625
2019-07-23,116.05000305175781,113.83999633789062,115.70999908447266,113.8499984741211,8194600.0,112.45931243896484
2019-07-24,113.87999725341797,112.27999877929688,113.8499984741211,112.5999984741211,9635900.0,111.22457885742188
2019-07-25,112.9800033569336,111.37999725341797,111.4800033569336,112.7699966430664,7809400.0,111.39250183105469
2019-07-26,114.87999725341797,112.87999725341797,113.20999908447266,114.7300033569336,5559600.0,113.32856750488281
2019-07-29,116.20999908447266,114.62000274658203,114.7300033569336,116.0,7768700.0,114.58304595947266
2019-07-30,121.76000213623047,118.80000305175781,119.81999969482422,120.41000366210938,18744800.0,118.9391860961914
2019-07-31,120.68000030517578,117.06999969482422,119.66000366210938,118.04000091552734,12641800.0,116.59812927246094
2019-08-01,119.16999816894531,116.7300033569336,118.55999755859375,116.7300033569336,11308600.0,115.30413818359375
2019-08-02,117.08000183105469,115.69000244140625,116.51000213623047,116.44000244140625,12266100.0,115.0176773071289
2019-08-05,116.30000305175781,112.83000183105469,116.08999633789062,113.08000183105469,12974800.0,111.69872283935547
2019-08-06,115.0,113.18000030517578,113.6500015258789,114.27999877929688,9490600.0,112.8840560913086
2019-08-07,116.23999786376953,112.68000030517578,113.75,115.5199966430664,9507600.0,114.1089096069336
2019-08-08,117.48999786376953,115.33999633789062,115.5199966430664,117.44000244140625,7416600.0,116.00546264648438
2019-08-09,118.04000091552734,115.8499984741211,117.62000274658203,116.77999877929688,6939500.0,115.353515625
2019-08-12,117.66999816894531,115.58999633789062,116.77999877929688,116.02999877929688,3895200.0,114.61267852783203
2019-08-13,118.06999969482422,116.33999633789062,116.51000213623047,117.25,6722000.0,115.81777954101562
2019-08-14,117.94000244140625,115.66000366210938,116.45999908447266,115.79000091552734,10148300.0,114.37561798095703
2019-08-15,118.08999633789062,116.44000244140625,116.80000305175781,117.38999938964844,7758000.0,115.95606994628906
2019-08-16,119.54000091552734,117.5999984741211,118.05999755859375,119.18000030517578,8302400.0,117.72420501708984
2019-08-19,120.44999694824219,119.11000061035156,119.97000122070312,120.23999786376953,5867100.0,118.77125549316406
2019-08-20,120.26000213623047,118.79000091552734,120.05000305175781,118.9000015258789,6744300.0,117.4476318359375
2019-08-21,119.6500015258789,118.68000030517578,119.2699966430664,119.19999694824219,4037400.0,117.74395751953125
2019-08-22,119.79000091552734,118.69999694824219,119.08000183105469,119.41999816894531,4558400.0,117.96127319335938
2019-08-23,120.11000061035156,116.43000030517578,119.13999938964844,117.31999969482422,7336800.0,115.88692474365234
2019-08-26,119.5999984741211,117.22000122070312,117.75,119.31999969482422,5661500.0,117.86249542236328
2019-08-27,121.05000305175781,119.77999877929688,119.98999786376953,120.55000305175781,6996300.0,119.07746887207031
2019-08-28,121.43000030517578,119.62999725341797,120.45999908447266,121.4000015258789,4600300.0,119.9170913696289
2019-08-29,122.0,120.31999969482422,121.79000091552734,121.18000030517578,5011500.0,119.69977569580078
2019-08-30,122.0,119.51000213623047,121.95999908447266,120.2300033569336,6007100.0,118.76138305664062
2019-09-03,121.54000091552734,119.62999725341797,119.79000091552734,121.36000061035156,4959300.0,119.87757110595703
2019-09-04,123.27999877929688,121.45999908447266,121.8499984741211,123.20999908447266,5586900.0,121.7049789428711
2019-09-05,123.43000030517578,122.18000030517578,123.23999786376953,122.76000213623047,7491900.0,121.26048278808594
2019-09-06,123.37999725341797,122.54000091552734,123.0,122.87000274658203,5306900.0,121.36913299560547
2019-09-09,122.77999877929688,121.77999877929688,122.70999908447266,122.16999816894531,7662400.0,120.67768096923828
2019-09-10,121.18000030517578,119.58000183105469,121.02999877929688,119.87999725341797,9582200.0,118.41565704345703
2019-09-11,121.33999633789062,119.36000061035156,119.86000061035156,121.2699966430664,7565500.0,119.7886734008789
2019-09-12,123.20999908447266,121.62000274658203,122.6500015258789,122.7699966430664,6194300.0,121.27035522460938
2019-09-13,122.58000183105469,121.5,121.81999969482422,122.12000274658203,6777400.0,120.6282958984375
2019-09-16,121.95999908447266,119.0199966430664,121.80999755859375,119.75,9626700.0,118.28724670410156
2019-09-17,121.98999786376953,119.44000244140625,119.62999725341797,121.16000366210938,6377100.0,119.68002319335938
2019-09-18,121.95999908447266,120.7699966430664,121.2699966430664,121.41000366210938,5684200.0,119.92697143554688
2019-09-19,122.2300033569336,121.23999786376953,121.38999938964844,121.9000015258789,4525800.0,120.41098022460938
2019-09-20,122.5999984741211,121.75,122.12999725341797,122.23999786376953,15362000.0,120.746826171875
2019-09-23,123.7699966430664,121.97000122070312,122.19999694824219,123.22000122070312,6060400.0,121.71485900878906
2019-09-24,124.7300033569336,123.36000061035156,123.69999694824219,123.61000061035156,7633200.0,122.10009765625
2019-09-25,123.83000183105469,122.94999694824219,123.55999755859375,123.0199966430664,5812600.0,121.51730346679688
2019-09-26,125.0,123.52999877929688,123.63999938964844,124.30999755859375,6984800.0,122.79154205322266
2019-09-27,124.87999725341797,123.72000122070312,124.41000366210938,124.56999969482422,5589800.0,123.0483627319336
2019-09-30,125.36000061035156,124.12999725341797,124.56999969482422,124.37999725341797,5206900.0,122.86067962646484
2019-10-01,124.63999938964844,123.19999694824219,124.36000061035156,123.8499984741211,5415700.0,122.337158203125
2019-10-02,123.6500015258789,120.20999908447266,123.19999694824219,121.08000183105469,6755100.0,119.60099792480469
2019-10-03,122.54000091552734,120.83999633789062,121.66999816894531,121.73999786376953,5171000.0,120.2529296875
2019-10-04,124.05999755859375,121.98999786376953,122.19000244140625,124.0,4377900.0,122.4853286743164
2019-10-07,123.88999938964844,122.68000030517578,123.52999877929688,122.83999633789062,4749700.0,121.33949279785156
2019-10-08,122.93000030517578,120.87999725341797,122.66000366210938,120.93000030517578,5545300.0,119.45282745361328
2019-10-09,122.38999938964844,121.43000030517578,121.80999755859375,121.9800033569336,3775600.0,120.4900131225586
2019-10-10,122.19000244140625,120.80000305175781,121.33000183105469,121.94000244140625,3943400.0,120.45049285888672
2019-10-11,122.05999755859375,120.81999969482422,122.04000091552734,121.08999633789062,6292200.0,119.61087036132812
2019-10-14,121.62000274658203,119.58000183105469,121.62000274658203,120.05000305175781,7360200.0,118.58358001708984
2019-10-15,120.55999755859375,116.69999694824219,120.19000244140625,117.19999694824219,11113900.0,115.76838684082031
2019-10-16,117.7699966430664,116.51000213623047,117.66999816894531,117.52999877929688,7973100.0,116.0943603515625
2019-10-17,117.63999938964844,116.55000305175781,117.30999755859375,116.62999725341797,5956900.0,115.94116973876953
2019-10-18,117.75,116.16999816894531,116.55000305175781,117.47000122070312,9016700.0,116.77621459960938
2019-10-21,119.12000274658203,117.3499984741211,117.41999816894531,119.08000183105469,6731600.0,118.37670135498047
2019-10-22,124.22000122070312,121.5999984741211,124.0,122.18000030517578,14410500.0,121.45838928222656
2019-10-23,123.7300033569336,121.83999633789062,121.98999786376953,123.0,8249300.0,122.27355194091797
2019-10-24,125.7699966430664,123.33999633789062,123.76000213623047,124.79000091552734,6725600.0,124.052978515625
2019-10-25,124.81999969482422,123.16999816894531,124.81999969482422,123.25,6093300.0,122.5220718383789
2019-10-28,124.12000274658203,122.5999984741211,123.4800033569336,123.4800033569336,5459100.0,122.75071716308594
2019-10-29,124.55999755859375,123.0999984741211,123.19999694824219,123.5999984741211,5659800.0,122.87000274658203
2019-10-30,125.16999816894531,123.5,123.98999786376953,124.94000244140625,4734400.0,124.20209503173828
2019-10-31,125.44999694824219,123.36000061035156,124.79000091552734,124.51000213623047,6399500.0,123.7746353149414
2019-11-01,125.13999938964844,123.25,124.83000183105469,123.87000274658203,6010100.0,123.13841247558594
2019-11-04,123.91999816894531,118.63999938964844,123.91999816894531,119.06999969482422,10351400.0,118.36676025390625
2019-11-05,119.58999633789062,118.23999786376953,118.83000183105469,118.9000015258789,9239600.0,118.19776916503906
2019-11-06,120.3499984741211,118.66000366210938,119.0999984741211,120.31999969482422,6755900.0,119.609375
2019-11-07,120.33999633789062,118.80999755859375,120.33999633789062,119.62000274658203,8909700.0,118.91351318359375
2019-11-08,120.58999633789062,119.16000366210938,119.8499984741211,119.69999694824219,4249900.0,118.99303436279297
2019-11-11,120.0,119.08999633789062,119.4800033569336,119.33000183105469,3850400.0,118.62522888183594
2019-11-12,119.5999984741211,118.55000305175781,119.48999786376953,119.2699966430664,4759600.0,118.5655746459961
2019-11-13,121.05000305175781,119.87000274658203,119.9000015258789,120.6500015258789,7262800.0,119.93743133544922
2019-11-14,121.16999816894531,120.11000061035156,120.62000274658203,120.5,5188300.0,119.78831481933594
2019-11-15,120.98999786376953,119.97000122070312,120.98999786376953,120.54000091552734,7108600.0,119.82807922363281
2019-11-18,122.55999755859375,120.16999816894531,120.25,121.88999938964844,7493700.0,121.17010498046875
2019-11-19,122.77999877929688,121.12999725341797,121.93000030517578,121.41999816894531,5989000.0,120.702880859375
2019-11-20,122.37999725341797,120.93000030517578,121.41999816894531,122.29000091552734,6480000.0,121.56774139404297
2019-11-21,122.54000091552734,120.27999877929688,121.77999877929688,120.33999633789062,7094100.0,119.62925720214844
2019-11-22,120.61000061035156,119.38999938964844,120.2300033569336,120.29000091552734,4414900.0,119.57955932617188
2019-11-25,120.91999816894531,120.0199966430664,120.44000244140625,120.51000213623047,5134300.0,119.79825592041016
2019-11-26,122.3499984741211,120.41000366210938,120.7300033569336,122.26000213623047,8235200.0,121.53791809082031
2019-11-27,122.44000244140625,120.95999908447266,122.41999816894531,121.76000213623047,3751400.0,121.04087829589844
2019-11-29,122.62999725341797,121.70999908447266,121.98999786376953,122.05999755859375,2927300.0,121.33909606933594
2019-12-02,122.77999877929688,120.95999908447266,121.94000244140625,122.72000122070312,6146200.0,121.99520111083984
2019-12-03,122.95999908447266,121.80000305175781,122.30999755859375,122.94999694824219,6396200.0,122.22383880615234
2019-12-04,124.58000183105469,122.69000244140625,122.75,124.52999877929688,6857300.0,123.79450988769531
2019-12-05,124.62999725341797,123.66000366210938,124.2699966430664,124.62000274658203,7029200.0,123.88398742675781
2019-12-06,125.44999694824219,123.88999938964844,124.7300033569336,124.19000244140625,7150900.0,123.4565200805664
2019-12-09,125.13999938964844,124.18000030517578,124.30999755859375,124.87000274658203,7452800.0,124.13250732421875
2019-12-10,124.87000274658203,124.12000274658203,124.77999877929688,124.2699966430664,4740100.0,123.53604125976562
2019-12-11,125.2699966430664,124.06999969482422,124.2699966430664,124.66000366210938,4823300.0,123.92375183105469
2019-12-12,125.76000213623047,123.87999725341797,124.77999877929688,124.56999969482422,5897800.0,123.83427429199219
2019-12-13,125.73999786376953,123.79000091552734,124.20999908447266,125.47000122070312,5471600.0,124.72896575927734
2019-12-16,126.3499984741211,125.3499984741211,125.47000122070312,125.55999755859375,8281900.0,124.81842803955078
2019-12-17,125.9800033569336,124.30999755859375,125.58999633789062,125.30999755859375,8832200.0,124.56990051269531
2019-12-18,125.87000274658203,123.69000244140625,125.30999755859375,124.01000213623047,8607600.0,123.277587890625
2019-12-19,125.19999694824219,123.9000015258789,124.16000366210938,124.91999816894531,6629100.0,124.18220520019531
2019-12-20,126.5999984741211,125.02999877929688,126.1500015258789,125.36000061035156,16250500.0,124.61961364746094
2019-12-23,125.81999969482422,124.69000244140625,125.5199966430664,124.9000015258789,6619500.0,124.1623306274414
2019-12-24,125.30999755859375,124.58000183105469,124.79000091552734,125.22000122070312,2022100.0,124.48043823242188
2019-12-26,125.75,124.87000274658203,125.0999984741211,125.22000122070312,4760400.0,124.48043823242188
2019-12-27,126.30000305175781,125.38999938964844,125.55999755859375,126.08999633789062,5192000.0,125.34529876708984
2019-12-30,125.9800033569336,124.13999938964844,125.76000213623047,124.47000122070312,3884300.0,123.73487091064453
2019-12-31,124.98999786376953,123.94999694824219,124.43000030517578,124.9000015258789,4798900.0,124.1623306274414
2020-01-02,124.7300033569336,122.94000244140625,124.5,123.41000366210938,8130800.0,122.6811294555664
2020-01-03,123.52999877929688,121.86000061035156,122.16000366210938,122.58000183105469,7970500.0,121.85603332519531
2020-01-06,123.19000244140625,122.37999725341797,122.56999969482422,122.75,6674400.0,122.0250244140625
2020-01-07,123.20999908447266,121.87000274658203,122.87999725341797,121.98999786376953,7583400.0,121.2695083618164
2020-01-08,123.43000030517578,122.0,122.19000244140625,122.51000213623047,5385100.0,121.78644561767578
2020-01-09,123.87999725341797,122.51000213623047,122.51000213623047,123.8499984741211,5944000.0,123.1185302734375
2020-01-10,124.31999969482422,123.30000305175781,123.9000015258789,123.97000122070312,3927100.0,123.23782348632812
2020-01-13,124.9000015258789,123.80999755859375,124.0,124.87999725341797,8409200.0,124.14244079589844
2020-01-14,125.19999694824219,124.4800033569336,124.6500015258789,124.69000244140625,7829700.0,123.95356750488281
2020-01-15,126.12000274658203,125.01000213623047,125.05999755859375,125.95999908447266,4843700.0,125.216064453125
2020-01-16,126.77999877929688,125.58999633789062,126.11000061035156,126.06999969482422,6233700.0,125.3254165649414
2020-01-17,127.0,125.87999725341797,126.3499984741211,126.41000366210938,11315200.0,125.66341400146484
2020-01-21,126.62000274658203,124.83999633789062,126.41000366210938,126.08999633789062,8553100.0,125.34529876708984
2020-01-22,126.68000030517578,125.83000183105469,126.33000183105469,126.30999755859375,7396700.0,125.56399536132812
2020-01-23,126.55000305175781,123.6500015258789,124.30000305175781,124.98999786376953,11096500.0,124.98999786376953
2020-01-24,126.79000091552734,124.7699966430664,125.22000122070312,125.13999938964844,9508600.0,125.13999938964844
2020-01-27,126.38999938964844,124.75,124.75,125.69000244140625,9338400.0,125.69000244140625
2020-01-28,126.9800033569336,125.72000122070312,125.93000030517578,126.02999877929688,6200200.0,126.02999877929688
2020-01-29,126.06999969482422,125.02999877929688,125.91000366210938,125.05999755859375,5271000.0,125.05999755859375
