Date,High,Low,Open,Close,Volume,Adj Close
2017-01-30,118.0199966430664,117.16000366210938,118.0199966430664,117.51000213623047,1201000.0,109.69200134277344
2017-01-31,117.80999755859375,117.01000213623047,117.54000091552734,117.77999877929688,1478000.0,109.94403076171875
2017-02-01,118.23999786376953,116.25,117.69000244140625,116.54000091552734,1402600.0,108.78652954101562
2017-02-02,117.80999755859375,116.55000305175781,116.55000305175781,117.62999725341797,1082000.0,109.80400848388672
2017-02-03,118.6500015258789,117.5999984741211,118.41999816894531,117.77999877929688,1355200.0,109.94403076171875
2017-02-06,117.94000244140625,116.45999908447266,116.45999908447266,117.66999816894531,988000.0,109.8413314819336
2017-02-07,118.22000122070312,117.4000015258789,118.0999984741211,117.76000213623047,1161700.0,109.92536163330078
2017-02-08,117.9800033569336,117.36000061035156,117.48999786376953,117.80999755859375,905100.0,109.97203826904297
2017-02-09,119.16999816894531,117.8499984741211,117.88999938964844,118.77999877929688,1099900.0,110.87749481201172
2017-02-10,120.20999908447266,118.98999786376953,119.0,119.7300033569336,1202500.0,111.76429748535156
2017-02-13,120.0999984741211,117.29000091552734,117.37000274658203,119.70999908447266,1519200.0,111.7456283569336
2017-02-14,120.31999969482422,119.48999786376953,119.70999908447266,120.23999786376953,1397100.0,112.2403564453125
2017-02-15,120.98999786376953,120.11000061035156,120.6500015258789,120.9800033569336,1416100.0,112.93114471435547
2017-02-16,121.79000091552734,120.7300033569336,121.05000305175781,121.79000091552734,1502900.0,113.68724060058594
2017-02-17,122.0,121.08000183105469,121.72000122070312,121.94999694824219,1334400.0,113.83660125732422
2017-02-21,122.44999694824219,121.05999755859375,121.80999755859375,121.55000305175781,1245600.0,113.46321105957031
2017-02-22,122.41999816894531,121.2699966430664,121.41999816894531,121.9000015258789,1184100.0,113.78992462158203
2017-02-23,123.08000183105469,121.70999908447266,122.41000366210938,122.36000061035156,1134100.0,114.21932983398438
2017-02-24,122.68000030517578,121.73999786376953,122.36000061035156,122.2699966430664,1698600.0,114.13531494140625
2017-02-27,122.76000213623047,121.61000061035156,121.86000061035156,122.04000091552734,914300.0,113.92061614990234
2017-02-28,122.95999908447266,121.79000091552734,122.05000305175781,122.23999786376953,1966000.0,114.1072998046875
2017-03-01,125.16000366210938,122.9800033569336,123.80999755859375,124.98999786376953,2619600.0,116.6743392944336
2017-03-02,125.48999786376953,124.47000122070312,125.48999786376953,124.5199966430664,1531400.0,116.23561096191406
2017-03-03,125.16000366210938,123.98999786376953,124.5199966430664,124.12999725341797,1512900.0,115.87156677246094
2017-03-06,124.27999877929688,122.29000091552734,124.02999877929688,122.31999969482422,2417900.0,114.1819839477539
2017-03-07,122.62999725341797,121.68000030517578,122.62999725341797,122.13999938964844,1773900.0,114.01396179199219
2017-03-08,122.76000213623047,121.05000305175781,122.3499984741211,121.23999786376953,2193500.0,113.7980728149414
2017-03-09,122.30000305175781,121.36000061035156,121.6500015258789,121.9000015258789,1707300.0,114.41757202148438
2017-03-10,122.86000061035156,121.75,122.31999969482422,122.83000183105469,1281600.0,115.29048156738281
2017-03-13,122.91999816894531,121.80999755859375,122.54000091552734,122.1500015258789,1069100.0,114.65222930908203
2017-03-14,122.8499984741211,121.75,121.7699966430664,122.62000274658203,903600.0,115.09337615966797
2017-03-15,123.1500015258789,122.30999755859375,123.0,122.98999786376953,1117800.0,115.44065856933594
2017-03-16,123.5199966430664,122.27999877929688,122.9800033569336,122.73999786376953,1166600.0,115.20600128173828
2017-03-17,123.16999816894531,122.16999816894531,122.94999694824219,123.13999938964844,3103600.0,115.58145141601562
2017-03-20,122.9800033569336,122.01000213623047,122.9800033569336,122.36000061035156,1485900.0,114.8493423461914
2017-03-21,122.8499984741211,121.4000015258789,122.79000091552734,121.69000244140625,1240200.0,114.22046661376953
2017-03-22,122.18000030517578,121.16999816894531,121.91999816894531,122.02999877929688,996400.0,114.53958892822266
2017-03-23,122.27999877929688,121.12999725341797,121.63999938964844,121.29000091552734,1054200.0,113.84502410888672
2017-03-24,121.41000366210938,120.23999786376953,121.37999725341797,120.7699966430664,1334200.0,113.35692596435547
2017-03-27,121.11000061035156,120.01000213623047,120.16999816894531,121.01000213623047,1087700.0,113.58220672607422
2017-03-28,121.88999938964844,120.44000244140625,120.76000213623047,121.80000305175781,1187300.0,114.32369995117188
2017-03-29,121.58000183105469,120.5,121.51000213623047,120.52999877929688,1133700.0,113.13165283203125
2017-03-30,121.26000213623047,120.36000061035156,120.36000061035156,121.02999877929688,1093100.0,113.60095977783203
2017-03-31,121.0,120.16999816894531,120.93000030517578,120.54000091552734,1114300.0,113.14104461669922
2017-04-03,120.80999755859375,119.80000305175781,120.56999969482422,120.37999725341797,1135500.0,112.99087524414062
2017-04-04,120.79000091552734,120.19999694824219,120.63999938964844,120.61000061035156,901800.0,113.20675659179688
2017-04-05,121.54000091552734,120.55000305175781,120.9800033569336,120.91000366210938,1284600.0,113.48833465576172
2017-04-06,121.06999969482422,120.19000244140625,121.0,120.54000091552734,1226500.0,113.14104461669922
2017-04-07,120.77999877929688,119.80000305175781,120.0,120.1500015258789,1063600.0,112.77498626708984
2017-04-10,121.41999816894531,120.01000213623047,120.02999877929688,121.11000061035156,997600.0,113.6760482788086
2017-04-11,121.37000274658203,120.37999725341797,120.66999816894531,121.19000244140625,1262600.0,113.75115966796875
2017-04-12,121.62999725341797,120.5199966430664,121.06999969482422,121.45999908447266,1352900.0,114.00457000732422
2017-04-13,121.44000244140625,120.36000061035156,121.1500015258789,120.52999877929688,1062300.0,113.13165283203125
2017-04-17,121.94000244140625,120.73999786376953,121.22000122070312,121.91999816894531,874400.0,114.43634033203125
2017-04-18,121.62999725341797,120.51000213623047,121.43000030517578,120.75,1086500.0,113.33814239501953
2017-04-19,121.41000366210938,119.94999694824219,121.26000213623047,120.4000015258789,1050900.0,113.00963592529297
2017-04-20,119.41000366210938,117.33999633789062,118.05999755859375,118.87999725341797,3559900.0,111.58292388916016
2017-04-21,119.55000305175781,118.5199966430664,119.55000305175781,119.0999984741211,2100700.0,111.78944396972656
2017-04-24,121.37999725341797,119.76000213623047,120.95999908447266,120.56999969482422,1957600.0,113.16919708251953
2017-04-25,121.69999694824219,120.91999816894531,121.12999725341797,121.31999969482422,1763300.0,113.87316131591797
2017-04-26,122.98999786376953,121.4000015258789,121.45999908447266,122.01000213623047,2433200.0,114.52081298828125
2017-04-27,122.44000244140625,121.62000274658203,122.11000061035156,122.16000366210938,1658200.0,114.6615982055664
2017-04-28,122.36000061035156,121.51000213623047,122.16999816894531,121.66000366210938,1290200.0,114.19229888916016
2017-05-01,121.79000091552734,121.1500015258789,121.79000091552734,121.18000030517578,1660800.0,113.74176025390625
2017-05-02,121.37999725341797,120.11000061035156,121.0,120.36000061035156,1162700.0,112.97209930419922
2017-05-03,121.11000061035156,120.0999984741211,120.0999984741211,120.80999755859375,841500.0,113.39447021484375
2017-05-04,121.6500015258789,120.2699966430664,121.41999816894531,120.80999755859375,1036000.0,113.39447021484375
2017-05-05,121.31999969482422,120.5999984741211,121.0199966430664,121.30000305175781,1286300.0,113.85440826416016
2017-05-08,121.55000305175781,120.7699966430664,121.30000305175781,121.01000213623047,1390500.0,113.58220672607422
2017-05-09,121.16000366210938,119.80000305175781,120.93000030517578,119.94999694824219,1466800.0,112.5872573852539
2017-05-10,120.9800033569336,119.62999725341797,119.62999725341797,120.69000244140625,1448800.0,113.2818374633789
2017-05-11,120.73999786376953,119.69000244140625,120.16000366210938,120.54000091552734,1370800.0,113.14104461669922
2017-05-12,120.9800033569336,120.0199966430664,120.1500015258789,120.58999633789062,1127500.0,113.1879653930664
2017-05-15,121.36000061035156,120.16000366210938,120.56999969482422,120.25,1174600.0,112.86884307861328
2017-05-16,120.66999816894531,119.76000213623047,120.2699966430664,119.93000030517578,1168000.0,112.56849670410156
2017-05-17,120.56999969482422,119.06999969482422,119.93000030517578,120.25,1399400.0,112.86884307861328
2017-05-18,121.87000274658203,119.75,120.12999725341797,120.87999725341797,2123500.0,113.46015930175781
2017-05-19,121.19999694824219,120.0,120.8499984741211,120.79000091552734,1573000.0,113.37570190429688
2017-05-22,122.12999725341797,120.68000030517578,120.83000183105469,121.6500015258789,1272600.0,114.18289947509766
2017-05-23,122.12000274658203,121.4000015258789,121.55999755859375,121.66000366210938,1128600.0,114.19229888916016
2017-05-24,122.16999816894531,121.56999969482422,121.7699966430664,122.05000305175781,1116700.0,114.558349609375
2017-05-25,123.94000244140625,122.37999725341797,122.58999633789062,123.72000122070312,1849300.0,116.12583923339844
2017-05-26,123.91999816894531,123.33999633789062,123.58999633789062,123.66000366210938,925600.0,116.06953430175781
2017-05-30,124.2300033569336,123.16000366210938,123.36000061035156,123.7300033569336,1139200.0,116.13524627685547
2017-05-31,124.95999908447266,123.54000091552734,123.87000274658203,124.8499984741211,2124400.0,117.18648529052734
2017-06-01,125.44999694824219,124.44999694824219,124.97000122070312,125.4000015258789,1429200.0,117.70272827148438
2017-06-02,125.80000305175781,124.98999786376953,125.33000183105469,125.1500015258789,1210200.0,117.46807861328125
2017-06-05,125.73999786376953,124.93000030517578,125.0,125.37999725341797,1052400.0,117.6839599609375
2017-06-06,125.44999694824219,124.0199966430664,125.19000244140625,124.02999877929688,1277700.0,116.41682434082031
2017-06-07,124.11000061035156,123.23999786376953,123.87000274658203,123.5,1138900.0,116.59619903564453
2017-06-08,124.5199966430664,123.19000244140625,123.5,123.77999877929688,1826500.0,116.86055755615234
2017-06-09,125.25,123.77999877929688,123.86000061035156,125.2300033569336,1038500.0,118.2294921875
2017-06-12,125.66999816894531,124.77999877929688,125.20999908447266,125.66999816894531,1534100.0,118.64490509033203
2017-06-13,126.0999984741211,125.31999969482422,125.56999969482422,126.0999984741211,1297600.0,119.05084991455078
2017-06-14,128.1699981689453,126.05999755859375,126.4000015258789,127.95999908447266,1572800.0,120.806884765625
2017-06-15,129.2899932861328,127.83000183105469,127.94000244140625,129.02000427246094,1820600.0,121.80763244628906
2017-06-16,129.60000610351562,128.25,129.47999572753906,129.44000244140625,2470700.0,122.20415496826172
2017-06-19,129.49000549316406,128.02000427246094,129.39999389648438,128.27000427246094,1405900.0,121.09956359863281
2017-06-20,129.14999389648438,128.3000030517578,128.35000610351562,128.75,1163700.0,121.55272674560547
2017-06-21,129.10000610351562,128.38999938964844,128.75,128.5800018310547,1115300.0,121.3922348022461
2017-06-22,128.7100067138672,128.14999389648438,128.1699981689453,128.30999755859375,1116500.0,121.13731384277344
2017-06-23,128.63999938964844,127.16999816894531,128.0,127.66000366210938,1899300.0,120.52366638183594
2017-06-26,128.1699981689453,127.29000091552734,127.5999984741211,127.94999694824219,1004800.0,120.79744720458984
2017-06-27,128.3800048828125,127.33000183105469,128.3800048828125,127.37999725341797,1027500.0,120.25930786132812
2017-06-28,128.42999267578125,127.38999938964844,127.7300033569336,127.77999877929688,1324700.0,120.6369400024414
2017-06-29,128.22999572753906,125.95999908447266,128.22000122070312,126.38999938964844,1909100.0,119.32463836669922
2017-06-30,126.91999816894531,125.80000305175781,126.5199966430664,126.52999877929688,1186500.0,119.45683288574219
2017-07-03,128.24000549316406,126.69000244140625,126.9800033569336,127.33999633789062,932700.0,120.22152709960938
2017-07-05,127.47000122070312,126.12999725341797,127.47000122070312,126.37000274658203,1402600.0,119.30577087402344
2017-07-06,127.05000305175781,126.0,126.51000213623047,126.18000030517578,1014600.0,119.12638092041016
2017-07-07,127.27999877929688,126.01000213623047,126.79000091552734,127.16999816894531,987100.0,120.06104278564453
2017-07-10,126.9800033569336,125.7699966430664,126.56999969482422,125.7699966430664,1518100.0,118.73930358886719
2017-07-11,126.0199966430664,124.3499984741211,125.95999908447266,125.05000305175781,937300.0,118.05958557128906
2017-07-12,125.9000015258789,124.9800033569336,125.61000061035156,125.25,1034500.0,118.24838256835938
2017-07-13,125.68000030517578,124.76000213623047,125.25,125.43000030517578,886700.0,118.4183120727539
2017-07-14,125.97000122070312,124.62000274658203,125.25,125.72000122070312,1382400.0,118.69210052490234
2017-07-17,126.27999877929688,125.44999694824219,126.04000091552734,126.2300033569336,937400.0,119.17359924316406
2017-07-18,126.08999633789062,125.06999969482422,126.05000305175781,125.52999877929688,1407700.0,118.5127182006836
2017-07-19,126.58000183105469,124.58999633789062,125.97000122070312,126.45999908447266,1324100.0,119.39073181152344
2017-07-20,125.41000366210938,122.88999938964844,123.27999877929688,124.56999969482422,2219400.0,117.60638427734375
2017-07-21,125.19999694824219,123.52999877929688,124.37999725341797,125.1500015258789,1373100.0,118.15397644042969
2017-07-24,126.58000183105469,125.19999694824219,125.25,126.37999725341797,1392800.0,119.31520080566406
2017-07-25,128.2100067138672,127.19000244140625,127.79000091552734,127.45999908447266,1578200.0,120.33483123779297
2017-07-26,127.56999969482422,125.69999694824219,127.30999755859375,126.0,1288900.0,118.95645904541016
2017-07-27,126.23999786376953,124.86000061035156,125.30999755859375,125.87999725341797,1693300.0,118.8431625366211
2017-07-28,127.47000122070312,125.7300033569336,126.11000061035156,127.20999908447266,1277200.0,120.09880828857422
2017-07-31,128.27000427246094,127.33999633789062,127.51000213623047,128.08999633789062,1074500.0,120.92961883544922
2017-08-01,129.25,128.13999938964844,128.5,129.2100067138672,1519000.0,121.98699951171875
2017-08-02,129.91000366210938,128.55999755859375,129.02000427246094,128.72999572753906,1402200.0,121.5338363647461
2017-08-03,129.85000610351562,128.50999450683594,128.7899932861328,129.55999755859375,1081200.0,122.31744384765625
2017-08-04,130.0,128.97000122070312,129.82000732421875,129.69000244140625,1952500.0,122.44017028808594
2017-08-07,129.85000610351562,128.6199951171875,129.27000427246094,128.8000030517578,1008300.0,121.59993743896484
2017-08-08,129.16000366210938,128.4499969482422,128.75,128.5500030517578,1041500.0,121.36389923095703
2017-08-09,130.17999267578125,128.33999633789062,128.8699951171875,130.14999389648438,1605100.0,122.87446594238281
2017-08-10,130.17999267578125,129.1999969482422,129.72000122070312,129.69000244140625,2422200.0,122.44017028808594
2017-08-11,130.36000061035156,128.0399932861328,129.94000244140625,128.17999267578125,1535100.0,121.01459503173828
2017-08-14,129.05999755859375,128.22000122070312,128.3300018310547,128.7899932861328,1092700.0,121.5904769897461
2017-08-15,129.4199981689453,128.66000366210938,129.0,129.0500030517578,1139500.0,121.8359603881836
2017-08-16,130.3699951171875,129.0,129.6199951171875,129.47000122070312,1424100.0,122.23246002197266
2017-08-17,129.63999938964844,128.0500030517578,129.63999938964844,128.19000244140625,1622100.0,121.02403259277344
2017-08-18,128.52999877929688,127.5199966430664,128.27000427246094,127.88999938964844,1246900.0,120.74080657958984
2017-08-21,128.07000732421875,126.91999816894531,128.07000732421875,127.44999694824219,1063800.0,120.32538604736328
2017-08-22,128.08999633789062,127.44000244140625,127.91999816894531,127.7699966430664,1113600.0,120.62749481201172
2017-08-23,128.22000122070312,126.98999786376953,127.75,127.16000366210938,947000.0,120.05159759521484
2017-08-24,127.37000274658203,125.51000213623047,127.33000183105469,125.56999969482422,1045100.0,118.55047607421875
2017-08-25,126.69000244140625,125.55999755859375,125.98999786376953,126.47000122070312,1331600.0,119.40018463134766
2017-08-28,125.51000213623047,122.41999816894531,124.91999816894531,123.2300033569336,2534900.0,116.34130096435547
2017-08-29,123.95999908447266,122.27999877929688,122.5999984741211,123.01000213623047,1476200.0,116.13359069824219
2017-08-30,123.52999877929688,121.62000274658203,123.20999908447266,121.80999755859375,1349000.0,115.00067138671875
2017-08-31,122.16000366210938,120.16000366210938,122.05000305175781,121.18000030517578,2156600.0,114.40589141845703
2017-09-01,121.75,119.66999816894531,121.73999786376953,119.9000015258789,1546900.0,113.19744110107422
2017-09-05,119.04000091552734,115.20999908447266,119.01000213623047,115.43000030517578,3655100.0,108.97733306884766
2017-09-06,118.4000015258789,115.44999694824219,116.0,117.7300033569336,3561900.0,111.14875793457031
2017-09-07,116.94999694824219,113.76000213623047,116.58999633789062,115.18000030517578,2715700.0,109.41041564941406
2017-09-08,120.83000183105469,114.4800033569336,114.70999908447266,119.76000213623047,4215400.0,113.76101684570312
2017-09-11,126.68000030517578,122.37000274658203,123.51000213623047,122.55999755859375,3440400.0,116.42074584960938
2017-09-12,123.19000244140625,121.31999969482422,122.55000305175781,122.4800033569336,1811200.0,116.3447494506836
2017-09-13,122.4800033569336,120.79000091552734,122.2300033569336,121.51000213623047,1561300.0,115.42333221435547
2017-09-14,121.47000122070312,118.75,121.47000122070312,119.95999908447266,1812900.0,113.95098114013672
2017-09-15,121.16000366210938,119.4800033569336,120.58999633789062,120.69999694824219,3062500.0,114.65391540527344
2017-09-18,121.08000183105469,120.12999725341797,120.72000122070312,120.72000122070312,1068400.0,114.67292022705078
2017-09-19,121.41999816894531,120.45999908447266,120.63999938964844,120.58000183105469,1248300.0,114.53993225097656
2017-09-20,121.9800033569336,119.9000015258789,121.06999969482422,121.91000366210938,1489300.0,115.80330657958984
2017-09-21,122.9000015258789,121.12999725341797,122.11000061035156,121.48999786376953,1209300.0,115.40435028076172
2017-09-22,122.16999816894531,121.05000305175781,121.48999786376953,122.04000091552734,1291800.0,115.92678833007812
2017-09-25,122.97000122070312,121.55000305175781,121.95999908447266,122.66999816894531,1136500.0,116.52523040771484
2017-09-26,123.48999786376953,122.23999786376953,122.66999816894531,122.56999969482422,1297700.0,116.43022918701172
2017-09-27,123.45999908447266,122.48999786376953,123.45999908447266,122.58999633789062,1103400.0,116.44923400878906
2017-09-28,123.26000213623047,122.25,122.41000366210938,122.80000305175781,1097100.0,116.64872741699219
2017-09-29,123.19999694824219,121.9000015258789,122.62000274658203,122.5199966430664,1285800.0,116.38274383544922
2017-10-02,123.47000122070312,121.72000122070312,122.87000274658203,123.31999969482422,1587200.0,117.14266967773438
2017-10-03,123.7300033569336,122.38999938964844,123.30999755859375,123.69999694824219,1275600.0,117.5036392211914
2017-10-04,124.29000091552734,123.27999877929688,123.70999908447266,123.9000015258789,836900.0,117.69363403320312
2017-10-05,124.83999633789062,123.69999694824219,123.9800033569336,124.44000244140625,1135700.0,118.2065658569336
2017-10-06,125.36000061035156,124.23999786376953,124.58000183105469,125.06999969482422,1151900.0,118.80501556396484
2017-10-09,125.48999786376953,124.3499984741211,124.80000305175781,124.94999694824219,723700.0,118.69100952148438
2017-10-10,125.94999694824219,124.7699966430664,124.87999725341797,125.94000244140625,967500.0,119.63143157958984
2017-10-11,126.31999969482422,125.48999786376953,125.63999938964844,125.61000061035156,1059400.0,119.31796264648438
2017-10-12,126.5,125.45999908447266,126.0199966430664,125.94999694824219,1022200.0,119.64092254638672
2017-10-13,127.16999816894531,125.79000091552734,126.16000366210938,126.66999816894531,1086900.0,120.32485961914062
2017-10-16,129.6199951171875,126.9000015258789,127.33000183105469,128.82000732421875,1765900.0,122.36717224121094
2017-10-17,128.86000061035156,127.5,128.44000244140625,128.64999389648438,1808200.0,122.2056655883789
2017-10-18,130.16000366210938,128.47000122070312,128.6999969482422,130.02000427246094,1990900.0,123.50706481933594
2017-10-19,133.1699981689453,128.24000549316406,129.77999877929688,133.1699981689453,2970500.0,126.49925994873047
2017-10-20,134.11000061035156,132.52999877929688,134.0,133.32000732421875,1838800.0,126.64175415039062
2017-10-23,134.47000122070312,132.8800048828125,133.72999572753906,134.4499969482422,1790200.0,127.71515655517578
2017-10-24,134.39999389648438,132.72000122070312,134.0399932861328,133.19000244140625,1712300.0,126.51828002929688
2017-10-25,133.44000244140625,131.75,133.3800048828125,131.77999877929688,1628900.0,125.17890167236328
2017-10-26,132.88999938964844,130.75,132.72000122070312,131.94000244140625,1490800.0,125.33088684082031
2017-10-27,131.67999267578125,130.0500030517578,131.5500030517578,131.05999755859375,1602400.0,124.49494934082031
2017-10-30,132.8800048828125,130.8000030517578,131.08999633789062,132.6199951171875,1579100.0,125.97679901123047
2017-10-31,132.9499969482422,132.22000122070312,132.47999572753906,132.4499969482422,1499900.0,125.81535339355469
2017-11-01,134.02999877929688,132.6300048828125,133.97999572753906,133.47000122070312,1749600.0,126.78423309326172
2017-11-02,135.7100067138672,132.9600067138672,133.92999267578125,134.69000244140625,2167900.0,127.94310760498047
2017-11-03,134.72999572753906,132.8699951171875,134.4499969482422,133.32000732421875,1088800.0,126.64175415039062
2017-11-06,133.77999877929688,132.82000732421875,133.5500030517578,133.44000244140625,734600.0,126.75575256347656
2017-11-07,134.74000549316406,133.41000366210938,133.97999572753906,133.72000122070312,1495200.0,127.02172088623047
2017-11-08,134.5500030517578,133.44000244140625,133.8800048828125,133.52000427246094,1565000.0,126.83175659179688
2017-11-09,135.0800018310547,132.44000244140625,133.1199951171875,134.52999877929688,1353100.0,127.79113006591797
2017-11-10,135.66000366210938,133.35000610351562,134.00999450683594,135.5399932861328,2107100.0,128.7505645751953
2017-11-13,135.44000244140625,133.1999969482422,135.16000366210938,133.32000732421875,2742700.0,126.64175415039062
2017-11-14,133.97999572753906,131.69000244140625,132.85000610351562,133.86000061035156,1812200.0,127.1546859741211
2017-11-15,134.1999969482422,132.75,133.1199951171875,133.7100067138672,1837900.0,127.01221466064453
2017-11-16,133.55999755859375,130.66000366210938,133.3800048828125,130.80999755859375,2375800.0,124.25748443603516
2017-11-17,130.7899932861328,129.72000122070312,130.6699981689453,129.9199981689453,2372100.0,123.41206359863281
2017-11-20,130.22000122070312,128.7899932861328,129.94000244140625,129.77000427246094,1565600.0,123.26959228515625
2017-11-21,131.02999877929688,130.02000427246094,130.33999633789062,130.6300048828125,1128600.0,124.08650207519531
2017-11-22,130.77000427246094,129.72000122070312,130.47000122070312,130.00999450683594,779700.0,123.49756622314453
2017-11-24,130.25999450683594,129.60000610351562,130.02999877929688,129.8300018310547,305400.0,123.32656860351562
2017-11-27,130.88999938964844,129.66000366210938,129.77999877929688,130.47999572753906,1349500.0,123.94400787353516
2017-11-28,133.19000244140625,130.0,130.2899932861328,133.00999450683594,1821300.0,126.3472671508789
2017-11-29,135.02999877929688,133.05999755859375,133.77999877929688,134.52999877929688,1772300.0,127.79113006591797
2017-11-30,136.47999572753906,133.82000732421875,135.2100067138672,135.57000732421875,2193900.0,128.77906799316406
2017-12-01,136.44000244140625,134.10000610351562,136.25999450683594,136.2100067138672,2548800.0,129.38697814941406
2017-12-04,137.9499969482422,135.80999755859375,136.4199981689453,136.36000061035156,2188000.0,129.5294647216797
2017-12-05,137.25,135.1199951171875,135.6199951171875,135.32000732421875,1463900.0,128.5415496826172
2017-12-06,136.14999389648438,135.11000061035156,135.72000122070312,135.36000061035156,1044800.0,128.57957458496094
2017-12-07,135.13999938964844,133.9499969482422,134.8000030517578,134.2100067138672,1081200.0,127.48719024658203
2017-12-08,133.80999755859375,132.80999755859375,133.75999450683594,133.75,1085300.0,127.7354965209961
2017-12-11,133.99000549316406,132.5399932861328,133.9199981689453,133.16000366210938,1068700.0,127.17200469970703
2017-12-12,134.60000610351562,132.75999450683594,132.82000732421875,134.35000610351562,1404700.0,128.30850219726562
2017-12-13,134.3699951171875,133.22000122070312,134.3699951171875,133.55999755859375,1328600.0,127.55403137207031
2017-12-14,134.1699981689453,131.85000610351562,134.0,132.5800018310547,1278700.0,126.61811828613281
2017-12-15,135.35000610351562,132.91000366210938,133.22999572753906,134.88999938964844,3170700.0,128.82423400878906
2017-12-18,137.2899932861328,134.69000244140625,135.60000610351562,135.2100067138672,1692800.0,129.12985229492188
2017-12-19,136.61000061035156,134.92999267578125,136.00999450683594,135.5399932861328,1393000.0,129.44500732421875
2017-12-20,136.4499969482422,134.8000030517578,136.4499969482422,135.25999450683594,1070200.0,129.17758178710938
2017-12-21,136.1999969482422,131.44000244140625,135.8800048828125,134.44000244140625,937400.0,128.39443969726562
2017-12-22,134.86000061035156,133.91000366210938,134.6999969482422,134.38999938964844,878600.0,128.3466796875
2017-12-26,135.61000061035156,134.16000366210938,134.89999389648438,134.77999877929688,564600.0,128.7191619873047
2017-12-27,135.13999938964844,134.2899932861328,134.92999267578125,134.77000427246094,945400.0,128.70960998535156
2017-12-28,135.6999969482422,134.7899932861328,135.25,135.66000366210938,698700.0,129.55960083007812
2017-12-29,136.49000549316406,135.27999877929688,136.02000427246094,135.63999938964844,827600.0,129.54049682617188
2018-01-02,136.3000030517578,131.4600067138672,136.3000030517578,131.97999572753906,2388800.0,126.04508209228516
2018-01-03,132.77999877929688,131.44000244140625,131.44000244140625,132.39999389648438,1308100.0,126.4461669921875
2018-01-04,133.75,132.36000061035156,133.17999267578125,132.39999389648438,1195500.0,126.4461669921875
2018-01-05,132.5800018310547,131.3699951171875,132.5800018310547,132.16000366210938,1144100.0,126.21697998046875
2018-01-08,132.39999389648438,131.10000610351562,132.16000366210938,131.4499969482422,1343300.0,125.53889465332031
2018-01-09,134.19000244140625,132.1999969482422,132.58999633789062,132.47000122070312,2120800.0,126.51304626464844
2018-01-10,133.02000427246094,131.82000732421875,132.5,132.11000061035156,1171700.0,126.16921997070312
2018-01-11,132.8800048828125,131.66000366210938,132.08999633789062,132.33999633789062,1046500.0,126.38888549804688
2018-01-12,134.99000549316406,132.02999877929688,133.0500030517578,134.72999572753906,2010100.0,128.67141723632812
2018-01-16,136.02999877929688,134.4199981689453,135.10000610351562,135.52000427246094,1809300.0,129.42587280273438
2018-01-17,137.39999389648438,135.52999877929688,136.60000610351562,136.86000061035156,1730100.0,130.7056427001953
2018-01-18,137.6999969482422,136.17999267578125,137.05999755859375,137.33999633789062,1561200.0,131.16404724121094
2018-01-19,137.99000549316406,136.69000244140625,137.75999450683594,137.85000610351562,1628100.0,131.651123046875
2018-01-22,139.35000610351562,137.32000732421875,137.4600067138672,139.35000610351562,2922500.0,133.0836639404297
2018-01-23,146.9600067138672,142.7899932861328,144.33999633789062,146.25999450683594,5048100.0,139.68292236328125
2018-01-24,148.0500030517578,146.27000427246094,146.91000366210938,147.6199951171875,2377500.0,140.98175048828125
2018-01-25,148.8800048828125,146.9499969482422,147.42999267578125,148.47000122070312,2213500.0,141.7935333251953
2018-01-26,150.19000244140625,148.25999450683594,149.39999389648438,149.4199981689453,2538400.0,142.7008514404297
2018-01-29,149.69000244140625,148.55999755859375,149.52000427246094,148.9600067138672,1866500.0,142.2615203857422
2018-01-30,150.4199981689453,148.0,148.69000244140625,148.72000122070312,2397400.0,142.0323028564453
2018-01-31,150.17999267578125,147.72000122070312,148.30999755859375,149.9199981689453,2083600.0,143.17832946777344
2018-02-01,150.47999572753906,148.8000030517578,149.67999267578125,150.0,1993900.0,143.25474548339844
2018-02-02,150.5500030517578,147.80999755859375,149.69000244140625,147.9499969482422,2297900.0,141.2969207763672
2018-02-05,147.8800048828125,139.57000732421875,146.6300048828125,141.52000427246094,3358900.0,135.15609741210938
2018-02-06,141.2100067138672,136.3300018310547,137.02000427246094,140.85000610351562,3932100.0,134.51620483398438
2018-02-07,143.94000244140625,139.9600067138672,140.0800018310547,142.13999938964844,3034200.0,135.74818420410156
2018-02-08,141.97999572753906,134.91000366210938,141.52000427246094,135.00999450683594,3160300.0,128.93881225585938
2018-02-09,138.14999389648438,132.75999450683594,135.91000366210938,137.0800018310547,3655400.0,130.91574096679688
2018-02-12,139.1699981689453,136.0800018310547,137.27000427246094,138.13999938964844,2404600.0,131.92808532714844
2018-02-13,138.82000732421875,136.72000122070312,137.63999938964844,138.5800018310547,1282300.0,132.34829711914062
2018-02-14,140.8800048828125,137.6300048828125,137.6300048828125,140.60000610351562,1907100.0,134.27745056152344
2018-02-15,142.24000549316406,139.91000366210938,141.9499969482422,140.8800048828125,1406200.0,134.54486083984375
2018-02-16,141.8800048828125,140.44000244140625,140.92999267578125,141.16000366210938,1923900.0,134.81227111816406
2018-02-20,140.8000030517578,138.38999938964844,140.47999572753906,139.07000732421875,1533100.0,132.8162384033203
2018-02-21,140.9199981689453,138.52000427246094,139.27999877929688,138.5399932861328,1334500.0,132.31007385253906
2018-02-22,139.99000549316406,137.35000610351562,138.67999267578125,137.63999938964844,1744700.0,131.45054626464844
2018-02-23,139.85000610351562,137.57000732421875,138.3000030517578,139.74000549316406,2006300.0,133.4561309814453
2018-02-26,143.39999389648438,140.2100067138672,140.2100067138672,142.5800018310547,1809600.0,136.16844177246094
2018-02-27,143.41000366210938,141.0800018310547,143.1300048828125,141.5399932861328,1869500.0,135.1751708984375
2018-02-28,142.77000427246094,138.88999938964844,141.97000122070312,139.0,1462500.0,132.74940490722656
2018-03-01,139.94000244140625,137.17999267578125,139.39999389648438,138.97000122070312,2382100.0,132.72073364257812
2018-03-02,138.80999755859375,136.75999450683594,138.0,137.8800048828125,1844200.0,131.67977905273438
2018-03-05,140.3800048828125,137.6999969482422,138.02000427246094,139.5800018310547,1903200.0,133.3032989501953
2018-03-06,141.52999877929688,139.3000030517578,140.1300048828125,141.38999938964844,1468800.0,135.0319366455078
2018-03-07,140.72000122070312,137.52999877929688,140.4499969482422,138.8800048828125,1779400.0,132.63479614257812
2018-03-08,139.86000061035156,138.1999969482422,138.9199981689453,139.6699981689453,1657200.0,134.08441162109375
2018-03-09,142.42999267578125,139.8300018310547,140.1999969482422,142.3000030517578,1429200.0,136.60922241210938
2018-03-12,143.25,140.89999389648438,142.7899932861328,141.49000549316406,1215700.0,135.8316192626953
2018-03-13,142.61000061035156,140.50999450683594,142.2899932861328,140.69000244140625,1347500.0,135.06361389160156
2018-03-14,141.67999267578125,139.00999450683594,141.67999267578125,139.52000427246094,1285100.0,133.94039916992188
2018-03-15,141.82000732421875,139.3800048828125,140.24000549316406,140.47000122070312,1318700.0,134.85243225097656
2018-03-16,142.10000610351562,140.02999877929688,140.14999389648438,141.32000732421875,3954900.0,135.6684112548828
2018-03-19,141.2899932861328,139.55999755859375,141.2899932861328,140.02000427246094,1515200.0,134.42041015625
2018-03-20,142.1199951171875,140.17999267578125,140.63999938964844,141.47999572753906,973800.0,135.822021484375
2018-03-21,142.63999938964844,140.39999389648438,141.55999755859375,141.10000610351562,1316300.0,135.4572296142578
2018-03-22,140.6300048828125,138.08999633789062,140.00999450683594,138.14999389648438,2353100.0,132.6251983642578
2018-03-23,138.38999938964844,134.77000427246094,138.38999938964844,134.89999389648438,1690900.0,129.50515747070312
2018-03-26,138.38999938964844,136.1699981689453,136.57000732421875,138.22000122070312,1364500.0,132.6923828125
2018-03-27,139.17999267578125,135.92999267578125,139.17999267578125,136.75,1513000.0,131.28118896484375
2018-03-28,139.33999633789062,136.49000549316406,137.1199951171875,138.7899932861328,1788100.0,133.23960876464844
2018-03-29,139.97000122070312,138.47000122070312,139.47999572753906,138.86000061035156,1378000.0,133.3068084716797
2018-04-02,138.72999572753906,132.88999938964844,138.52000427246094,134.83999633789062,2215400.0,129.4475860595703
2018-04-03,137.27999877929688,134.83999633789062,135.39999389648438,136.99000549316406,1472100.0,131.51158142089844
2018-04-04,138.80999755859375,134.5399932861328,135.02000427246094,138.6300048828125,1479700.0,133.0860137939453
2018-04-05,140.02999877929688,138.0500030517578,139.1999969482422,139.2899932861328,1209600.0,133.71958923339844
2018-04-06,139.5399932861328,136.42999267578125,138.5500030517578,137.25,1738600.0,131.76119995117188
2018-04-09,139.1199951171875,136.47000122070312,137.75999450683594,137.22999572753906,1758300.0,131.7419891357422
2018-04-10,139.25999450683594,137.1199951171875,138.6999969482422,137.86000061035156,1325900.0,132.3468017578125
2018-04-11,137.1300048828125,135.63999938964844,135.8000030517578,136.58999633789062,920300.0,131.1275634765625
2018-04-12,138.3300018310547,136.72999572753906,137.35000610351562,137.2899932861328,1094200.0,131.79957580566406
2018-04-13,138.61000061035156,135.60000610351562,138.3699951171875,136.2899932861328,1030600.0,130.83958435058594
2018-04-16,138.32000732421875,136.3000030517578,137.5500030517578,137.5500030517578,1354900.0,132.0491943359375
2018-04-17,138.99000549316406,137.00999450683594,138.47000122070312,137.33999633789062,1817400.0,131.8475799560547
2018-04-18,137.9199981689453,135.17999267578125,137.77000427246094,136.47000122070312,1399000.0,131.01239013671875
2018-04-19,137.52000427246094,135.64999389648438,135.75,136.58999633789062,1716100.0,131.1275634765625
2018-04-20,137.83999633789062,135.85000610351562,136.86000061035156,136.83999633789062,1428500.0,131.36758422851562
2018-04-23,137.67999267578125,136.02999877929688,137.08999633789062,137.22999572753906,1720400.0,131.7419891357422
2018-04-24,133.92999267578125,130.7899932861328,132.13999938964844,132.8800048828125,3147900.0,127.56595611572266
2018-04-25,133.27999877929688,131.38999938964844,131.91000366210938,132.22000122070312,1860000.0,126.93232727050781
2018-04-26,133.3300018310547,131.50999450683594,132.33999633789062,132.9499969482422,1712800.0,127.63313293457031
2018-04-27,133.77999877929688,131.9499969482422,132.33999633789062,133.19000244140625,1107100.0,127.86354064941406
2018-04-30,134.35000610351562,131.47999572753906,133.8800048828125,131.60000610351562,1712100.0,126.33714294433594
2018-05-01,131.55999755859375,129.6999969482422,131.55999755859375,131.08999633789062,1264700.0,125.84752655029297
2018-05-02,130.7899932861328,127.2300033569336,130.50999450683594,128.32000732421875,2205800.0,123.18830108642578
2018-05-03,127.80999755859375,125.1500015258789,127.41000366210938,127.30999755859375,2267700.0,122.21870422363281
2018-05-04,130.44000244140625,126.5199966430664,126.70999908447266,129.7100067138672,1545400.0,124.5227279663086
2018-05-07,129.8300018310547,128.77000427246094,129.63999938964844,128.99000549316406,1222900.0,123.83151245117188
2018-05-08,129.6300048828125,127.88999938964844,128.97999572753906,128.66000366210938,1239000.0,123.51470947265625
2018-05-09,130.2100067138672,128.5800018310547,129.38999938964844,129.75,1164900.0,124.56111907958984
2018-05-10,131.14999389648438,129.44000244140625,129.94000244140625,130.8800048828125,916700.0,125.64594268798828
2018-05-11,132.08999633789062,130.61000061035156,130.99000549316406,131.25,1046700.0,126.00113677978516
2018-05-14,131.77000427246094,129.72000122070312,131.50999450683594,130.0,1221100.0,124.80111694335938
2018-05-15,130.35000610351562,128.83999633789062,129.1999969482422,129.86000061035156,1547500.0,124.66673278808594
2018-05-16,130.5399932861328,129.52000427246094,129.8300018310547,130.14999389648438,840500.0,124.94512176513672
2018-05-17,130.8300018310547,129.67999267578125,130.0,130.72000122070312,807800.0,125.49231719970703
2018-05-18,130.77000427246094,129.52000427246094,130.75999450683594,129.85000610351562,986100.0,124.6571273803711
2018-05-21,131.9600067138672,130.02000427246094,130.7100067138672,131.13999938964844,1027600.0,125.89552307128906
2018-05-22,132.05999755859375,130.57000732421875,131.1300048828125,131.4199981689453,769200.0,126.16433715820312
2018-05-23,131.24000549316406,130.11000061035156,131.10000610351562,130.89999389648438,1085800.0,125.66513061523438
2018-05-24,130.85000610351562,129.33999633789062,130.77000427246094,130.64999389648438,818100.0,125.42512512207031
2018-05-25,131.47000122070312,130.13999938964844,130.1699981689453,131.02999877929688,846500.0,125.7899398803711
2018-05-29,130.16000366210938,127.51000213623047,129.88999938964844,128.2100067138672,1742500.0,123.08272552490234
2018-05-30,130.72000122070312,128.91000366210938,129.17999267578125,130.1699981689453,1273600.0,124.96432495117188
2018-05-31,129.94000244140625,127.70999908447266,129.91000366210938,128.52000427246094,1790200.0,123.38032531738281
2018-06-01,129.97999572753906,128.7100067138672,129.83999633789062,129.2899932861328,1001100.0,124.1195068359375
2018-06-04,130.50999450683594,129.52000427246094,129.94000244140625,129.72000122070312,1064000.0,124.53231811523438
2018-06-05,129.52000427246094,128.0800018310547,129.25999450683594,129.1699981689453,1381200.0,124.00431823730469
2018-06-06,130.47999572753906,127.61000061035156,129.89999389648438,128.77000427246094,2388700.0,123.62031555175781
2018-06-07,130.0800018310547,127.63999938964844,128.3699951171875,129.77000427246094,1463300.0,125.32975006103516
2018-06-08,131.63999938964844,129.5500030517578,129.99000549316406,131.32000732421875,1606400.0,126.82672119140625
2018-06-11,131.49000549316406,130.44000244140625,131.33999633789062,130.5,807800.0,126.03478240966797
2018-06-12,130.88999938964844,129.10000610351562,130.50999450683594,129.5800018310547,1088400.0,125.1462631225586
2018-06-13,130.82000732421875,129.22999572753906,130.02999877929688,129.72000122070312,1170200.0,125.28145599365234
2018-06-14,130.0800018310547,128.75,129.94000244140625,128.86000061035156,1219000.0,124.45088958740234
2018-06-15,129.42999267578125,127.76000213623047,128.05999755859375,129.3699951171875,3281500.0,124.94342803955078
2018-06-18,128.25,126.73999786376953,128.0500030517578,127.58999633789062,1689800.0,123.2243423461914
2018-06-19,128.35000610351562,126.54000091552734,126.54000091552734,128.16000366210938,1153500.0,123.77484893798828
2018-06-20,128.8300018310547,124.91000366210938,128.8000030517578,124.98999786376953,1442500.0,120.71329498291016
2018-06-21,124.94000244140625,122.83000183105469,124.37000274658203,123.44999694824219,1593800.0,119.22599792480469
2018-06-22,125.30999755859375,123.68000030517578,124.19999694824219,124.41000366210938,1485200.0,120.15315246582031
2018-06-25,124.91999816894531,122.45999908447266,124.30999755859375,123.72000122070312,1704700.0,119.48675537109375
2018-06-26,124.4000015258789,122.52999877929688,123.83000183105469,122.62000274658203,1312900.0,118.42440032958984
2018-06-27,123.47000122070312,121.29000091552734,122.52999877929688,121.33999633789062,1055700.0,117.18818664550781
2018-06-28,122.83000183105469,120.73999786376953,121.04000091552734,122.44999694824219,1265800.0,118.26021575927734
2018-06-29,124.0199966430664,122.0999984741211,122.48999786376953,122.33999633789062,1220500.0,118.15399169921875
2018-07-02,122.44999694824219,121.4000015258789,122.08000183105469,122.38999938964844,1095500.0,118.20227813720703
2018-07-03,124.05000305175781,122.63999938964844,123.06999969482422,122.7699966430664,659100.0,118.56925964355469
2018-07-05,123.48999786376953,121.80999755859375,123.43000030517578,122.5999984741211,1292000.0,118.40508270263672
2018-07-06,123.80000305175781,121.81999969482422,122.61000061035156,123.18000030517578,1007000.0,118.96524047851562
2018-07-09,125.5999984741211,123.54000091552734,123.83999633789062,125.4000015258789,1130300.0,121.10926818847656
2018-07-10,126.13999938964844,125.38999938964844,125.58999633789062,125.87000274658203,1366600.0,121.56319427490234
2018-07-11,125.66999816894531,124.52999877929688,125.36000061035156,125.05000305175781,1200400.0,120.77125549316406
2018-07-12,126.43000030517578,125.11000061035156,126.43000030517578,126.0199966430664,1297100.0,121.70806121826172
2018-07-13,126.79000091552734,125.45999908447266,126.16999816894531,126.62999725341797,902100.0,122.29718780517578
2018-07-16,128.22999572753906,126.62000274658203,127.01000213623047,128.19000244140625,1101000.0,123.8038101196289
2018-07-17,129.4499969482422,127.87000274658203,128.5800018310547,128.7899932861328,2028100.0,124.38328552246094
2018-07-18,130.4600067138672,128.33999633789062,128.8300018310547,130.0,1461000.0,125.55187225341797
2018-07-19,127.5,124.61000061035156,127.0,125.18000030517578,2796100.0,120.89679718017578
2018-07-20,126.12999725341797,124.33999633789062,124.86000061035156,125.19999694824219,1879900.0,120.9161148071289
2018-07-23,125.55000305175781,123.58000183105469,125.55000305175781,124.23999786376953,1654700.0,119.98896789550781
2018-07-24,125.38999938964844,123.94000244140625,124.73999786376953,124.75,1899000.0,120.48151397705078
2018-07-25,126.43000030517578,123.9800033569336,124.7699966430664,126.27999877929688,2167900.0,121.95916748046875
2018-07-26,130.1199951171875,126.48999786376953,127.25,129.49000549316406,2253500.0,125.05933380126953
2018-07-27,131.6300048828125,129.7100067138672,129.94000244140625,130.72999572753906,1954000.0,126.25691223144531
2018-07-30,131.97999572753906,130.1300048828125,130.52000427246094,131.10000610351562,1487700.0,126.61424255371094
2018-07-31,131.4199981689453,129.77000427246094,131.27999877929688,130.13999938964844,1679200.0,125.68709564208984
2018-08-01,130.4499969482422,128.91000366210938,130.02999877929688,128.9600067138672,1388500.0,124.5474624633789
2018-08-02,128.86000061035156,127.0,128.05999755859375,128.3300018310547,1778600.0,123.93902587890625
2018-08-03,129.6999969482422,127.7300033569336,128.13999938964844,129.6999969482422,1882800.0,125.26214599609375
2018-08-06,130.52000427246094,129.60000610351562,129.72000122070312,130.0,1544100.0,125.55187225341797
2018-08-07,131.1300048828125,129.77999877929688,130.50999450683594,129.94000244140625,817500.0,125.49394226074219
2018-08-08,129.8699951171875,129.11000061035156,129.8699951171875,129.2100067138672,1430700.0,124.7889175415039
2018-08-09,130.1199951171875,128.61000061035156,129.10000610351562,129.55999755859375,859300.0,125.12693786621094
2018-08-10,129.16000366210938,127.61000061035156,128.72999572753906,128.8699951171875,957800.0,124.4605484008789
2018-08-13,129.35000610351562,127.61000061035156,128.69000244140625,128.0500030517578,1209800.0,123.6686019897461
2018-08-14,127.98999786376953,126.68000030517578,127.95999908447266,127.54000091552734,1143800.0,123.17605590820312
2018-08-15,129.08999633789062,126.91999816894531,127.12000274658203,128.77000427246094,1261600.0,124.36396789550781
2018-08-16,130.97000122070312,129.13999938964844,129.25999450683594,130.33999633789062,1324500.0,125.8802490234375
2018-08-17,130.80999755859375,129.61000061035156,130.1699981689453,130.4199981689453,1664300.0,125.95751190185547
2018-08-20,131.63999938964844,130.5,130.75,131.4199981689453,1147000.0,126.92329406738281
2018-08-21,132.25999450683594,130.92999267578125,131.22000122070312,131.7100067138672,1267400.0,127.20338439941406
2018-08-22,131.8800048828125,129.25999450683594,131.8800048828125,129.41000366210938,1083900.0,124.98207092285156
2018-08-23,129.8699951171875,128.94000244140625,129.5,129.52000427246094,1115400.0,125.08831024169922
2018-08-24,130.67999267578125,129.85000610351562,130.05999755859375,130.50999450683594,1180300.0,126.04441833496094
2018-08-27,132.3300018310547,131.33999633789062,131.80999755859375,131.88999938964844,1277700.0,127.37724304199219
2018-08-28,132.77000427246094,132.0500030517578,132.0500030517578,132.27999877929688,1056000.0,127.75386810302734
2018-08-29,133.25,131.94000244140625,132.5800018310547,132.66000366210938,1024600.0,128.12086486816406
2018-08-30,132.63999938964844,131.10000610351562,132.5500030517578,131.64999389648438,1262100.0,127.14542388916016
2018-08-31,131.72000122070312,130.6699981689453,131.4199981689453,131.60000610351562,1002900.0,127.09713745117188
2018-09-04,132.24000549316406,131.00999450683594,131.7100067138672,132.1300048828125,973900.0,127.6090087890625
2018-09-05,133.30999755859375,132.02000427246094,132.02000427246094,132.58999633789062,1209500.0,128.0532684326172
2018-09-06,133.39999389648438,132.08999633789062,132.42999267578125,132.57000732421875,1274200.0,128.03396606445312
2018-09-07,132.11000061035156,129.97000122070312,131.5399932861328,130.08999633789062,1300200.0,126.372802734375
2018-09-10,129.5500030517578,126.93000030517578,129.38999938964844,127.5999984741211,1840800.0,123.9539566040039
2018-09-11,128.30999755859375,125.70999908447266,126.5199966430664,127.8499984741211,1797100.0,124.1968002319336
2018-09-12,128.1999969482422,126.30000305175781,127.87000274658203,126.88999938964844,1750400.0,123.26424407958984
2018-09-13,129.41000366210938,127.73999786376953,128.5,128.8300018310547,1413400.0,125.1488037109375
2018-09-14,130.1199951171875,128.67999267578125,129.0,130.00999450683594,1194700.0,126.29509735107422
2018-09-17,130.60000610351562,129.58999633789062,130.22000122070312,129.88999938964844,996200.0,126.17851257324219
2018-09-18,131.74000549316406,129.5,130.0,131.3699951171875,1473600.0,127.6162338256836
2018-09-19,133.5,131.3699951171875,131.6699981689453,132.5,1470900.0,128.7139129638672
2018-09-20,134.61000061035156,133.10000610351562,133.3300018310547,134.14999389648438,1635700.0,130.31678771972656
2018-09-21,134.50999450683594,133.19000244140625,134.4600067138672,134.44000244140625,2738500.0,130.5985107421875
2018-09-24,134.44000244140625,132.72000122070312,134.44000244140625,132.8300018310547,1055700.0,129.0345001220703
2018-09-25,133.10000610351562,131.13999938964844,133.10000610351562,131.2899932861328,844500.0,127.53851318359375
2018-09-26,131.74000549316406,129.1999969482422,131.74000549316406,129.5,1317100.0,125.79964447021484
2018-09-27,129.92999267578125,128.47000122070312,129.38999938964844,129.1199951171875,836500.0,125.43052673339844
2018-09-28,129.9199981689453,128.22000122070312,128.7100067138672,129.7100067138672,1452900.0,126.00366973876953
2018-10-01,130.63999938964844,128.6300048828125,130.0,128.97000122070312,1362900.0,125.2848129272461
2018-10-02,129.60000610351562,128.24000549316406,128.69000244140625,129.50999450683594,1311100.0,125.80937957763672
2018-10-03,130.33999633789062,129.07000732421875,130.1699981689453,129.5399932861328,1547200.0,125.83851623535156
2018-10-04,130.8800048828125,129.5500030517578,129.8800048828125,130.7899932861328,1242600.0,127.05278778076172
2018-10-05,131.44000244140625,129.8300018310547,130.17999267578125,130.1300048828125,870500.0,126.41165924072266
2018-10-08,132.47000122070312,129.9199981689453,130.00999450683594,131.66000366210938,986800.0,127.89793395996094
2018-10-09,132.02999877929688,130.32000732421875,131.5399932861328,131.58999633789062,865200.0,127.82994079589844
2018-10-10,131.60000610351562,128.00999450683594,130.91000366210938,128.1699981689453,1656700.0,124.5076675415039
2018-10-11,128.0,123.58999633789062,127.9800033569336,124.30999755859375,2438600.0,120.75796508789062
2018-10-12,125.0999984741211,121.47000122070312,124.26000213623047,123.6500015258789,2327400.0,120.1168212890625
2018-10-15,124.69999694824219,123.0199966430664,123.33999633789062,123.38999938964844,1305200.0,119.86425018310547
2018-10-16,124.8499984741211,123.33999633789062,123.81999969482422,124.75,1232600.0,121.18538665771484
2018-10-17,127.19000244140625,124.58000183105469,124.7699966430664,126.44000244140625,2106800.0,122.82709503173828
2018-10-18,127.30000305175781,123.69999694824219,126.62000274658203,125.13999938964844,2818800.0,121.56424713134766
2018-10-19,126.79000091552734,124.01000213623047,124.33000183105469,126.06999969482422,2044600.0,122.46766662597656
2018-10-22,126.6500015258789,123.9800033569336,125.9000015258789,124.06999969482422,1413500.0,120.52482604980469
2018-10-23,124.58000183105469,122.30000305175781,122.5,123.80000305175781,2001000.0,120.2625503540039
2018-10-24,123.68000030517578,121.30000305175781,123.47000122070312,121.55999755859375,2291800.0,118.08654022216797
2018-10-25,122.2699966430664,120.37000274658203,121.97000122070312,121.23999786376953,2318100.0,117.77568054199219
2018-10-26,122.11000061035156,119.66999816894531,121.0199966430664,121.29000091552734,3574600.0,117.82426452636719
2018-10-29,124.5,121.58999633789062,122.81999969482422,122.31999969482422,2323000.0,118.82481384277344
2018-10-30,126.01000213623047,122.08999633789062,122.97000122070312,125.87000274658203,2217000.0,122.27339172363281
2018-10-31,126.95999908447266,125.02999877929688,126.22000122070312,125.12999725341797,2161700.0,121.55451965332031
2018-11-01,125.33999633789062,124.0199966430664,124.9800033569336,125.19999694824219,1320000.0,121.62252807617188
2018-11-02,126.93000030517578,123.95999908447266,126.69999694824219,124.9000015258789,1637000.0,121.33110046386719
2018-11-05,127.37999725341797,125.16000366210938,125.16000366210938,126.52999877929688,1098200.0,122.91452026367188
2018-11-06,128.66000366210938,126.12999725341797,126.23999786376953,128.60000610351562,1586600.0,124.92538452148438
2018-11-07,130.3699951171875,128.22000122070312,129.1199951171875,130.27999877929688,1452400.0,126.55736541748047
2018-11-08,131.50999450683594,129.97999572753906,130.0500030517578,130.99000549316406,1879200.0,127.24710083007812
2018-11-09,131.80999755859375,130.27999877929688,131.13999938964844,131.02999877929688,1379400.0,127.28594207763672
2018-11-12,130.8000030517578,126.83000183105469,130.3000030517578,127.04000091552734,1794500.0,123.40995788574219
2018-11-13,128.27000427246094,126.43000030517578,126.87999725341797,126.80999755859375,1419900.0,123.1865234375
2018-11-14,127.5,122.2300033569336,127.1500015258789,123.04000091552734,3153400.0,119.52425384521484
2018-11-15,125.61000061035156,121.4000015258789,122.4800033569336,125.58999633789062,2409000.0,122.00138092041016
2018-11-16,128.7899932861328,124.70999908447266,124.9800033569336,128.77000427246094,2734100.0,125.09052276611328
2018-11-19,130.57000732421875,128.60000610351562,128.92999267578125,130.52000427246094,2118100.0,126.79053497314453
2018-11-20,131.10000610351562,128.25999450683594,130.9499969482422,128.3699951171875,1893600.0,124.70194244384766
2018-11-21,129.5399932861328,127.30999755859375,128.10000610351562,127.76000213623047,1503200.0,124.10938262939453
2018-11-23,127.6500015258789,126.36000061035156,127.44000244140625,126.5999984741211,405800.0,122.98252868652344
2018-11-26,130.33999633789062,127.18000030517578,127.68000030517578,130.33999633789062,1850300.0,126.61566162109375
2018-11-27,130.57000732421875,128.30999755859375,129.86000061035156,129.61000061035156,1274200.0,125.90652465820312
2018-11-28,130.99000549316406,128.72000122070312,129.52000427246094,130.6999969482422,1579400.0,126.96537017822266
2018-11-29,131.2100067138672,129.27000427246094,130.0500030517578,130.6300048828125,1620600.0,126.89737701416016
2018-11-30,130.9499969482422,128.7100067138672,130.38999938964844,130.3699951171875,2142700.0,126.64480590820312
2018-12-03,130.9199981689453,127.61000061035156,130.57000732421875,130.11000061035156,1597300.0,126.3922348022461
2018-12-04,130.52000427246094,126.0999984741211,130.22000122070312,126.69000244140625,2141200.0,123.06996154785156
2018-12-06,126.43000030517578,121.75,125.48999786376953,125.41000366210938,2775800.0,121.8265380859375
2018-12-07,126.19000244140625,122.87000274658203,124.63999938964844,123.55999755859375,1679600.0,120.77090454101562
2018-12-10,123.55999755859375,120.5,123.44999694824219,123.0,1534100.0,120.22354888916016
2018-12-11,124.41999816894531,120.44999694824219,123.68000030517578,120.97000122070312,1877200.0,118.23937225341797
2018-12-12,123.29000091552734,121.02999877929688,122.20999908447266,122.01000213623047,1703200.0,119.25590515136719
2018-12-13,122.61000061035156,120.72000122070312,122.02999877929688,121.5,1282300.0,118.75740814208984
2018-12-14,121.44999694824219,119.94999694824219,120.33000183105469,120.55000305175781,2097800.0,117.828857421875
2018-12-17,121.79000091552734,119.5,120.72000122070312,119.93000030517578,1829400.0,117.22285461425781
2018-12-18,121.06999969482422,118.41999816894531,120.41000366210938,119.30000305175781,1695200.0,116.6070785522461
2018-12-19,121.68000030517578,118.22000122070312,119.61000061035156,119.16000366210938,1829600.0,116.4702377319336
2018-12-20,119.44000244140625,116.93000030517578,118.5,117.31999969482422,2621900.0,114.67176818847656
2018-12-21,120.30999755859375,116.0199966430664,117.79000091552734,116.05999755859375,4523600.0,113.4402084350586
2018-12-24,115.87000274658203,112.5999984741211,115.41000366210938,112.62999725341797,1344700.0,110.08763122558594
2018-12-26,117.16999816894531,111.08000183105469,112.5,117.16999816894531,1931300.0,114.525146484375
2018-12-27,118.70999908447266,114.66000366210938,115.75,118.66999816894531,1807400.0,115.99129486083984
2018-12-28,119.76000213623047,117.77999877929688,119.1500015258789,118.23999786376953,1386700.0,115.57099914550781
2018-12-31,119.75,118.05000305175781,118.4800033569336,119.75,1157300.0,117.04690551757812
2019-01-02,118.19000244140625,116.33000183105469,117.48999786376953,117.37000274658203,1793400.0,114.72064208984375
2019-01-03,117.30000305175781,115.05999755859375,117.05000305175781,115.26000213623047,1887500.0,112.65827178955078
2019-01-04,118.77999877929688,116.12999725341797,116.66000366210938,118.68000030517578,1793900.0,116.00106811523438
2019-01-07,119.54000091552734,117.70999908447266,118.20999908447266,118.30000305175781,1082800.0,115.62964630126953
2019-01-08,119.51000213623047,116.83999633789062,119.37999725341797,117.83999633789062,1403900.0,115.18002319335938
2019-01-09,119.55999755859375,117.9800033569336,118.66000366210938,118.68000030517578,1753000.0,116.00106811523438
2019-01-10,120.3499984741211,118.38999938964844,118.52999877929688,120.2699966430664,1061500.0,117.55516815185547
2019-01-11,120.86000061035156,119.2699966430664,119.88999938964844,120.47000122070312,839400.0,117.75067138671875
2019-01-14,120.97000122070312,119.79000091552734,119.87000274658203,120.58000183105469,1406800.0,117.85818481445312
2019-01-15,121.86000061035156,120.52999877929688,120.52999877929688,121.81999969482422,1373400.0,119.0701904296875
2019-01-16,122.58000183105469,121.18000030517578,122.29000091552734,122.30000305175781,1349800.0,119.53936004638672
2019-01-17,122.98999786376953,121.27999877929688,121.63999938964844,122.94000244140625,1109200.0,120.16490936279297
2019-01-18,124.41000366210938,122.73999786376953,123.72000122070312,124.01000213623047,1923900.0,121.21075439453125
2019-01-22,125.5,121.33999633789062,123.5,122.36000061035156,2155800.0,119.5979995727539
2019-01-23,123.25,120.5999984741211,122.66999816894531,123.0199966430664,2008700.0,120.24309539794922
2019-01-24,124.45999908447266,122.58000183105469,122.75,124.37999725341797,1621000.0,121.57239532470703
2019-01-25,126.16999816894531,124.54000091552734,125.01000213623047,124.9800033569336,1972800.0,122.15885925292969
2019-01-28,125.12999725341797,123.61000061035156,124.23999786376953,125.02999877929688,1284500.0,122.20773315429688
2019-01-29,125.47000122070312,124.37999725341797,124.73999786376953,124.81999969482422,1275200.0,122.00247192382812
2019-01-30,126.19000244140625,124.08000183105469,124.70999908447266,125.87999725341797,1682400.0,123.03853607177734
2019-01-31,125.80000305175781,124.37999725341797,125.4000015258789,125.54000091552734,1619500.0,122.70620727539062
2019-02-01,126.52999877929688,125.12999725341797,126.02999877929688,126.48999786376953,1064700.0,123.634765625
2019-02-04,126.5,125.0199966430664,126.48999786376953,126.04000091552734,1214100.0,123.19493865966797
2019-02-05,126.25,125.33000183105469,126.12000274658203,126.18000030517578,1306400.0,123.33177185058594
2019-02-06,125.9800033569336,124.87000274658203,125.9800033569336,125.55000305175781,1504900.0,122.71598815917969
2019-02-07,126.80000305175781,125.11000061035156,125.19000244140625,126.76000213623047,1083900.0,123.89867401123047
2019-02-08,126.76000213623047,124.62000274658203,126.52999877929688,125.79000091552734,1252700.0,122.95056915283203
2019-02-11,126.04000091552734,124.36000061035156,126.04000091552734,125.41999816894531,1610200.0,122.58892059326172
2019-02-12,127.37000274658203,126.11000061035156,126.43000030517578,127.26000213623047,1729500.0,124.38740539550781
2019-02-13,129.1300048828125,127.55000305175781,127.79000091552734,128.0399932861328,1351000.0,125.1497802734375
2019-02-14,127.94999694824219,126.2300033569336,127.12999725341797,126.93000030517578,1266500.0,124.0648422241211
2019-02-15,128.83999633789062,127.87000274658203,128.0500030517578,128.74000549316406,1304600.0,125.83399963378906
2019-02-19,129.4600067138672,128.00999450683594,128.30999755859375,129.10000610351562,1459300.0,126.18586730957031
2019-02-20,130.1300048828125,128.97999572753906,129.0500030517578,129.74000549316406,1784800.0,126.8114242553711
2019-02-21,130.0,129.13999938964844,129.91000366210938,129.82000732421875,1227800.0,126.88961029052734
2019-02-22,131.30999755859375,129.97999572753906,130.2100067138672,131.02000427246094,1422900.0,128.06251525878906
2019-02-25,133.1300048828125,131.3000030517578,131.3000030517578,132.49000549316406,2051100.0,129.4993438720703
2019-02-26,133.89999389648438,132.36000061035156,132.4600067138672,133.27000427246094,2278700.0,130.26173400878906
2019-02-27,133.4199981689453,132.44000244140625,132.80999755859375,132.6199951171875,1350100.0,129.62640380859375
2019-02-28,133.07000732421875,132.22000122070312,132.5800018310547,132.91000366210938,1739700.0,129.9098663330078
2019-03-01,134.35000610351562,132.4600067138672,133.52000427246094,133.02999877929688,1360400.0,130.02713012695312
2019-03-04,133.66000366210938,130.9199981689453,133.24000549316406,132.14999389648438,907900.0,129.16700744628906
2019-03-05,132.82000732421875,131.27999877929688,132.4199981689453,132.69000244140625,1324200.0,129.69483947753906
2019-03-06,133.36000061035156,131.69000244140625,132.7100067138672,131.8000030517578,896700.0,128.82492065429688
2019-03-07,131.85000610351562,130.64999389648438,131.72000122070312,131.49000549316406,1141100.0,128.52191162109375
2019-03-08,131.11000061035156,130.0,130.30999755859375,131.02000427246094,1153800.0,128.81686401367188
2019-03-11,132.4199981689453,131.4600067138672,132.1300048828125,131.8699951171875,1293300.0,129.652587890625
2019-03-12,132.8800048828125,131.72000122070312,132.2100067138672,132.72000122070312,967300.0,130.48828125
2019-03-13,133.8699951171875,132.75999450683594,132.97000122070312,133.0,1189600.0,130.76358032226562
2019-03-14,133.50999450683594,132.63999938964844,133.16000366210938,133.05999755859375,1035600.0,130.82257080078125
2019-03-15,134.7100067138672,132.94000244140625,133.47999572753906,134.17999267578125,2113100.0,131.92373657226562
2019-03-18,135.16000366210938,134.3000030517578,134.64999389648438,134.94000244140625,1370200.0,132.67095947265625
2019-03-19,136.0800018310547,132.6199951171875,135.5500030517578,132.92999267578125,1675800.0,130.69473266601562
2019-03-20,133.10000610351562,131.25,133.10000610351562,131.3300018310547,1339500.0,129.12164306640625
2019-03-21,134.44000244140625,130.25,130.67999267578125,134.3699951171875,1527500.0,132.11053466796875
2019-03-22,136.25,133.77999877929688,133.9199981689453,134.89999389648438,2352800.0,132.63160705566406
2019-03-25,135.75,134.3699951171875,135.11000061035156,134.9499969482422,1143500.0,132.6807861328125
2019-03-26,135.94000244140625,133.94000244140625,135.60000610351562,134.97999572753906,1501100.0,132.7102813720703
2019-03-27,136.9499969482422,134.97999572753906,135.1300048828125,136.35000610351562,1198700.0,134.05723571777344
2019-03-28,137.17999267578125,135.4499969482422,136.7100067138672,136.89999389648438,732400.0,134.59799194335938
2019-03-29,138.1300048828125,136.64999389648438,137.72000122070312,137.16000366210938,1328400.0,134.85362243652344
2019-04-01,138.60000610351562,137.3699951171875,137.55999755859375,138.02000427246094,1547400.0,135.6991729736328
2019-04-02,138.3800048828125,136.58999633789062,138.3800048828125,136.80999755859375,1050200.0,134.50950622558594
2019-04-03,137.50999450683594,135.52000427246094,137.50999450683594,136.60000610351562,1122000.0,134.3030548095703
2019-04-04,136.99000549316406,135.97999572753906,136.89999389648438,136.52000427246094,1115200.0,134.22438049316406
2019-04-05,137.08999633789062,136.11000061035156,136.52999877929688,136.39999389648438,1090400.0,134.1063995361328
2019-04-08,136.80999755859375,135.4600067138672,136.80999755859375,135.8800048828125,1006300.0,133.5951385498047
2019-04-09,135.49000549316406,134.3699951171875,135.49000549316406,135.19000244140625,1377700.0,132.916748046875
2019-04-10,135.77999877929688,134.60000610351562,135.42999267578125,135.4600067138672,1250600.0,133.18222045898438
2019-04-11,136.42999267578125,135.08999633789062,135.72999572753906,136.27999877929688,955900.0,133.98841857910156
2019-04-12,137.85000610351562,136.72000122070312,136.97999572753906,137.72000122070312,1098300.0,135.40420532226562
2019-04-15,137.89999389648438,136.60000610351562,137.80999755859375,136.7899932861328,779100.0,134.48983764648438
2019-04-16,138.5800018310547,137.1300048828125,137.3800048828125,138.33999633789062,1038500.0,136.01377868652344
2019-04-17,138.27999877929688,135.8000030517578,138.27999877929688,135.8699951171875,1434500.0,133.58529663085938
2019-04-18,141.52000427246094,138.0,138.75,138.92999267578125,2199200.0,136.59384155273438
2019-04-22,138.6699981689453,136.5800018310547,138.3800048828125,136.61000061035156,1254000.0,134.3128662109375
2019-04-23,138.1699981689453,136.80999755859375,137.0,138.00999450683594,1389900.0,135.6893310546875
2019-04-24,139.6699981689453,137.5399932861328,138.67999267578125,139.17999267578125,1161200.0,136.8396453857422
2019-04-25,139.5500030517578,137.24000549316406,138.22999572753906,139.19000244140625,1129000.0,136.8494873046875
2019-04-26,140.42999267578125,139.25,139.25,140.24000549316406,776900.0,137.8818359375
2019-04-29,141.94000244140625,140.4199981689453,140.5,141.4600067138672,983800.0,139.08131408691406
2019-04-30,143.86000061035156,141.61000061035156,141.8300018310547,143.75,1558600.0,141.3328094482422
2019-05-01,144.17999267578125,142.97000122070312,143.6199951171875,143.0800018310547,1249300.0,140.674072265625
2019-05-02,144.0,142.08999633789062,143.39999389648438,142.6999969482422,1050800.0,140.3004608154297
2019-05-03,144.22000122070312,142.27999877929688,142.86000061035156,143.35000610351562,1109200.0,140.93954467773438
2019-05-06,143.8300018310547,141.3699951171875,142.00999450683594,143.42999267578125,969700.0,141.01817321777344
2019-05-07,143.77999877929688,141.1999969482422,142.8300018310547,141.7100067138672,1191000.0,139.32713317871094
2019-05-08,142.72999572753906,141.2899932861328,141.5,141.52999877929688,1011300.0,139.150146484375
2019-05-09,142.13999938964844,139.9600067138672,140.83999633789062,141.8300018310547,928100.0,139.44508361816406
2019-05-10,144.00999450683594,140.77000427246094,141.16000366210938,143.9600067138672,973100.0,141.53929138183594
2019-05-13,143.7899932861328,141.9499969482422,142.3800048828125,143.41000366210938,1611800.0,140.99853515625
2019-05-14,146.3800048828125,143.07000732421875,143.07000732421875,145.7100067138672,1775100.0,143.25985717773438
2019-05-15,146.88999938964844,144.72999572753906,145.05999755859375,146.52000427246094,1431100.0,144.05624389648438
2019-05-16,148.27000427246094,146.3699951171875,146.3699951171875,147.41000366210938,1686500.0,144.9312744140625
2019-05-17,148.52000427246094,145.8800048828125,145.97000122070312,147.49000549316406,1721400.0,145.0099334716797
2019-05-20,148.85000610351562,147.24000549316406,147.5,148.1699981689453,1440600.0,145.67848205566406
2019-05-21,148.83999633789062,146.94000244140625,148.36000061035156,147.47000122070312,1390700.0,144.99026489257812
2019-05-22,148.25999450683594,146.94000244140625,147.47999572753906,147.9600067138672,1104200.0,145.47203063964844
2019-05-23,147.4600067138672,145.47999572753906,147.32000732421875,146.94000244140625,1803100.0,144.4691619873047
2019-05-24,148.10000610351562,146.75,147.3800048828125,147.94000244140625,919300.0,145.4523468017578
2019-05-28,148.8000030517578,146.25,148.0,146.27999877929688,1243900.0,143.82025146484375
2019-05-29,145.9600067138672,143.69000244140625,145.75999450683594,145.07000732421875,1484900.0,142.63063049316406
2019-05-30,146.27000427246094,144.47999572753906,145.49000549316406,145.72999572753906,1068600.0,143.27951049804688
2019-05-31,146.3300018310547,144.49000549316406,145.13999938964844,145.57000732421875,1405400.0,143.12222290039062
2019-06-03,146.83999633789062,144.8699951171875,145.49000549316406,146.7899932861328,1628800.0,144.32168579101562
2019-06-04,147.8000030517578,146.61000061035156,147.36000061035156,147.5500030517578,1513400.0,145.06890869140625
2019-06-05,149.86000061035156,147.92999267578125,148.0800018310547,149.85000610351562,1474800.0,147.33023071289062
2019-06-06,149.6699981689453,148.36000061035156,149.52000427246094,149.0,1796800.0,146.49452209472656
2019-06-07,150.02000427246094,147.92999267578125,147.92999267578125,149.52999877929688,1257900.0,147.8291778564453
2019-06-10,149.89999389648438,148.88999938964844,149.36000061035156,149.32000732421875,1187500.0,147.62156677246094
2019-06-11,150.07000732421875,148.6999969482422,150.0,149.19000244140625,968400.0,147.4930419921875
2019-06-12,150.61000061035156,149.4499969482422,149.52999877929688,149.72999572753906,1026000.0,148.02688598632812
2019-06-13,150.0399932861328,148.5500030517578,149.7899932861328,149.41000366210938,1508100.0,147.71054077148438
2019-06-14,150.63999938964844,148.7899932861328,149.69000244140625,150.11000061035156,1124000.0,148.40257263183594
2019-06-17,150.52000427246094,149.66000366210938,150.3000030517578,149.9199981689453,821200.0,148.21473693847656
2019-06-18,151.49000549316406,149.5800018310547,149.86000061035156,150.3300018310547,1329000.0,148.6200714111328
2019-06-19,152.00999450683594,150.32000732421875,150.32000732421875,151.60000610351562,1010100.0,149.87564086914062
2019-06-20,152.5,150.83999633789062,152.0399932861328,152.19000244140625,932200.0,150.4589080810547
2019-06-21,153.1999969482422,151.2100067138672,152.24000549316406,151.47999572753906,2316400.0,149.75698852539062
2019-06-24,153.1300048828125,151.60000610351562,151.74000549316406,152.02000427246094,980100.0,150.29086303710938
2019-06-25,153.6300048828125,151.47999572753906,152.00999450683594,153.1300048828125,1296800.0,151.3882293701172
2019-06-26,153.1699981689453,148.6199951171875,152.89999389648438,148.6999969482422,1506200.0,147.00860595703125
2019-06-27,149.52000427246094,147.2899932861328,147.4499969482422,149.1999969482422,1615500.0,147.50291442871094
2019-06-28,150.5399932861328,148.4600067138672,149.7899932861328,149.52000427246094,2320000.0,147.81930541992188
2019-07-01,151.42999267578125,149.88999938964844,150.89999389648438,151.4199981689453,1146100.0,149.6976776123047
2019-07-02,152.83999633789062,151.24000549316406,151.72000122070312,152.8300018310547,915700.0,151.09164428710938
2019-07-03,154.6199951171875,153.0500030517578,153.38999938964844,154.3000030517578,613900.0,152.544921875
2019-07-05,154.24000549316406,152.50999450683594,153.80999755859375,154.08999633789062,612100.0,152.33729553222656
2019-07-08,154.25999450683594,153.44000244140625,153.97999572753906,153.8000030517578,773400.0,152.0506134033203
2019-07-09,153.6300048828125,152.44000244140625,153.19000244140625,153.4499969482422,843400.0,151.70457458496094
2019-07-10,154.72999572753906,153.25999450683594,154.30999755859375,153.3300018310547,747000.0,151.58595275878906
2019-07-11,153.33999633789062,151.19000244140625,152.97000122070312,152.42999267578125,933800.0,150.69618225097656
2019-07-12,153.4600067138672,151.8000030517578,152.9199981689453,153.38999938964844,867600.0,151.645263671875
2019-07-15,154.9600067138672,153.1699981689453,153.1699981689453,154.8300018310547,923400.0,153.0688934326172
2019-07-16,155.08999633789062,154.10000610351562,154.8800048828125,154.58999633789062,878000.0,152.8316192626953
2019-07-17,154.1699981689453,152.35000610351562,154.0399932861328,152.3800048828125,944500.0,150.64675903320312
2019-07-18,152.8699951171875,151.5500030517578,152.35000610351562,152.7100067138672,763000.0,150.97300720214844
2019-07-19,152.38999938964844,150.1699981689453,151.64999389648438,150.22999572753906,1374300.0,148.5211944580078
2019-07-22,150.83999633789062,149.30999755859375,150.1699981689453,149.7100067138672,1197600.0,148.0071258544922
2019-07-23,149.97000122070312,145.3699951171875,148.5,147.5,1970200.0,145.822265625
2019-07-24,149.14999389648438,146.83999633789062,147.60000610351562,148.85000610351562,1308500.0,147.15692138671875
2019-07-25,149.0500030517578,147.22000122070312,147.9499969482422,148.49000549316406,1188900.0,146.80101013183594
2019-07-26,150.25,147.25,148.36000061035156,149.92999267578125,947600.0,148.224609375
2019-07-29,151.02999877929688,148.52999877929688,149.6699981689453,148.74000549316406,1246200.0,147.04815673828125
2019-07-30,149.5500030517578,147.27999877929688,148.1300048828125,147.6199951171875,1196300.0,145.94090270996094
2019-07-31,148.83999633789062,146.11000061035156,148.27999877929688,146.6199951171875,1617600.0,144.9522705078125
2019-08-01,148.14999389648438,145.47000122070312,146.2899932861328,145.77999877929688,1542800.0,144.121826171875
2019-08-02,147.75999450683594,145.47000122070312,146.5,146.9199981689453,1442800.0,145.2488555908203
2019-08-05,147.47000122070312,143.5800018310547,146.27999877929688,143.92999267578125,1664300.0,142.29286193847656
2019-08-06,146.0399932861328,142.7899932861328,143.72000122070312,145.9600067138672,1331300.0,144.29978942871094
2019-08-07,148.02999877929688,143.1199951171875,144.25,147.36000061035156,1555700.0,145.68385314941406
2019-08-08,148.77999877929688,146.22999572753906,147.86000061035156,148.22000122070312,1644100.0,146.53407287597656
2019-08-09,149.63999938964844,147.5800018310547,148.5,149.07000732421875,1385900.0,147.37442016601562
2019-08-12,149.32000732421875,146.25,148.5399932861328,146.3000030517578,1064500.0,144.6359100341797
2019-08-13,148.8800048828125,146.0,146.6300048828125,148.22000122070312,1110300.0,146.53407287597656
2019-08-14,147.80999755859375,143.42999267578125,146.74000549316406,143.47999572753906,1563500.0,141.8479766845703
2019-08-15,146.24000549316406,143.0399932861328,143.44000244140625,145.58999633789062,1203900.0,143.93399047851562
2019-08-16,147.13999938964844,145.33999633789062,146.17999267578125,146.80999755859375,1575500.0,145.14012145996094
2019-08-19,148.39999389648438,147.02000427246094,148.39999389648438,147.5800018310547,1379600.0,145.9013671875
2019-08-20,148.4600067138672,146.38999938964844,147.6300048828125,146.50999450683594,905800.0,144.84352111816406
2019-08-21,147.4600067138672,146.25,146.75,147.0399932861328,849700.0,145.3674774169922
2019-08-22,148.1699981689453,146.2899932861328,147.63999938964844,147.80999755859375,696800.0,146.1287384033203
2019-08-23,148.77000427246094,144.1699981689453,147.3300018310547,144.72999572753906,1430500.0,143.08377075195312
2019-08-26,147.4199981689453,145.2100067138672,145.60000610351562,147.33999633789062,898100.0,145.66407775878906
2019-08-27,148.57000732421875,146.6999969482422,148.25999450683594,147.10000610351562,987100.0,145.42681884765625
2019-08-28,147.33999633789062,145.6699981689453,146.8800048828125,146.3699951171875,1072700.0,144.70510864257812
2019-08-29,147.7899932861328,146.25999450683594,147.57000732421875,146.94000244140625,1152800.0,145.2686309814453
2019-08-30,147.94000244140625,146.14999389648438,147.6699981689453,146.9600067138672,1029800.0,145.2884063720703
2019-09-03,147.6199951171875,145.77999877929688,146.24000549316406,147.57000732421875,1061700.0,145.8914794921875
2019-09-04,150.27000427246094,147.83999633789062,148.4600067138672,150.16000366210938,969400.0,148.45201110839844
2019-09-05,152.6300048828125,150.97999572753906,151.75,151.74000549316406,1230100.0,150.0140380859375
2019-09-06,153.64999389648438,151.69000244140625,151.77999877929688,152.83999633789062,1277000.0,151.1015167236328
2019-09-09,153.3800048828125,148.02000427246094,152.7899932861328,149.22999572753906,1658300.0,148.328369140625
2019-09-10,149.13999938964844,145.5399932861328,148.85000610351562,146.57000732421875,1629000.0,145.68446350097656
2019-09-11,146.36000061035156,144.3000030517578,145.86000061035156,146.22999572753906,1440000.0,145.34649658203125
2019-09-12,148.91000366210938,146.8000030517578,147.17999267578125,148.3000030517578,1358900.0,147.4040069580078
2019-09-13,148.57000732421875,145.5800018310547,148.38999938964844,146.30999755859375,1631700.0,145.426025390625
2019-09-16,147.22999572753906,145.52999877929688,145.7100067138672,146.33999633789062,1161000.0,145.45584106445312
2019-09-17,148.1199951171875,146.2100067138672,146.47999572753906,147.25,1322900.0,146.36033630371094
2019-09-18,147.0,144.6999969482422,145.83999633789062,146.47000122070312,1276900.0,145.58505249023438
2019-09-19,148.41000366210938,146.75,146.8000030517578,146.94000244140625,952300.0,146.05221557617188
2019-09-20,148.3300018310547,146.07000732421875,146.55999755859375,146.27999877929688,2418600.0,145.3961944580078
2019-09-23,147.38999938964844,145.8300018310547,146.17999267578125,146.5399932861328,823800.0,145.6546173095703
2019-09-24,148.2100067138672,146.4199981689453,146.88999938964844,146.75,1056200.0,145.8633575439453
2019-09-25,147.00999450683594,145.77999877929688,146.85000610351562,146.85000610351562,839000.0,145.9627685546875
2019-09-26,148.41000366210938,146.8300018310547,146.89999389648438,148.10000610351562,799900.0,147.20521545410156
2019-09-27,148.64999389648438,147.14999389648438,148.5399932861328,148.0,1204100.0,147.10580444335938
2019-09-30,149.3800048828125,147.97999572753906,147.97999572753906,148.69000244140625,886500.0,147.79164123535156
2019-10-01,149.5800018310547,145.52000427246094,149.27000427246094,145.5500030517578,1236600.0,144.6706085205078
2019-10-02,145.07000732421875,141.75999450683594,144.8300018310547,142.38999938964844,1376000.0,141.5297088623047
2019-10-03,142.39999389648438,140.69000244140625,142.1199951171875,141.72999572753906,1215300.0,140.87368774414062
2019-10-04,145.2100067138672,141.8000030517578,142.0,144.9600067138672,1229400.0,144.0841827392578
2019-10-07,144.63999938964844,143.05999755859375,144.63999938964844,143.14999389648438,891500.0,142.2851104736328
2019-10-08,142.42999267578125,140.60000610351562,142.42999267578125,140.6300048828125,1148500.0,139.7803497314453
2019-10-09,141.6699981689453,140.6199951171875,141.39999389648438,141.3000030517578,724800.0,140.4462890625
2019-10-10,142.60000610351562,140.7899932861328,141.16000366210938,141.55999755859375,846200.0,140.7047119140625
2019-10-11,143.83999633789062,142.4199981689453,143.16000366210938,142.60000610351562,1187500.0,141.7384490966797
2019-10-14,143.3000030517578,142.16000366210938,142.42999267578125,143.11000061035156,602000.0,142.245361328125
2019-10-15,144.5,143.13999938964844,143.49000549316406,143.30999755859375,878200.0,142.4441375732422
2019-10-16,142.91000366210938,141.55999755859375,142.83999633789062,142.57000732421875,912600.0,141.7086181640625
2019-10-17,142.86000061035156,140.42999267578125,142.61000061035156,140.47999572753906,1111300.0,139.63124084472656
2019-10-18,141.6699981689453,140.2100067138672,140.75999450683594,141.36000061035156,1505000.0,140.5059356689453
2019-10-21,142.22000122070312,141.41000366210938,141.99000549316406,141.91000366210938,1716300.0,141.0526123046875
2019-10-22,133.75,129.82000732421875,132.57000732421875,130.14999389648438,3551600.0,129.3636474609375
2019-10-23,133.02999877929688,129.69000244140625,130.07000732421875,132.16000366210938,1933900.0,131.36151123046875
2019-10-24,132.72999572753906,131.0399932861328,132.33999633789062,131.42999267578125,1281500.0,130.6359100341797
2019-10-25,131.44000244140625,129.5,131.0500030517578,130.42999267578125,1342300.0,129.64195251464844
2019-10-28,131.1999969482422,129.22999572753906,130.75,129.3000030517578,1525500.0,128.518798828125
2019-10-29,129.8800048828125,128.2899932861328,129.0500030517578,128.92999267578125,2190700.0,128.15101623535156
2019-10-30,130.25999450683594,128.74000549316406,129.10000610351562,129.77999877929688,1353300.0,128.9958953857422
2019-10-31,131.1199951171875,128.9499969482422,129.41000366210938,131.05999755859375,1864100.0,130.26815795898438
2019-11-01,131.55999755859375,129.77000427246094,131.52000427246094,130.72000122070312,1005000.0,129.93020629882812
2019-11-04,131.60000610351562,129.83999633789062,131.13999938964844,130.1999969482422,1106900.0,129.41334533691406
2019-11-05,131.99000549316406,130.14999389648438,130.19000244140625,131.27000427246094,1590600.0,130.47689819335938
2019-11-06,132.58999633789062,131.0800018310547,131.27999877929688,132.35000610351562,1559600.0,131.5503692626953
2019-11-07,133.82000732421875,132.6199951171875,132.6999969482422,133.00999450683594,1333700.0,132.2063751220703
2019-11-08,133.9499969482422,132.5,132.72999572753906,133.2899932861328,1301700.0,132.48468017578125
2019-11-11,133.94000244140625,132.8000030517578,133.0,133.5399932861328,1319100.0,132.73316955566406
2019-11-12,133.72999572753906,132.44000244140625,133.69000244140625,133.35000610351562,1050600.0,132.54432678222656
2019-11-13,134.38999938964844,132.50999450683594,132.6999969482422,134.1300048828125,1074500.0,133.31961059570312
2019-11-14,134.47999572753906,133.27999877929688,133.83999633789062,133.9499969482422,1018100.0,133.1407012939453
2019-11-15,134.69000244140625,133.35000610351562,133.88999938964844,133.57000732421875,1450000.0,132.76300048828125
2019-11-18,134.72999572753906,133.64999389648438,133.64999389648438,134.2899932861328,1286900.0,133.4786376953125
2019-11-19,135.67999267578125,134.36000061035156,134.64999389648438,135.4600067138672,1810300.0,134.64158630371094
2019-11-20,135.6999969482422,134.44000244140625,134.77999877929688,135.42999267578125,1301100.0,134.61175537109375
2019-11-21,135.99000549316406,133.7899932861328,135.9499969482422,134.69000244140625,1230500.0,133.87623596191406
2019-11-22,135.5,134.38999938964844,134.7100067138672,135.1300048828125,1222700.0,134.31356811523438
2019-11-25,135.94000244140625,134.8699951171875,135.57000732421875,135.02999877929688,1161300.0,134.21417236328125
2019-11-26,136.89999389648438,134.6999969482422,134.8300018310547,136.67999267578125,1827500.0,135.8542022705078
2019-11-27,137.32000732421875,136.1300048828125,137.0800018310547,136.83999633789062,1057500.0,136.0132293701172
2019-11-29,137.2100067138672,136.47000122070312,136.8300018310547,136.72000122070312,523300.0,135.8939666748047
2019-12-02,137.25999450683594,135.25999450683594,136.99000549316406,135.25999450683594,1577300.0,134.44277954101562
2019-12-03,135.10000610351562,133.6999969482422,134.77999877929688,134.6199951171875,1865200.0,133.806640625
2019-12-04,135.49000549316406,133.3300018310547,133.4499969482422,135.1699981689453,1303000.0,134.3533172607422
2019-12-05,135.41000366210938,134.02999877929688,135.41000366210938,134.30999755859375,1435000.0,133.49851989746094
2019-12-06,136.14999389648438,134.7899932861328,135.19000244140625,135.72000122070312,1583700.0,134.90000915527344
2019-12-09,135.6300048828125,134.82000732421875,135.30999755859375,135.4499969482422,987100.0,135.4499969482422
2019-12-10,135.7899932861328,135.14999389648438,135.4499969482422,135.5399932861328,828600.0,135.5399932861328
2019-12-11,135.63999938964844,134.27999877929688,135.25999450683594,134.6300048828125,1260100.0,134.6300048828125
2019-12-12,136.22000122070312,134.30999755859375,134.6199951171875,135.61000061035156,1068900.0,135.61000061035156
2019-12-13,136.2100067138672,135.1199951171875,135.1300048828125,135.66000366210938,985600.0,135.66000366210938
2019-12-16,136.75,135.67999267578125,136.07000732421875,136.17999267578125,1312700.0,136.17999267578125
2019-12-17,137.25999450683594,136.1999969482422,136.27999877929688,136.99000549316406,1083400.0,136.99000549316406
2019-12-18,137.1699981689453,134.94000244140625,137.1699981689453,135.6699981689453,1582400.0,135.6699981689453
2019-12-19,136.49000549316406,135.10000610351562,135.39999389648438,136.47000122070312,1741500.0,136.47000122070312
2019-12-20,137.61000061035156,136.0399932861328,137.14999389648438,136.42999267578125,2676500.0,136.42999267578125
2019-12-23,136.8000030517578,135.5800018310547,136.8000030517578,136.22999572753906,1003000.0,136.22999572753906
2019-12-24,136.4499969482422,135.5500030517578,136.4499969482422,135.8300018310547,486200.0,135.8300018310547
2019-12-26,136.30999755859375,135.80999755859375,135.9600067138672,136.2899932861328,927700.0,136.2899932861328
2019-12-27,136.89999389648438,135.97000122070312,136.47999572753906,136.8000030517578,614400.0,136.8000030517578
2019-12-30,136.97999572753906,135.64999389648438,136.97999572753906,136.49000549316406,799200.0,136.49000549316406
2019-12-31,136.99000549316406,136.1300048828125,136.30999755859375,136.9499969482422,765100.0,136.9499969482422
2020-01-02,137.74000549316406,136.13999938964844,137.52000427246094,137.50999450683594,1117300.0,137.50999450683594
2020-01-03,137.3699951171875,136.35000610351562,136.5500030517578,137.02000427246094,927300.0,137.02000427246094
2020-01-06,137.2100067138672,135.63999938964844,136.14999389648438,137.1699981689453,952800.0,137.1699981689453
2020-01-07,136.6300048828125,135.10000610351562,135.88999938964844,135.16000366210938,1204600.0,135.16000366210938
2020-01-08,137.6999969482422,135.49000549316406,135.94000244140625,136.61000061035156,1942800.0,136.61000061035156
2020-01-09,137.91000366210938,136.6999969482422,136.6999969482422,137.6199951171875,1228600.0,137.6199951171875
2020-01-10,136.47000122070312,135.32000732421875,135.8000030517578,135.50999450683594,1343200.0,135.50999450683594
2020-01-13,136.3000030517578,135.35000610351562,135.50999450683594,136.25999450683594,1042500.0,136.25999450683594
2020-01-14,137.55999755859375,136.0,136.0,136.64999389648438,1485300.0,136.64999389648438
2020-01-15,137.97999572753906,136.30999755859375,136.5,137.57000732421875,905200.0,137.57000732421875
2020-01-16,138.97999572753906,137.82000732421875,138.0,138.85000610351562,1249100.0,138.85000610351562
2020-01-17,141.0500030517578,138.83999633789062,139.0,140.72999572753906,1534800.0,140.72999572753906
2020-01-21,141.5500030517578,140.3800048828125,140.77000427246094,140.91000366210938,1604700.0,140.91000366210938
2020-01-22,141.8699951171875,140.49000549316406,141.2899932861328,141.33999633789062,1656800.0,141.33999633789062
2020-01-23,138.0,133.47999572753906,136.2899932861328,134.19000244140625,3636600.0,134.19000244140625
2020-01-24,134.8800048828125,133.61000061035156,133.72999572753906,134.77999877929688,1755100.0,134.77999877929688
2020-01-27,135.75,133.55999755859375,134.35000610351562,133.72999572753906,1519500.0,133.72999572753906
2020-01-28,135.10000610351562,134.33999633789062,134.49000549316406,134.38999938964844,1297700.0,134.38999938964844
2020-01-29,134.5399932861328,132.9499969482422,134.5,133.27000427246094,1270900.0,133.27000427246094
