Date,High,Low,Open,Close,Volume,Adj Close
2017-02-03,162.0,160.2100067138672,161.1300048828125,161.8699951171875,2762300.0,154.72169494628906
2017-02-06,162.52999877929688,160.22000122070312,161.50999450683594,160.50999450683594,3479400.0,153.4217529296875
2017-02-07,161.67999267578125,159.5399932861328,161.0500030517578,160.52999877929688,2942700.0,153.44085693359375
2017-02-08,160.6300048828125,159.41000366210938,160.0,160.30999755859375,2339700.0,153.2305908203125
2017-02-09,161.3000030517578,159.55999755859375,160.30999755859375,160.44000244140625,3056800.0,153.3548583984375
2017-02-10,161.58999633789062,160.10000610351562,160.1199951171875,160.75,1905900.0,153.65118408203125
2017-02-13,162.02000427246094,160.69000244140625,160.69000244140625,161.99000549316406,3275800.0,154.83639526367188
2017-02-14,163.5,161.25,161.4499969482422,163.1300048828125,2969400.0,155.92608642578125
2017-02-15,164.88999938964844,162.5800018310547,162.5800018310547,164.2899932861328,4537900.0,157.0348358154297
2017-02-16,164.97000122070312,162.3300018310547,164.77999877929688,163.64999389648438,3191600.0,156.42311096191406
2017-02-17,160.16000366210938,156.49000549316406,159.0,157.6199951171875,12033600.0,150.65940856933594
2017-02-21,160.82000732421875,157.52000427246094,157.6199951171875,160.57000732421875,5419000.0,153.4791259765625
2017-02-22,161.77999877929688,159.63999938964844,160.91000366210938,160.57000732421875,2725300.0,153.4791259765625
2017-02-23,162.60000610351562,160.69000244140625,161.3300018310547,162.60000610351562,2459600.0,155.41949462890625
2017-02-24,163.08999633789062,161.74000549316406,162.6699981689453,163.05999755859375,2715700.0,155.85916137695312
2017-02-27,165.4600067138672,162.80999755859375,163.16000366210938,165.3800048828125,4071800.0,158.07672119140625
2017-02-28,166.75999450683594,164.89999389648438,165.47000122070312,165.3800048828125,4382100.0,158.07672119140625
2017-03-01,168.60000610351562,166.35000610351562,166.72000122070312,167.94000244140625,3514200.0,160.52366638183594
2017-03-02,168.42999267578125,166.9600067138672,168.32000732421875,167.30999755859375,1889800.0,159.9214630126953
2017-03-03,168.4499969482422,166.6199951171875,167.30999755859375,168.1999969482422,2254400.0,160.7721710205078
2017-03-06,169.35000610351562,167.1300048828125,167.42999267578125,168.6999969482422,2576500.0,161.25006103515625
2017-03-07,169.36000061035156,167.92999267578125,168.4499969482422,168.3000030517578,2702300.0,160.86773681640625
2017-03-08,168.4600067138672,166.8000030517578,167.50999450683594,167.91000366210938,2048200.0,161.09320068359375
2017-03-09,169.07000732421875,167.74000549316406,168.14999389648438,168.00999450683594,3631400.0,161.18914794921875
2017-03-10,170.0,168.05999755859375,168.4199981689453,169.97999572753906,3716600.0,163.07919311523438
2017-03-13,170.92999267578125,169.5500030517578,169.99000549316406,170.2100067138672,3130200.0,163.2998504638672
2017-03-14,170.17999267578125,168.5,169.66000366210938,169.05999755859375,2522600.0,162.19654846191406
2017-03-15,171.97000122070312,169.2899932861328,169.36000061035156,171.77999877929688,2807600.0,164.80609130859375
2017-03-16,172.13999938964844,170.22000122070312,172.07000732421875,171.3000030517578,3138600.0,164.3455810546875
2017-03-17,171.5399932861328,169.58999633789062,171.08999633789062,169.6999969482422,5622900.0,162.810546875
2017-03-20,170.24000549316406,167.9199981689453,169.92999267578125,168.0,3928600.0,161.17955017089844
2017-03-21,168.82000732421875,167.05999755859375,168.6699981689453,167.6999969482422,4953100.0,160.89175415039062
2017-03-22,168.3800048828125,165.6300048828125,168.1300048828125,167.02999877929688,2999800.0,160.24893188476562
2017-03-23,166.92999267578125,164.77000427246094,166.22999572753906,165.2899932861328,3947400.0,158.57955932617188
2017-03-24,167.39999389648438,164.35000610351562,166.1300048828125,165.0,5243900.0,158.30137634277344
2017-03-27,165.11000061035156,163.30999755859375,163.99000549316406,164.60000610351562,4383000.0,157.9176025390625
2017-03-28,166.07000732421875,163.83999633789062,164.5800018310547,165.35000610351562,7327100.0,158.63717651367188
2017-03-29,164.97000122070312,162.74000549316406,164.66000366210938,163.44000244140625,5900400.0,156.80470275878906
2017-03-30,165.92999267578125,163.4600067138672,163.64999389648438,164.99000549316406,2993800.0,158.29177856445312
2017-03-31,165.10000610351562,163.75,164.63999938964844,164.00999450683594,3496100.0,157.35157775878906
2017-04-03,166.13999938964844,164.25,164.6199951171875,165.58999633789062,3473700.0,158.8673858642578
2017-04-04,166.4499969482422,164.7899932861328,165.8699951171875,164.97000122070312,2886000.0,158.27255249023438
2017-04-05,167.25999450683594,165.22000122070312,165.75999450683594,165.3699951171875,3541600.0,158.65635681152344
2017-04-06,166.02000427246094,164.83999633789062,165.4499969482422,165.33999633789062,2923600.0,158.62754821777344
2017-04-07,166.5,164.6199951171875,164.9600067138672,166.02000427246094,2927800.0,159.2799530029297
2017-04-10,167.0,165.27999877929688,166.19000244140625,165.47999572753906,3234900.0,158.76187133789062
2017-04-11,165.83999633789062,164.60000610351562,164.88999938964844,165.8300018310547,3172900.0,159.09765625
2017-04-12,166.4199981689453,164.60000610351562,166.32000732421875,165.55999755859375,2978700.0,158.838623046875
2017-04-13,165.64999389648438,164.6699981689453,164.9499969482422,164.9600067138672,1979800.0,158.2629852294922
2017-04-17,167.4199981689453,164.9600067138672,164.99000549316406,167.17999267578125,4396700.0,160.39283752441406
2017-04-18,170.22999572753906,167.6999969482422,170.05999755859375,168.58999633789062,5526200.0,161.74559020996094
2017-04-19,171.19000244140625,168.69000244140625,169.58999633789062,169.25,4703400.0,162.37881469726562
2017-04-20,172.19000244140625,168.3699951171875,169.52000427246094,171.5399932861328,3652100.0,164.57582092285156
2017-04-21,172.6199951171875,170.47000122070312,172.1300048828125,171.16000366210938,2982300.0,164.21128845214844
2017-04-24,173.16000366210938,171.6999969482422,172.66000366210938,172.3300018310547,2830300.0,165.33377075195312
2017-04-25,174.74000549316406,173.19000244140625,173.5,174.0399932861328,3394700.0,166.97433471679688
2017-04-26,175.64999389648438,173.97999572753906,174.08999633789062,174.3800048828125,2817500.0,167.30055236816406
2017-04-27,176.07000732421875,174.02000427246094,174.07000732421875,174.6300048828125,2438600.0,167.5404052734375
2017-04-28,175.0,173.91000366210938,174.61000061035156,174.8800048828125,2010800.0,167.78024291992188
2017-05-01,176.13999938964844,174.08999633789062,175.0,174.58999633789062,2709700.0,167.5020294189453
2017-05-02,175.3699951171875,170.27000427246094,174.91000366210938,174.13999938964844,4951000.0,167.07029724121094
2017-05-03,174.3000030517578,171.86000061035156,173.75,172.5399932861328,3622200.0,165.53524780273438
2017-05-04,174.2100067138672,172.3800048828125,173.0500030517578,174.02000427246094,2585200.0,166.9551544189453
2017-05-05,174.8800048828125,173.30999755859375,174.5399932861328,174.1199951171875,2189000.0,167.0511016845703
2017-05-08,174.55999755859375,173.57000732421875,173.92999267578125,174.44000244140625,2505900.0,167.35812377929688
2017-05-09,174.77000427246094,172.72999572753906,174.10000610351562,173.24000549316406,1653700.0,166.2068328857422
2017-05-10,173.63999938964844,172.4600067138672,173.0399932861328,173.38999938964844,1568700.0,166.35073852539062
2017-05-11,173.86000061035156,171.6699981689453,172.75999450683594,173.32000732421875,1901300.0,166.28359985351562
2017-05-12,173.38999938964844,171.52000427246094,172.63999938964844,171.80999755859375,2335400.0,164.8348846435547
2017-05-15,172.0,170.22999572753906,171.7899932861328,171.52999877929688,2831400.0,164.5662384033203
2017-05-16,171.0,167.25,170.6699981689453,168.1199951171875,4343700.0,161.294677734375
2017-05-17,170.38999938964844,166.64999389648438,168.1199951171875,168.86000061035156,4442300.0,162.00465393066406
2017-05-18,173.97999572753906,167.8699951171875,168.25,171.4499969482422,3908000.0,164.489501953125
2017-05-19,172.9499969482422,170.25,172.3000030517578,172.58999633789062,3877300.0,165.58323669433594
2017-05-22,174.89999389648438,172.60000610351562,172.72999572753906,174.6999969482422,3480300.0,167.60752868652344
2017-05-23,175.52000427246094,173.7100067138672,174.44000244140625,175.22000122070312,2471500.0,168.10646057128906
2017-05-24,176.10000610351562,174.52000427246094,175.4499969482422,175.58999633789062,1612300.0,168.46142578125
2017-05-25,178.72999572753906,175.94000244140625,176.32000732421875,178.0500030517578,3212200.0,170.82154846191406
2017-05-26,178.88999938964844,177.0,177.67999267578125,177.5,1583600.0,170.2938690185547
2017-05-30,178.0800018310547,176.24000549316406,177.5399932861328,176.58999633789062,2285700.0,169.42080688476562
2017-05-31,176.89999389648438,174.9199981689453,176.88999938964844,175.17999267578125,3320400.0,168.0680694580078
2017-06-01,179.5800018310547,175.19000244140625,175.77999877929688,179.5800018310547,2890600.0,172.28944396972656
2017-06-02,179.9199981689453,178.33999633789062,179.9199981689453,179.38999938964844,2610100.0,172.107177734375
2017-06-05,180.32000732421875,179.16000366210938,179.52999877929688,179.3699951171875,2640600.0,172.08795166015625
2017-06-06,181.05999755859375,178.47999572753906,179.19000244140625,180.82000732421875,3443900.0,173.4791259765625
2017-06-07,183.47000122070312,179.64999389648438,182.0,183.2100067138672,3783600.0,175.7720947265625
2017-06-08,183.75999450683594,180.97999572753906,183.2100067138672,181.69000244140625,3079900.0,174.31378173828125
2017-06-09,182.39999389648438,180.86000061035156,181.83999633789062,181.4600067138672,2392200.0,174.09312438964844
2017-06-12,181.82000732421875,176.4199981689453,181.4600067138672,179.25,3705600.0,171.9728546142578
2017-06-13,181.38999938964844,179.14999389648438,179.2100067138672,181.0500030517578,2458500.0,173.6997528076172
2017-06-14,182.83999633789062,180.94000244140625,180.94000244140625,182.36000061035156,2039300.0,174.95657348632812
2017-06-15,183.5,180.08999633789062,181.75,180.3800048828125,3078700.0,173.77166748046875
2017-06-16,182.4600067138672,180.3800048828125,180.8300018310547,181.6300048828125,4473300.0,174.97584533691406
2017-06-19,183.02000427246094,180.75999450683594,182.3000030517578,183.02000427246094,3887100.0,176.31492614746094
2017-06-20,183.4199981689453,182.22000122070312,182.75,183.27000427246094,2742600.0,176.5557861328125
2017-06-21,185.11000061035156,182.7100067138672,183.49000549316406,184.9199981689453,2866300.0,178.14529418945312
2017-06-22,188.66000366210938,184.77999877929688,184.89999389648438,186.5,3841300.0,179.66741943359375
2017-06-23,186.27000427246094,184.13999938964844,186.27000427246094,185.25,3438500.0,178.46319580078125
2017-06-26,185.88999938964844,183.38999938964844,185.1300048828125,185.1199951171875,2327400.0,178.3379669189453
2017-06-27,186.8000030517578,184.22000122070312,185.72000122070312,184.60000610351562,2682800.0,177.8370361328125
2017-06-28,186.30999755859375,185.08999633789062,185.67999267578125,185.6999969482422,2451200.0,178.89671325683594
2017-06-29,186.08999633789062,184.3300018310547,185.82000732421875,185.27000427246094,2193600.0,178.48248291015625
2017-06-30,186.19000244140625,184.92999267578125,185.14999389648438,185.4199981689453,2392000.0,178.62696838378906
2017-07-03,187.52999877929688,185.74000549316406,186.2899932861328,186.64999389648438,2087000.0,179.81192016601562
2017-07-05,188.36000061035156,185.72000122070312,186.13999938964844,188.25,2587400.0,181.35328674316406
2017-07-06,188.19000244140625,186.14999389648438,188.1199951171875,186.94000244140625,1844700.0,180.09130859375
2017-07-07,188.42999267578125,187.00999450683594,187.35000610351562,187.9600067138672,2252500.0,181.07394409179688
2017-07-10,188.0,186.14999389648438,187.3300018310547,186.9499969482422,2612000.0,180.10092163085938
2017-07-11,187.66000366210938,185.08999633789062,187.0,185.9499969482422,2664500.0,179.13755798339844
2017-07-12,187.3000030517578,186.41000366210938,186.7899932861328,186.69000244140625,3342800.0,179.85047912597656
2017-07-13,187.27999877929688,185.32000732421875,187.0,185.47999572753906,2379300.0,178.68479919433594
2017-07-14,187.1300048828125,184.77000427246094,185.80999755859375,186.89999389648438,2716700.0,180.052734375
2017-07-17,187.25,185.75999450683594,187.07000732421875,186.35000610351562,2444600.0,179.52293395996094
2017-07-18,187.1999969482422,183.86000061035156,186.9499969482422,186.85000610351562,4235800.0,180.004638671875
2017-07-19,189.41000366210938,187.50999450683594,187.50999450683594,189.19000244140625,3401600.0,182.25888061523438
2017-07-20,191.9199981689453,188.9199981689453,189.41000366210938,191.5,3099600.0,184.4842529296875
2017-07-21,193.0,190.60000610351562,191.3800048828125,191.77999877929688,4911500.0,184.75399780273438
2017-07-24,192.1699981689453,190.63999938964844,191.7899932861328,190.88999938964844,2356500.0,183.89657592773438
2017-07-25,192.47999572753906,190.3000030517578,192.1300048828125,190.39999389648438,1960100.0,183.42453002929688
2017-07-26,191.52999877929688,189.3800048828125,190.02000427246094,190.75,2683500.0,183.76171875
2017-07-27,190.49000549316406,188.4600067138672,190.24000549316406,188.92999267578125,2631400.0,182.0083770751953
2017-07-28,191.24000549316406,187.60000610351562,189.11000061035156,191.14999389648438,1925000.0,184.14706420898438
2017-07-31,192.61000061035156,191.13999938964844,191.58999633789062,191.80999755859375,3767100.0,184.7828826904297
2017-08-01,193.39999389648438,191.6199951171875,193.39999389648438,192.22999572753906,3336800.0,185.1875
2017-08-02,193.4499969482422,192.13999938964844,192.13999938964844,193.0,2463800.0,185.9292755126953
2017-08-03,194.9600067138672,193.00999450683594,193.25999450683594,194.77000427246094,2886100.0,187.6344451904297
2017-08-04,196.0399932861328,194.60000610351562,194.9499969482422,194.8800048828125,2892300.0,187.74041748046875
2017-08-07,195.41000366210938,193.89999389648438,194.80999755859375,194.77999877929688,2074800.0,187.64407348632812
2017-08-08,194.99000549316406,194.0800018310547,194.67999267578125,194.89999389648438,1741000.0,187.75965881347656
2017-08-09,195.36000061035156,194.1699981689453,194.89999389648438,194.8300018310547,2125900.0,187.6922607421875
2017-08-10,194.38999938964844,192.39999389648438,194.25999450683594,192.57000732421875,2698600.0,185.51504516601562
2017-08-11,194.5399932861328,192.66000366210938,193.91000366210938,193.02000427246094,2210700.0,185.9485626220703
2017-08-14,194.75,192.89999389648438,194.60000610351562,193.7100067138672,2322000.0,186.61329650878906
2017-08-15,195.00999450683594,193.80999755859375,194.47000122070312,194.5,1595200.0,187.3743438720703
2017-08-16,195.27000427246094,192.8300018310547,194.80999755859375,193.77000427246094,1881600.0,186.6710968017578
2017-08-17,194.24000549316406,192.66000366210938,193.75,192.6999969482422,2440900.0,185.64028930664062
2017-08-18,193.1999969482422,190.6300048828125,192.83999633789062,190.82000732421875,2858500.0,183.82916259765625
2017-08-21,192.30999755859375,190.8800048828125,190.8800048828125,192.02999877929688,1930500.0,184.99481201171875
2017-08-22,194.9600067138672,191.55999755859375,192.14999389648438,194.7899932861328,2021900.0,187.65371704101562
2017-08-23,194.58999633789062,193.72000122070312,194.5,194.24000549316406,1547000.0,187.1238555908203
2017-08-24,195.07000732421875,194.2100067138672,194.5500030517578,194.75,1923700.0,187.6151580810547
2017-08-25,195.5399932861328,194.13999938964844,195.3300018310547,194.36000061035156,1375000.0,187.2394561767578
2017-08-28,195.80999755859375,194.36000061035156,194.58999633789062,195.08999633789062,2009900.0,187.94271850585938
2017-08-29,197.0399932861328,194.3300018310547,194.8300018310547,196.72999572753906,2072200.0,189.52264404296875
2017-08-30,196.8800048828125,195.1999969482422,196.3800048828125,195.8800048828125,1506700.0,188.70379638671875
2017-08-31,199.49000549316406,196.38999938964844,196.92999267578125,198.89999389648438,2990200.0,191.61314392089844
2017-09-01,199.99000549316406,198.36000061035156,199.7899932861328,199.75,2241800.0,192.43202209472656
2017-09-05,200.44000244140625,198.7100067138672,199.1999969482422,199.30999755859375,2700800.0,192.0081329345703
2017-09-06,199.99000549316406,197.6300048828125,199.5399932861328,198.3800048828125,3040200.0,191.11221313476562
2017-09-07,199.47999572753906,197.07000732421875,197.77000427246094,198.1699981689453,2684600.0,191.63436889648438
2017-09-08,198.86000061035156,197.0,198.42999267578125,197.75,2206000.0,191.22824096679688
2017-09-11,200.4199981689453,198.77999877929688,199.25,199.5800018310547,3307900.0,192.99786376953125
2017-09-12,199.47000122070312,196.91000366210938,199.44000244140625,197.47000122070312,2554700.0,190.9574737548828
2017-09-13,200.75999450683594,197.77999877929688,197.8000030517578,198.3300018310547,2394400.0,191.7891082763672
2017-09-14,198.3800048828125,197.08999633789062,197.9499969482422,197.72999572753906,2378600.0,191.20889282226562
2017-09-15,199.7100067138672,197.1999969482422,198.52000427246094,198.17999267578125,4198700.0,191.64404296875
2017-09-18,198.82000732421875,197.50999450683594,198.1699981689453,198.19000244140625,1915200.0,191.65370178222656
2017-09-19,198.60000610351562,192.38999938964844,198.44000244140625,194.64999389648438,3819000.0,188.23048400878906
2017-09-20,195.83999633789062,194.05999755859375,195.02000427246094,195.75,2788500.0,189.29417419433594
2017-09-21,196.1300048828125,194.89999389648438,195.6300048828125,195.2100067138672,1895000.0,188.77200317382812
2017-09-22,195.8699951171875,188.25,195.11000061035156,193.02999877929688,5660200.0,186.6638946533203
2017-09-25,196.30999755859375,190.9199981689453,193.27000427246094,191.75,3105900.0,185.42611694335938
2017-09-26,194.36000061035156,192.0399932861328,192.30999755859375,192.6999969482422,2775400.0,186.3448028564453
2017-09-27,195.6199951171875,191.74000549316406,193.1999969482422,194.49000549316406,3267200.0,188.07571411132812
2017-09-28,196.5500030517578,193.50999450683594,194.25,196.10000610351562,2088400.0,189.63265991210938
2017-09-29,196.08999633789062,194.47999572753906,195.82000732421875,195.85000610351562,2646300.0,189.39089965820312
2017-10-02,197.91000366210938,196.3300018310547,196.58999633789062,197.44000244140625,2893600.0,190.92843627929688
2017-10-03,199.44000244140625,197.25999450683594,197.5,198.6300048828125,2533800.0,192.07920837402344
2017-10-04,200.72999572753906,198.42999267578125,199.02999877929688,200.47999572753906,2286400.0,193.8681640625
2017-10-05,199.92999267578125,196.55999755859375,199.92999267578125,197.89999389648438,4069000.0,191.37326049804688
2017-10-06,199.99000549316406,197.50999450683594,197.89999389648438,198.05999755859375,3361900.0,191.5279998779297
2017-10-09,198.32000732421875,195.77999877929688,198.00999450683594,196.3000030517578,3365400.0,189.8260498046875
2017-10-10,196.42999267578125,193.6699981689453,196.25999450683594,194.67999267578125,2499100.0,188.2594451904297
2017-10-11,196.07000732421875,193.58999633789062,194.6300048828125,195.25999450683594,2935600.0,188.82032775878906
2017-10-12,195.36000061035156,192.72999572753906,195.00999450683594,192.9199981689453,2954700.0,186.55751037597656
2017-10-13,192.7100067138672,186.0,189.58999633789062,192.52000427246094,5435000.0,186.1707000732422
2017-10-16,193.32000732421875,191.36000061035156,192.47999572753906,193.1999969482422,2927400.0,186.8282928466797
2017-10-17,206.6199951171875,196.3699951171875,196.8000030517578,203.88999938964844,8949700.0,197.16571044921875
2017-10-18,207.8000030517578,203.67999267578125,203.8000030517578,205.22999572753906,4796300.0,198.4615020751953
2017-10-19,205.75,202.6999969482422,205.47000122070312,203.25,3471800.0,196.54685974121094
2017-10-20,208.2100067138672,203.69000244140625,204.25999450683594,207.49000549316406,5138800.0,200.6470184326172
2017-10-23,208.4499969482422,205.8000030517578,207.5800018310547,207.00999450683594,2261400.0,200.18283081054688
2017-10-24,208.22999572753906,205.8800048828125,206.3800048828125,208.14999389648438,3459900.0,201.28521728515625
2017-10-25,209.13999938964844,207.07000732421875,208.32000732421875,207.55999755859375,2908300.0,200.7146759033203
2017-10-26,211.6999969482422,207.5800018310547,207.9199981689453,209.14999389648438,4346000.0,202.25222778320312
2017-10-27,212.77000427246094,208.5500030517578,209.14999389648438,212.60000610351562,4385300.0,205.58848571777344
2017-10-30,212.77000427246094,209.3800048828125,212.2100067138672,209.38999938964844,2477400.0,202.48435974121094
2017-10-31,210.52000427246094,207.8000030517578,209.38999938964844,210.22000122070312,3749600.0,203.2869873046875
2017-11-01,212.6300048828125,208.9199981689453,211.6199951171875,209.52999877929688,1902900.0,202.61973571777344
2017-11-02,211.49000549316406,209.00999450683594,210.11000061035156,211.10000610351562,2825900.0,204.13796997070312
2017-11-03,213.8300018310547,210.10000610351562,210.72000122070312,212.8699951171875,2196900.0,205.8495635986328
2017-11-06,213.92999267578125,211.8000030517578,211.91000366210938,212.1199951171875,2293700.0,205.1243133544922
2017-11-07,213.5399932861328,210.88999938964844,212.74000549316406,212.6999969482422,1845800.0,205.68516540527344
2017-11-08,212.92999267578125,210.6999969482422,212.0800018310547,210.77000427246094,2261100.0,203.81884765625
2017-11-09,211.75999450683594,209.1300048828125,210.58999633789062,211.55999755859375,1839700.0,204.582763671875
2017-11-10,211.80999755859375,210.1999969482422,211.4600067138672,211.07000732421875,1384700.0,204.10891723632812
2017-11-13,213.5399932861328,209.94000244140625,210.30999755859375,212.66000366210938,2662200.0,205.6465301513672
2017-11-14,212.6999969482422,210.9199981689453,212.2100067138672,211.7100067138672,1993900.0,204.72784423828125
2017-11-15,211.97999572753906,209.6199951171875,210.8800048828125,209.86000061035156,1816300.0,202.93882751464844
2017-11-16,212.00999450683594,209.89999389648438,210.3800048828125,211.1300048828125,1919600.0,204.16696166992188
2017-11-17,211.4600067138672,209.14999389648438,210.4600067138672,209.89999389648438,1887500.0,202.97750854492188
2017-11-20,210.67999267578125,209.5800018310547,210.0,210.25,2040400.0,203.3159637451172
2017-11-21,212.85000610351562,210.75,211.1300048828125,212.60000610351562,2327200.0,205.58848571777344
2017-11-22,212.80999755859375,210.75999450683594,212.25999450683594,211.22000122070312,2257800.0,204.2539520263672
2017-11-24,212.92999267578125,211.0,212.0,212.50999450683594,744000.0,205.50144958496094
2017-11-27,214.25,211.80999755859375,212.25,212.39999389648438,2856300.0,205.3950653076172
2017-11-28,216.30999755859375,212.50999450683594,213.8800048828125,216.13999938964844,2905700.0,209.01171875
2017-11-29,224.27000427246094,217.36000061035156,217.6999969482422,222.8800048828125,4247200.0,215.52944946289062
2017-11-30,228.75,222.2899932861328,223.8300018310547,228.1699981689453,6846400.0,221.3899688720703
2017-12-01,229.22000122070312,221.0800018310547,228.88999938964844,226.77999877929688,3325800.0,220.04124450683594
2017-12-04,231.77000427246094,221.39999389648438,229.25999450683594,221.4199981689453,5591500.0,214.84054565429688
2017-12-05,223.72000122070312,219.16000366210938,221.0,220.08999633789062,3246300.0,213.55003356933594
2017-12-06,221.9600067138672,219.02999877929688,221.02000427246094,219.94000244140625,2397500.0,213.40452575683594
2017-12-07,220.61000061035156,218.19000244140625,220.58999633789062,220.14999389648438,2661600.0,213.60826110839844
2017-12-08,224.3300018310547,220.22000122070312,220.5500030517578,223.91000366210938,2233300.0,217.25656127929688
2017-12-11,224.82000732421875,222.0399932861328,222.50999450683594,222.77000427246094,1599500.0,216.15045166015625
2017-12-12,223.4199981689453,221.25999450683594,221.39999389648438,222.49000549316406,2294100.0,215.8787384033203
2017-12-13,224.9499969482422,221.22999572753906,221.74000549316406,224.35000610351562,3059400.0,217.68348693847656
2017-12-14,226.97000122070312,221.00999450683594,225.0,221.25,2811700.0,214.67556762695312
2017-12-15,223.75,220.6300048828125,223.75,221.82000732421875,6293400.0,215.22865295410156
2017-12-18,224.80999755859375,222.19000244140625,222.60000610351562,222.6699981689453,3194100.0,216.0533905029297
2017-12-19,223.7899932861328,220.85000610351562,222.99000549316406,222.0399932861328,2340200.0,215.44212341308594
2017-12-20,224.88999938964844,221.72999572753906,223.11000061035156,222.3800048828125,2633200.0,215.77200317382812
2017-12-21,223.94000244140625,221.3699951171875,223.1199951171875,221.69000244140625,2955300.0,215.10250854492188
2017-12-22,222.35000610351562,218.4499969482422,222.0,220.0,1959700.0,213.4627685546875
2017-12-26,220.4199981689453,219.08999633789062,219.08999633789062,219.60000610351562,1482400.0,213.0746307373047
2017-12-27,221.44000244140625,219.25,219.97999572753906,220.4199981689453,1861900.0,213.8702392578125
2017-12-28,222.7899932861328,220.14999389648438,221.4600067138672,222.77000427246094,1452600.0,216.15045166015625
2017-12-29,223.9499969482422,220.4600067138672,223.9499969482422,220.4600067138672,2350200.0,213.9090576171875
2018-01-02,222.4499969482422,220.0,221.02000427246094,221.16000366210938,3485000.0,214.5883026123047
2018-01-03,223.80999755859375,220.52000427246094,221.6199951171875,223.47999572753906,2417600.0,216.83932495117188
2018-01-04,226.10000610351562,224.1699981689453,224.33999633789062,224.4499969482422,2749100.0,217.78050231933594
2018-01-05,229.0500030517578,224.72000122070312,225.19000244140625,228.72999572753906,2432800.0,221.9333038330078
2018-01-08,228.7100067138672,224.61000061035156,228.1300048828125,224.75999450683594,2850800.0,218.08128356933594
2018-01-09,226.6300048828125,223.3000030517578,224.75999450683594,225.8800048828125,2672200.0,219.1680145263672
2018-01-10,225.00999450683594,223.02999877929688,224.8300018310547,224.1999969482422,2311600.0,217.5379180908203
2018-01-11,225.9199981689453,223.6999969482422,224.17999267578125,225.38999938964844,2543600.0,218.69256591796875
2018-01-12,229.89999389648438,226.52000427246094,227.4499969482422,228.63999938964844,3943800.0,221.84600830078125
2018-01-16,235.0,231.25,233.3699951171875,232.89999389648438,6852600.0,225.97943115234375
2018-01-17,238.9600067138672,233.85000610351562,234.6699981689453,238.42999267578125,5124800.0,231.34507751464844
2018-01-18,243.89999389648438,238.5500030517578,239.25999450683594,243.16000366210938,6234200.0,235.93455505371094
2018-01-19,244.35000610351562,241.07000732421875,244.17999267578125,243.35000610351562,4293600.0,236.118896484375
2018-01-22,243.8000030517578,241.36000061035156,243.58999633789062,243.55999755859375,4012200.0,236.32264709472656
2018-01-23,246.97999572753906,242.41000366210938,242.99000549316406,245.2100067138672,3300000.0,237.9236297607422
2018-01-24,247.30999755859375,243.7100067138672,246.00999450683594,244.85000610351562,2733300.0,237.57431030273438
2018-01-25,246.19000244140625,243.89999389648438,244.75,245.17999267578125,2420500.0,237.89451599121094
2018-01-26,248.74000549316406,244.4600067138672,245.0,248.47000122070312,2615300.0,241.0867462158203
2018-01-29,250.7899932861328,247.39999389648438,249.27999877929688,247.41000366210938,2564700.0,240.0582733154297
2018-01-30,242.74000549316406,232.10000610351562,232.8800048828125,236.64999389648438,11565500.0,229.61798095703125
2018-01-31,247.0,235.75999450683594,242.83999633789062,236.77999877929688,5187400.0,229.7440948486328
2018-02-01,237.82000732421875,233.8300018310547,235.25999450683594,235.22000122070312,4268300.0,228.23048400878906
2018-02-02,236.3000030517578,231.19000244140625,233.0,231.8800048828125,3959900.0,224.98973083496094
2018-02-05,233.11000061035156,208.47999572753906,230.7899932861328,220.02000427246094,6290000.0,213.4821319580078
2018-02-06,226.50999450683594,210.2100067138672,212.1999969482422,225.17999267578125,7064800.0,218.48880004882812
2018-02-07,229.2899932861328,221.50999450683594,222.3300018310547,225.82000732421875,5589200.0,219.10980224609375
2018-02-08,226.6300048828125,216.25999450683594,225.3300018310547,216.4600067138672,4902400.0,210.0279083251953
2018-02-09,223.27999877929688,212.00999450683594,218.0,220.9600067138672,6225300.0,214.3942108154297
2018-02-12,228.0,222.14999389648438,222.44000244140625,225.69000244140625,4912000.0,218.98365783691406
2018-02-13,227.1199951171875,222.38999938964844,223.14999389648438,226.63999938964844,3536800.0,219.90542602539062
2018-02-14,229.33999633789062,223.9199981689453,224.9499969482422,228.77999877929688,2878400.0,221.98184204101562
2018-02-15,230.0,221.74000549316406,229.27000427246094,226.02000427246094,4662700.0,219.30384826660156
2018-02-16,230.5500030517578,225.6999969482422,225.99000549316406,229.3699951171875,3621700.0,222.55429077148438
2018-02-20,228.75,225.61000061035156,227.91000366210938,226.66000366210938,3172300.0,219.92481994628906
2018-02-21,229.35000610351562,225.11000061035156,226.14999389648438,225.1300048828125,3371900.0,218.44029235839844
2018-02-22,229.83999633789062,225.0800018310547,226.3000030517578,227.08999633789062,2767900.0,220.34202575683594
2018-02-23,230.32000732421875,225.91000366210938,227.89999389648438,230.16000366210938,2393900.0,223.3208465576172
2018-02-26,234.50999450683594,229.6999969482422,231.63999938964844,234.05999755859375,3307000.0,227.10494995117188
2018-02-27,235.88999938964844,232.44000244140625,234.39999389648438,232.52000427246094,2899500.0,225.61070251464844
2018-02-28,234.75,226.08999633789062,234.4199981689453,226.16000366210938,4368600.0,219.439697265625
2018-03-01,229.2899932861328,222.74000549316406,225.6999969482422,224.4499969482422,3514600.0,217.78050231933594
2018-03-02,225.82000732421875,222.58999633789062,223.2100067138672,225.19000244140625,2613600.0,218.49851989746094
2018-03-05,229.42999267578125,222.7899932861328,223.3699951171875,228.3800048828125,2627300.0,221.59373474121094
2018-03-06,229.14999389648438,223.88999938964844,228.9199981689453,226.17999267578125,2652800.0,219.45907592773438
2018-03-07,227.82000732421875,223.75,224.35000610351562,227.27000427246094,3242200.0,220.51670837402344
2018-03-08,227.99000549316406,223.9199981689453,227.92999267578125,224.72999572753906,3500900.0,218.77413940429688
2018-03-09,226.52000427246094,222.5,226.11000061035156,225.42999267578125,4834600.0,219.45558166503906
2018-03-12,227.0,222.77000427246094,226.2100067138672,222.77000427246094,3117300.0,216.8660888671875
2018-03-13,228.05999755859375,223.16000366210938,223.52999877929688,226.94000244140625,3343800.0,220.9255828857422
2018-03-14,229.38999938964844,225.02000427246094,227.1300048828125,225.3800048828125,3048200.0,219.4069366455078
2018-03-15,230.75999450683594,225.66000366210938,225.8300018310547,229.47999572753906,3330200.0,223.3982696533203
2018-03-16,231.27000427246094,227.75,229.66000366210938,227.86000061035156,5690300.0,221.82119750976562
2018-03-19,227.97000122070312,223.67999267578125,227.30999755859375,225.0500030517578,3407300.0,219.08567810058594
2018-03-20,227.60000610351562,223.8800048828125,225.16000366210938,226.77999877929688,3429100.0,220.7698211669922
2018-03-21,227.44000244140625,222.82000732421875,226.4499969482422,222.82000732421875,3419800.0,216.91477966308594
2018-03-22,221.66000366210938,215.10000610351562,221.64999389648438,215.2100067138672,5894800.0,209.50643920898438
2018-03-23,217.72999572753906,212.5,215.75,212.5500030517578,5741200.0,206.91693115234375
2018-03-26,219.41000366210938,214.6999969482422,215.19000244140625,219.07000732421875,3561300.0,213.26414489746094
2018-03-27,221.9499969482422,216.41000366210938,220.32000732421875,217.9600067138672,3722100.0,212.18357849121094
2018-03-28,219.91000366210938,217.0399932861328,218.88999938964844,218.5,3179500.0,212.70925903320312
2018-03-29,223.35000610351562,214.0,219.3800048828125,214.0,5529400.0,208.32852172851562
2018-04-02,222.99000549316406,214.6300048828125,218.4600067138672,217.1999969482422,6220700.0,211.4437255859375
2018-04-03,225.10000610351562,219.69000244140625,220.33999633789062,224.5800018310547,4652000.0,218.62811279296875
2018-04-04,229.47999572753906,220.4199981689453,220.69000244140625,228.7899932861328,4674000.0,222.72653198242188
2018-04-05,231.5800018310547,226.8000030517578,229.4600067138672,229.07000732421875,3348100.0,222.99913024902344
2018-04-06,228.19000244140625,221.82000732421875,226.64999389648438,223.9600067138672,3231700.0,218.02455139160156
2018-04-09,226.1300048828125,222.36000061035156,225.5800018310547,222.72999572753906,3031500.0,216.82711791992188
2018-04-10,228.16000366210938,223.49000549316406,225.39999389648438,226.7899932861328,2737500.0,220.77952575683594
2018-04-11,225.38999938964844,221.69000244140625,224.27000427246094,221.89999389648438,3482100.0,216.01913452148438
2018-04-12,225.75,223.41000366210938,224.0399932861328,224.24000549316406,2664500.0,218.29713439941406
2018-04-13,226.1300048828125,223.0800018310547,225.10000610351562,224.27999877929688,2496600.0,218.3360595703125
2018-04-16,231.85000610351562,226.35000610351562,227.11000061035156,230.32000732421875,4510600.0,224.2160186767578
2018-04-17,241.6699981689453,236.0800018310547,239.30999755859375,238.5500030517578,6180300.0,232.22789001464844
2018-04-18,239.74000549316406,236.3000030517578,239.0,236.39999389648438,2940100.0,230.13485717773438
2018-04-19,238.27000427246094,234.8000030517578,236.1999969482422,235.75999450683594,2734900.0,229.51182556152344
2018-04-20,237.10000610351562,233.5,236.0500030517578,235.05999755859375,2842000.0,228.8303680419922
2018-04-23,236.2100067138672,233.0800018310547,235.2899932861328,234.33999633789062,3051700.0,228.12945556640625
2018-04-24,237.32000732421875,232.55999755859375,235.9499969482422,234.22000122070312,2771200.0,228.01263427734375
2018-04-25,235.10000610351562,230.44000244140625,233.4499969482422,234.89999389648438,3118800.0,228.6746063232422
2018-04-26,237.83999633789062,234.3300018310547,235.72999572753906,237.02999877929688,2252800.0,230.74813842773438
2018-04-27,240.5399932861328,237.14999389648438,237.6300048828125,240.17999267578125,2301800.0,233.81466674804688
2018-04-30,241.0,236.39999389648438,241.0,236.39999389648438,3446900.0,230.13485717773438
2018-05-01,237.49000549316406,234.36000061035156,237.0,236.85000610351562,2633500.0,230.57293701171875
2018-05-02,236.2100067138672,232.86000061035156,235.3800048828125,233.4600067138672,3542700.0,227.2727813720703
2018-05-03,234.8000030517578,229.30999755859375,231.97000122070312,234.14999389648438,2731600.0,227.94448852539062
2018-05-04,236.64999389648438,232.16000366210938,233.10000610351562,235.89999389648438,1999900.0,229.6481170654297
2018-05-07,236.99000549316406,232.6300048828125,235.8800048828125,233.77999877929688,3237800.0,227.58428955078125
2018-05-08,233.72000122070312,230.64999389648438,233.72000122070312,232.02999877929688,2698300.0,225.88067626953125
2018-05-09,233.4199981689453,228.22999572753906,233.0500030517578,229.2100067138672,3504200.0,223.13539123535156
2018-05-10,234.2899932861328,229.36000061035156,230.14999389648438,233.7100067138672,2169000.0,227.5161590576172
2018-05-11,238.8000030517578,232.9499969482422,233.5800018310547,238.27999877929688,3044900.0,231.9650421142578
2018-05-14,243.6699981689453,238.82000732421875,238.89999389648438,242.89999389648438,3893600.0,236.46258544921875
2018-05-15,242.22000122070312,238.6699981689453,241.86000061035156,239.5,2396600.0,233.15269470214844
2018-05-16,241.80999755859375,238.57000732421875,239.64999389648438,241.72000122070312,1906100.0,235.31385803222656
2018-05-17,243.55999755859375,240.5399932861328,241.49000549316406,242.9600067138672,2418700.0,236.52099609375
2018-05-18,244.75999450683594,242.38999938964844,243.3699951171875,244.63999938964844,2283600.0,238.15647888183594
2018-05-21,249.1699981689453,244.83999633789062,245.0,247.89999389648438,3040700.0,241.33006286621094
2018-05-22,248.0500030517578,243.83999633789062,248.0,245.17999267578125,2644100.0,238.68215942382812
2018-05-23,245.5,241.63999938964844,244.02999877929688,244.25999450683594,3047800.0,237.78652954101562
2018-05-24,245.44000244140625,242.1999969482422,244.57000732421875,242.72999572753906,2610400.0,236.29710388183594
2018-05-25,245.5800018310547,242.44000244140625,242.9499969482422,244.9499969482422,1554900.0,238.458251953125
2018-05-29,243.86000061035156,240.24000549316406,243.86000061035156,242.1699981689453,2837800.0,235.75193786621094
2018-05-30,245.75,242.6300048828125,243.74000549316406,244.94000244140625,2071900.0,238.4485321044922
2018-05-31,244.75,240.67999267578125,244.2100067138672,241.50999450683594,2966100.0,235.10943603515625
2018-06-01,243.74000549316406,241.2899932861328,243.74000549316406,243.35000610351562,2371400.0,236.90066528320312
2018-06-04,245.24000549316406,242.74000549316406,244.0,244.6300048828125,2188900.0,238.14674377441406
2018-06-05,245.11000061035156,241.91000366210938,245.08999633789062,244.42999267578125,1531900.0,237.9520263671875
2018-06-06,248.72000122070312,245.1300048828125,246.32000732421875,248.64999389648438,2650300.0,242.06019592285156
2018-06-07,250.0,248.25,249.75999450683594,248.97999572753906,2117200.0,242.3814697265625
2018-06-08,251.5,248.07000732421875,249.4600067138672,250.67999267578125,3034600.0,244.03640747070312
2018-06-11,254.99000549316406,250.39999389648438,250.83999633789062,253.77999877929688,2775200.0,247.05426025390625
2018-06-12,253.94000244140625,250.1699981689453,253.1999969482422,253.5800018310547,2567200.0,246.85952758789062
2018-06-13,256.7300109863281,252.47999572753906,254.13999938964844,252.8699951171875,3138300.0,246.16836547851562
2018-06-14,255.99000549316406,253.66000366210938,254.47000122070312,255.3300018310547,2456600.0,248.5631866455078
2018-06-15,255.97999572753906,252.55999755859375,254.27000427246094,255.97999572753906,4772200.0,250.07740783691406
2018-06-18,255.00999450683594,252.13999938964844,254.0,254.8699951171875,1961900.0,248.99302673339844
2018-06-19,253.3000030517578,251.16000366210938,252.97000122070312,253.02000427246094,2370200.0,247.18569946289062
2018-06-20,253.72999572753906,251.8800048828125,253.32000732421875,252.80999755859375,2580400.0,246.9805145263672
2018-06-21,253.64999389648438,250.9199981689453,252.9499969482422,251.88999938964844,2150300.0,246.0817413330078
2018-06-22,255.11000061035156,251.19000244140625,252.24000549316406,254.3699951171875,2604000.0,248.50454711914062
2018-06-25,255.1300048828125,248.61000061035156,254.36000061035156,250.7100067138672,3060800.0,244.92893981933594
2018-06-26,252.47000122070312,249.5399932861328,250.55999755859375,249.77000427246094,2158000.0,244.01063537597656
2018-06-27,251.75999450683594,248.1300048828125,250.2899932861328,248.1699981689453,2481000.0,242.44752502441406
2018-06-28,248.0,242.22999572753906,247.1300048828125,244.89999389648438,3556900.0,239.25291442871094
2018-06-29,247.5,244.60000610351562,244.89999389648438,245.33999633789062,2772600.0,239.68275451660156
2018-07-02,247.72999572753906,244.1199951171875,245.0,247.47999572753906,1793300.0,241.7734375
2018-07-03,248.75,246.74000549316406,248.3000030517578,246.97999572753906,1248000.0,241.28494262695312
2018-07-05,250.92999267578125,247.5800018310547,249.11000061035156,250.5,2182900.0,244.72377014160156
2018-07-06,251.72999572753906,249.4199981689453,251.00999450683594,250.75999450683594,1572300.0,244.977783203125
2018-07-09,254.00999450683594,251.0500030517578,252.1300048828125,253.6699981689453,2039600.0,247.82069396972656
2018-07-10,256.8999938964844,253.75,254.17999267578125,255.5399932861328,2012200.0,249.64756774902344
2018-07-11,256.0,253.74000549316406,255.13999938964844,254.58999633789062,1486000.0,248.71946716308594
2018-07-12,256.82000732421875,254.9199981689453,256.17999267578125,256.04998779296875,1592700.0,250.14581298828125
2018-07-13,259.010009765625,256.0199890136719,256.3900146484375,258.70001220703125,2356200.0,252.7346954345703
2018-07-16,258.45001220703125,256.44000244140625,258.2900085449219,256.9800109863281,3625400.0,251.0543975830078
2018-07-17,252.52000427246094,246.27000427246094,251.5500030517578,250.2899932861328,6932300.0,244.5186309814453
2018-07-18,256.6099853515625,250.44000244140625,251.11000061035156,255.4199981689453,3359800.0,249.53033447265625
2018-07-19,256.5,251.85000610351562,255.32000732421875,252.92999267578125,2307600.0,247.09774780273438
2018-07-20,253.5500030517578,251.1699981689453,251.1699981689453,252.6999969482422,1959600.0,246.87306213378906
2018-07-23,255.22999572753906,252.42999267578125,252.91000366210938,252.74000549316406,1479600.0,246.9121551513672
2018-07-24,254.9600067138672,252.00999450683594,254.86000061035156,253.75999450683594,2476500.0,247.9086151123047
2018-07-25,255.27000427246094,252.77000427246094,254.80999755859375,254.86000061035156,3016900.0,248.98324584960938
2018-07-26,257.8699951171875,255.8000030517578,256.25,257.0,2021300.0,251.07391357421875
2018-07-27,257.7900085449219,255.38999938964844,257.7900085449219,255.9499969482422,1656800.0,250.04812622070312
2018-07-30,256.8900146484375,253.11000061035156,255.91000366210938,253.83999633789062,1681500.0,247.98678588867188
2018-07-31,255.1999969482422,252.85000610351562,254.13999938964844,253.22000122070312,2355900.0,247.38107299804688
2018-08-01,256.1000061035156,252.80999755859375,256.1000061035156,253.3699951171875,3006700.0,247.52760314941406
2018-08-02,256.29998779296875,252.22999572753906,253.5,256.0799865722656,1854400.0,250.1750946044922
2018-08-03,257.55999755859375,254.3000030517578,256.45001220703125,257.2200012207031,1422300.0,251.28884887695312
2018-08-06,257.5400085449219,255.47000122070312,256.5,256.760009765625,1398100.0,250.83944702148438
2018-08-07,258.8399963378906,257.1300048828125,257.6400146484375,257.6499938964844,1462800.0,251.70892333984375
2018-08-08,259.5,257.9200134277344,258.1099853515625,258.80999755859375,1494300.0,252.84217834472656
2018-08-09,263.0199890136719,259.30999755859375,259.9100036621094,261.5899963378906,2315000.0,255.55807495117188
2018-08-10,261.5,259.1099853515625,260.489990234375,260.3599853515625,1625000.0,254.3563995361328
2018-08-13,262.54998779296875,260.29998779296875,261.0,260.9100036621094,1635100.0,254.89376831054688
2018-08-14,264.29998779296875,260.8500061035156,260.8900146484375,263.4800109863281,1941600.0,257.40447998046875
2018-08-15,262.69000244140625,259.19000244140625,261.9800109863281,260.6099853515625,2017700.0,254.6006622314453
2018-08-16,263.75,261.45001220703125,261.57000732421875,263.1000061035156,2115900.0,257.03326416015625
2018-08-17,264.1300048828125,261.7200012207031,263.54998779296875,262.3299865722656,1969700.0,256.2809753417969
2018-08-20,263.489990234375,261.57000732421875,263.0,262.3999938964844,1786200.0,256.3493957519531
2018-08-21,262.5199890136719,260.7300109863281,261.8500061035156,261.69000244140625,1559300.0,255.65577697753906
2018-08-22,261.95001220703125,260.25,261.95001220703125,260.739990234375,2148500.0,254.7276611328125
2018-08-23,262.55999755859375,259.55999755859375,261.0199890136719,261.4200134277344,1603500.0,255.39199829101562
2018-08-24,264.7799987792969,261.75,261.75,264.2799987792969,2238600.0,258.18603515625
2018-08-27,267.45001220703125,264.4200134277344,265.0,267.0799865722656,2614000.0,260.9214782714844
2018-08-28,269.1400146484375,267.3299865722656,268.5400085449219,268.510009765625,2603900.0,262.3185119628906
2018-08-29,269.32000732421875,267.25,268.3900146484375,269.0,2880600.0,262.7972106933594
2018-08-30,270.1700134277344,268.1099853515625,269.4599914550781,268.3900146484375,2976300.0,262.2012939453125
2018-08-31,269.2099914550781,267.20001220703125,268.2799987792969,268.4599914550781,2961500.0,262.2696533203125
2018-09-04,269.4100036621094,266.57000732421875,268.0,268.510009765625,2097300.0,262.3185119628906
2018-09-05,268.79998779296875,266.92999267578125,268.55999755859375,267.6400146484375,2230600.0,261.46856689453125
2018-09-06,270.0199890136719,266.94000244140625,267.6000061035156,269.6499938964844,2556100.0,264.321044921875
2018-09-07,271.1600036621094,267.510009765625,269.6400146484375,268.2799987792969,2958000.0,262.97808837890625
2018-09-10,266.79998779296875,258.75,266.7799987792969,259.7300109863281,4146200.0,254.5971221923828
2018-09-11,261.4200134277344,257.4800109863281,257.9200134277344,261.0400085449219,2283300.0,255.88125610351562
2018-09-12,264.489990234375,260.8500061035156,261.1199951171875,262.6700134277344,2236300.0,257.47900390625
2018-09-13,265.69000244140625,263.4200134277344,264.1600036621094,265.489990234375,2734500.0,260.2432556152344
2018-09-14,266.6499938964844,263.2799987792969,265.3999938964844,265.30999755859375,2084600.0,260.0668029785156
2018-09-17,266.6600036621094,263.4100036621094,266.5,263.8699951171875,1940400.0,258.6552734375
2018-09-18,264.0899963378906,262.0,262.92999267578125,263.2900085449219,3557000.0,258.08673095703125
2018-09-19,265.6099853515625,263.1600036621094,264.4700012207031,265.3299865722656,2274300.0,260.08642578125
2018-09-20,267.94000244140625,266.05999755859375,266.0799865722656,266.3900146484375,2095000.0,261.1255187988281
2018-09-21,267.8399963378906,265.8500061035156,266.1000061035156,266.6700134277344,5671600.0,261.3999328613281
2018-09-24,269.5299987792969,266.6700134277344,267.010009765625,267.3599853515625,2699800.0,262.0762939453125
2018-09-25,267.3299865722656,263.0299987792969,267.29998779296875,263.510009765625,3789700.0,258.30242919921875
2018-09-26,265.489990234375,262.45001220703125,264.5,262.9100036621094,2238000.0,257.7142333984375
2018-09-27,265.4100036621094,262.92999267578125,263.0,264.6499938964844,2761400.0,259.4198303222656
2018-09-28,266.19000244140625,263.8500061035156,264.3800048828125,266.0400085449219,2875100.0,260.78240966796875
2018-10-01,270.0199890136719,267.0199890136719,267.25,269.1000061035156,3314500.0,263.78192138671875
2018-10-02,271.44000244140625,267.5,269.0,270.6300048828125,2777300.0,265.2817077636719
2018-10-03,272.07000732421875,269.7699890136719,272.0,270.8999938964844,3002200.0,265.54632568359375
2018-10-04,271.6199951171875,267.30999755859375,271.0,268.32000732421875,2186600.0,263.0173034667969
2018-10-05,271.0,267.95001220703125,268.6499938964844,269.20001220703125,2045700.0,263.87994384765625
2018-10-08,269.6499938964844,265.6499938964844,268.8399963378906,269.010009765625,1865000.0,263.6936950683594
2018-10-09,271.9599914550781,268.4700012207031,269.19000244140625,270.1099853515625,2510100.0,264.7719421386719
2018-10-10,271.4200134277344,262.5199890136719,270.6000061035156,263.0799865722656,4267300.0,257.880859375
2018-10-11,264.3999938964844,255.77999877929688,262.0,257.1199951171875,4558500.0,252.03866577148438
2018-10-12,261.3900146484375,256.8599853515625,259.70001220703125,259.6099853515625,4006300.0,254.4794464111328
2018-10-15,262.44000244140625,259.30999755859375,260.1300048828125,260.25,3583400.0,255.10682678222656
2018-10-16,272.80999755859375,265.0,269.69000244140625,272.57000732421875,6453600.0,267.1833801269531
2018-10-17,271.0,265.6300048828125,270.19000244140625,267.29998779296875,3985100.0,262.0174865722656
2018-10-18,267.8800048828125,263.7099914550781,267.3500061035156,266.80999755859375,3132100.0,261.53717041015625
2018-10-19,267.9800109863281,263.8900146484375,266.6199951171875,265.29998779296875,3336600.0,260.0570068359375
2018-10-22,266.8299865722656,260.05999755859375,266.75,262.19000244140625,2618100.0,257.00848388671875
2018-10-23,265.5199890136719,259.20001220703125,259.7200012207031,264.8599853515625,4081800.0,259.62567138671875
2018-10-24,265.3299865722656,255.92999267578125,264.010009765625,256.32000732421875,5265600.0,251.25448608398438
2018-10-25,265.17999267578125,253.3699951171875,258.1600036621094,264.239990234375,4675600.0,259.0179748535156
2018-10-26,262.3999938964844,257.0199890136719,261.5,258.17999267578125,4830600.0,253.0777130126953
2018-10-29,262.0400085449219,253.32000732421875,259.7200012207031,256.5199890136719,3697700.0,251.45053100585938
2018-10-30,259.69000244140625,253.97999572753906,256.69000244140625,258.2799987792969,4169200.0,253.1757354736328
2018-10-31,264.07000732421875,260.2200012207031,260.8699951171875,261.3500061035156,4230200.0,256.1850891113281
2018-11-01,264.67999267578125,259.760009765625,262.9200134277344,260.92999267578125,2771300.0,255.77333068847656
2018-11-02,266.3800048828125,259.55999755859375,264.6099853515625,261.010009765625,2593600.0,255.85177612304688
2018-11-05,263.0,260.07000732421875,262.1499938964844,261.010009765625,3287000.0,255.85177612304688
2018-11-06,264.010009765625,260.70001220703125,260.70001220703125,263.5400085449219,2582400.0,258.331787109375
2018-11-07,276.75,266.8999938964844,266.8999938964844,274.6300048828125,5796800.0,269.20263671875
2018-11-08,278.0,274.70001220703125,276.0,276.6499938964844,3809100.0,271.1827392578125
2018-11-09,278.0,274.19000244140625,276.8599853515625,276.54998779296875,2904300.0,271.0846862792969
2018-11-12,277.7900085449219,272.0,276.0,272.3800048828125,3140600.0,266.9970703125
2018-11-13,273.6000061035156,268.1400146484375,272.5799865722656,269.2200012207031,2516900.0,263.8995361328125
2018-11-14,270.5199890136719,263.3500061035156,269.2900085449219,264.9599914550781,3511900.0,259.7237243652344
2018-11-15,265.9200134277344,260.8500061035156,264.0,264.94000244140625,3657600.0,259.7041320800781
2018-11-16,271.79998779296875,264.9200134277344,264.989990234375,271.1099853515625,3857800.0,265.7522277832031
2018-11-19,272.2699890136719,264.17999267578125,271.4800109863281,266.04998779296875,3670800.0,260.7921447753906
2018-11-20,266.7799987792969,260.3999938964844,265.6199951171875,261.5,3617700.0,256.3321533203125
2018-11-21,264.6300048828125,260.45001220703125,262.5899963378906,260.54998779296875,3234300.0,255.40089416503906
2018-11-23,262.94000244140625,258.2799987792969,260.0,261.6199951171875,1159300.0,256.44970703125
2018-11-26,268.29998779296875,263.5,264.6199951171875,266.1600036621094,3879800.0,260.9000549316406
2018-11-27,271.29998779296875,265.0299987792969,265.57000732421875,271.1499938964844,3497300.0,265.7914123535156
2018-11-28,282.3999938964844,272.82000732421875,272.82000732421875,280.95001220703125,5044300.0,275.3977355957031
2018-11-29,285.45001220703125,280.30999755859375,280.42999267578125,282.54998779296875,4177800.0,276.9660949707031
2018-11-30,283.6400146484375,279.07000732421875,282.989990234375,281.3599853515625,6143200.0,276.680908203125
2018-12-03,286.5299987792969,282.7099914550781,283.0,286.3299865722656,4178800.0,281.5682678222656
2018-12-04,287.94000244140625,276.9100036621094,286.1499938964844,278.54998779296875,4635500.0,273.91766357421875
2018-12-06,276.94000244140625,265.25,273.0199890136719,276.8500061035156,6694600.0,272.2459411621094
2018-12-07,276.4200134277344,267.2799987792969,273.760009765625,269.17999267578125,3506900.0,264.7034912109375
2018-12-10,269.0,260.2300109863281,268.5899963378906,266.5299987792969,4061300.0,262.0975646972656
2018-12-11,271.5299987792969,265.6700134277344,269.5799865722656,267.2200012207031,3102800.0,262.77606201171875
2018-12-12,274.55999755859375,270.489990234375,271.95001220703125,270.6400146484375,3167900.0,266.1391906738281
2018-12-13,273.32000732421875,269.6199951171875,270.8599853515625,272.1499938964844,2350400.0,267.6241149902344
2018-12-14,270.57000732421875,263.7099914550781,270.3599853515625,265.0199890136719,3360500.0,260.6126403808594
2018-12-17,262.75,256.7300109863281,261.0400085449219,258.07000732421875,5806800.0,253.77825927734375
2018-12-18,259.989990234375,248.1999969482422,259.70001220703125,252.97000122070312,5065500.0,248.76307678222656
2018-12-19,256.55999755859375,247.58999633789062,252.3699951171875,250.30999755859375,5468500.0,246.14730834960938
2018-12-20,249.00999450683594,240.0500030517578,248.5,242.44000244140625,7311700.0,238.40818786621094
2018-12-21,247.5,237.4499969482422,240.72999572753906,238.33999633789062,12209700.0,234.37637329101562
2018-12-24,237.89999389648438,232.55999755859375,236.24000549316406,232.94000244140625,3091000.0,229.066162109375
2018-12-26,243.3699951171875,231.80999755859375,232.6999969482422,243.35000610351562,4159300.0,239.30303955078125
2018-12-27,245.97000122070312,235.24000549316406,239.10000610351562,245.97000122070312,4295800.0,241.87948608398438
2018-12-28,249.7899932861328,244.80999755859375,246.7100067138672,246.24000549316406,3312700.0,242.14498901367188
2018-12-31,250.27999877929688,246.94000244140625,248.05999755859375,249.1199951171875,3123200.0,244.9770965576172
2019-01-02,246.35000610351562,241.47000122070312,245.0,243.49000549316406,4063600.0,239.4407196044922
2019-01-03,243.47999572753906,236.1300048828125,243.47999572753906,236.85000610351562,4623200.0,232.91114807128906
2019-01-04,243.4600067138672,238.8000030517578,239.8000030517578,239.6199951171875,5367600.0,235.6350860595703
2019-01-07,241.97999572753906,238.22999572753906,240.39999389648438,240.0800018310547,4133000.0,236.08743286132812
2019-01-08,244.7899932861328,239.7100067138672,242.3300018310547,243.2899932861328,3618600.0,239.24403381347656
2019-01-09,246.6300048828125,242.05999755859375,244.75999450683594,243.63999938964844,3425400.0,239.58822631835938
2019-01-10,245.13999938964844,241.41000366210938,242.0800018310547,244.8699951171875,3374100.0,240.79774475097656
2019-01-11,247.75999450683594,243.27000427246094,243.4499969482422,247.6699981689453,3967100.0,243.55120849609375
2019-01-14,249.9199981689453,246.11000061035156,246.58999633789062,248.05999755859375,4955500.0,243.9347381591797
2019-01-15,256.9200134277344,247.0,250.0,256.8699951171875,5325600.0,252.59820556640625
2019-01-16,262.19000244140625,258.1700134277344,258.7300109863281,261.4599914550781,6069400.0,257.11187744140625
2019-01-17,261.739990234375,257.8900146484375,260.989990234375,259.7699890136719,3583600.0,255.44996643066406
2019-01-18,266.260009765625,260.4200134277344,262.6000061035156,265.5,4844800.0,261.0846862792969
2019-01-22,267.5,263.739990234375,264.05999755859375,265.69000244140625,4052700.0,261.27154541015625
2019-01-23,269.4700012207031,263.6700134277344,267.75,267.0199890136719,2971100.0,262.57940673828125
2019-01-24,268.1600036621094,264.260009765625,266.79998779296875,266.1300048828125,2927300.0,261.7042236328125
2019-01-25,270.4100036621094,265.70001220703125,268.79998779296875,268.04998779296875,2809100.0,263.59228515625
2019-01-28,266.92999267578125,264.6099853515625,266.8999938964844,266.7699890136719,2837300.0,262.33355712890625
2019-01-29,268.45001220703125,265.44000244140625,266.0,267.3399963378906,2173000.0,262.8940734863281
2019-01-30,272.44000244140625,267.19000244140625,269.69000244140625,270.3699951171875,3659000.0,265.87371826171875
2019-01-31,271.739990234375,268.989990234375,270.4800109863281,270.20001220703125,4055100.0,265.70654296875
2019-02-01,269.3900146484375,266.0299987792969,268.4700012207031,268.7200012207031,3946800.0,264.2510986328125
2019-02-04,268.69000244140625,264.2699890136719,268.30999755859375,268.2099914550781,3398900.0,263.7496032714844
2019-02-05,272.0899963378906,265.8399963378906,270.1199951171875,266.30999755859375,3597000.0,261.8811950683594
2019-02-06,269.92999267578125,264.9800109863281,265.1400146484375,269.5,2570000.0,265.0181579589844
2019-02-07,270.5799865722656,267.260009765625,268.6400146484375,269.0,2458200.0,264.5264587402344
2019-02-08,268.70001220703125,260.32000732421875,267.5,261.8999938964844,4547000.0,257.5445556640625
2019-02-11,261.17999267578125,256.3399963378906,261.1700134277344,257.1400146484375,4856200.0,252.86373901367188
2019-02-12,264.0,256.9200134277344,259.2200012207031,263.5,4327900.0,259.1179504394531
2019-02-13,266.2900085449219,263.1499938964844,263.5199890136719,263.79998779296875,3066400.0,259.4129333496094
2019-02-14,267.07000732421875,262.7099914550781,263.239990234375,265.3299865722656,3015300.0,260.9175109863281
2019-02-15,271.1300048828125,266.6199951171875,267.7900085449219,271.1300048828125,3673700.0,266.6210632324219
2019-02-19,272.489990234375,269.2799987792969,271.1700134277344,270.4100036621094,2486700.0,265.9130554199219
2019-02-20,270.5899963378906,268.17999267578125,269.2099914550781,269.510009765625,2802800.0,265.0280456542969
2019-02-21,269.94000244140625,265.1000061035156,269.4700012207031,266.3999938964844,2554300.0,261.9696960449219
2019-02-22,268.3900146484375,265.95001220703125,266.5,267.1099853515625,3191100.0,262.66790771484375
2019-02-25,268.1700134277344,264.3800048828125,267.5799865722656,264.6000061035156,3679100.0,260.19964599609375
2019-02-26,265.42999267578125,262.79998779296875,264.6600036621094,262.9800109863281,3212900.0,258.6065979003906
2019-02-27,261.6099853515625,248.94000244140625,261.6099853515625,250.0800018310547,8952900.0,245.921142578125
2019-02-28,251.9499969482422,239.14999389648438,249.6999969482422,242.22000122070312,11034300.0,238.1918487548828
2019-03-01,248.0,243.55999755859375,243.55999755859375,246.14999389648438,6921300.0,242.0564727783203
2019-03-04,248.4499969482422,234.50999450683594,248.1199951171875,236.02000427246094,8646300.0,232.09495544433594
2019-03-05,243.1999969482422,234.94000244140625,236.52999877929688,241.42999267578125,6924500.0,237.4149627685547
2019-03-06,241.74000549316406,237.02999877929688,241.74000549316406,239.07000732421875,4878700.0,235.09423828125
2019-03-07,241.17999267578125,235.5500030517578,240.3000030517578,236.6999969482422,5033500.0,232.7636260986328
2019-03-08,239.41000366210938,234.63999938964844,235.14999389648438,237.2899932861328,4921700.0,234.2344512939453
2019-03-11,244.02000427246094,236.4199981689453,239.2100067138672,243.14999389648438,4539600.0,240.01898193359375
2019-03-12,247.47999572753906,243.74000549316406,244.9499969482422,245.8800048828125,4235800.0,242.71385192871094
2019-03-13,252.75999450683594,247.0800018310547,247.9600067138672,252.25,4881600.0,249.00181579589844
2019-03-14,255.05999755859375,252.33999633789062,253.0,253.27000427246094,3865200.0,250.00868225097656
2019-03-15,254.74000549316406,249.94000244140625,254.33999633789062,251.39999389648438,6466200.0,248.1627655029297
2019-03-18,255.30999755859375,250.4199981689453,252.66000366210938,255.0,3927400.0,251.71641540527344
2019-03-19,259.25,255.13999938964844,255.9499969482422,257.1300048828125,4164800.0,253.81898498535156
2019-03-20,257.69000244140625,249.97000122070312,257.42999267578125,250.5,4193500.0,247.27435302734375
2019-03-21,252.9600067138672,248.66000366210938,249.19000244140625,252.02000427246094,2699700.0,248.7747802734375
2019-03-22,251.1999969482422,246.99000549316406,250.57000732421875,247.08999633789062,3777900.0,243.90826416015625
2019-03-25,247.4199981689453,240.77999877929688,247.4199981689453,246.86000061035156,4110900.0,243.6812286376953
2019-03-26,247.88999938964844,241.72000122070312,247.25999450683594,243.38999938964844,4416200.0,240.25592041015625
2019-03-27,245.67999267578125,238.16000366210938,242.94000244140625,241.7100067138672,4819200.0,238.59754943847656
2019-03-28,242.85000610351562,238.88999938964844,242.58999633789062,242.22999572753906,3601500.0,239.11083984375
2019-03-29,247.75999450683594,241.8699951171875,244.2899932861328,247.25999450683594,4294200.0,244.07608032226562
2019-04-01,250.1999969482422,243.05999755859375,249.7100067138672,245.5399932861328,4809500.0,242.3782196044922
2019-04-02,246.39999389648438,242.8000030517578,245.50999450683594,244.41000366210938,4057100.0,241.2627716064453
2019-04-03,247.5399932861328,244.58999633789062,246.30999755859375,245.83999633789062,2851400.0,242.6743621826172
2019-04-04,249.11000061035156,244.63999938964844,245.47999572753906,247.38999938964844,2255500.0,244.20440673828125
2019-04-05,249.30999755859375,245.1699981689453,248.9499969482422,248.77999877929688,3343000.0,245.57650756835938
2019-04-08,249.67999267578125,246.30999755859375,249.67999267578125,248.75,2195400.0,245.54689025878906
2019-04-09,249.94000244140625,245.9499969482422,247.57000732421875,248.7899932861328,2903800.0,245.5863800048828
2019-04-10,249.8699951171875,245.52000427246094,248.77999877929688,246.02999877929688,2753700.0,242.86190795898438
2019-04-11,246.9199981689453,232.67999267578125,246.0500030517578,235.4199981689453,8223400.0,232.38853454589844
2019-04-12,236.77999877929688,220.77000427246094,236.5,223.22000122070312,13979400.0,220.3456268310547
2019-04-15,230.97000122070312,224.41000366210938,225.77000427246094,230.1999969482422,10021800.0,227.23573303222656
2019-04-16,238.00999450683594,215.82000732421875,238.00999450683594,220.9600067138672,27361400.0,218.11476135253906
2019-04-17,224.24000549316406,208.07000732421875,223.7899932861328,216.83999633789062,22101400.0,214.04779052734375
2019-04-18,223.0,214.2100067138672,217.13999938964844,221.75,13927200.0,218.89456176757812
2019-04-22,227.55999755859375,221.5,224.0,227.11000061035156,11191800.0,224.185546875
2019-04-23,231.94000244140625,226.10000610351562,228.25,230.5800018310547,10261400.0,227.61087036132812
2019-04-24,231.6300048828125,227.75,230.08999633789062,230.35000610351562,6104100.0,227.38381958007812
2019-04-25,232.1199951171875,228.1300048828125,228.52999877929688,230.7899932861328,5954500.0,227.81814575195312
2019-04-26,237.11000061035156,231.19000244140625,232.13999938964844,237.0,6186200.0,233.9481964111328
2019-04-29,238.05999755859375,234.16000366210938,237.39999389648438,237.4499969482422,5345300.0,234.39239501953125
2019-04-30,238.0800018310547,230.19000244140625,238.0800018310547,233.07000732421875,7632300.0,230.0688018798828
2019-05-01,234.6199951171875,230.35000610351562,233.07000732421875,231.9499969482422,4823200.0,228.9632110595703
2019-05-02,233.33999633789062,228.0800018310547,230.89999389648438,232.4499969482422,5499200.0,229.456787109375
2019-05-03,233.89999389648438,227.17999267578125,232.83999633789062,231.9499969482422,4323100.0,228.9632110595703
2019-05-06,240.57000732421875,227.5,228.1699981689453,240.5,7180200.0,237.4031219482422
2019-05-07,243.14999389648438,236.39999389648438,239.19000244140625,238.0500030517578,5104700.0,234.98468017578125
2019-05-08,240.80999755859375,235.52999877929688,238.0,239.14999389648438,3768400.0,236.07049560546875
2019-05-09,240.5399932861328,235.6699981689453,236.60000610351562,237.97000122070312,4299500.0,234.9056854248047
2019-05-10,242.6199951171875,236.3699951171875,239.97000122070312,240.58999633789062,4374400.0,237.49197387695312
2019-05-13,240.10000610351562,236.1999969482422,236.4499969482422,239.5500030517578,4684400.0,236.46536254882812
2019-05-14,240.99000549316406,236.27999877929688,240.63999938964844,236.42999267578125,5329700.0,233.38552856445312
2019-05-15,237.52999877929688,232.6199951171875,235.0,236.0800018310547,5099700.0,233.04005432128906
2019-05-16,240.4499969482422,235.72000122070312,235.88999938964844,236.7899932861328,4456400.0,233.74087524414062
2019-05-17,242.44000244140625,235.64999389648438,236.1699981689453,241.3800048828125,4486400.0,238.27178955078125
2019-05-20,246.74000549316406,239.77000427246094,240.0,245.99000549316406,5390800.0,242.8224334716797
2019-05-21,251.17999267578125,246.8000030517578,247.00999450683594,249.94000244140625,5345300.0,246.72157287597656
2019-05-22,251.02999877929688,248.7100067138672,249.10000610351562,249.33999633789062,4038000.0,246.12928771972656
2019-05-23,248.14999389648438,244.38999938964844,247.97999572753906,246.5,3934600.0,243.32586669921875
2019-05-24,249.36000061035156,245.50999450683594,247.25,247.6300048828125,2973900.0,244.44131469726562
2019-05-28,249.3000030517578,241.97999572753906,248.5,242.05999755859375,6172700.0,238.9430389404297
2019-05-29,243.02999877929688,237.89999389648438,239.85000610351562,242.39999389648438,3958400.0,239.2786407470703
2019-05-30,245.35000610351562,241.33999633789062,241.9199981689453,243.5,2646600.0,240.36448669433594
2019-05-31,243.6199951171875,239.47999572753906,241.9499969482422,241.8000030517578,3285700.0,238.68638610839844
2019-06-03,243.8000030517578,236.02000427246094,241.49000549316406,236.55999755859375,4999400.0,233.5138397216797
2019-06-04,241.0500030517578,234.8300018310547,238.1300048828125,240.75999450683594,4992000.0,237.65975952148438
2019-06-05,245.7899932861328,241.22999572753906,243.1699981689453,242.77000427246094,3194400.0,239.64390563964844
2019-06-06,243.94000244140625,241.72999572753906,243.1300048828125,241.82000732421875,2630100.0,238.7061309814453
2019-06-07,247.07000732421875,242.19000244140625,242.89999389648438,246.77000427246094,2837400.0,243.59239196777344
2019-06-10,249.6699981689453,245.99000549316406,247.0800018310547,248.13999938964844,2331000.0,244.9447479248047
2019-06-11,250.69000244140625,245.72999572753906,248.52000427246094,245.8699951171875,3043000.0,242.7039794921875
2019-06-12,246.5,242.3000030517578,246.1999969482422,244.5,3251800.0,241.3516082763672
2019-06-13,245.33999633789062,243.1199951171875,244.82000732421875,244.9600067138672,3107800.0,241.80569458007812
2019-06-14,246.10000610351562,242.7899932861328,244.72000122070312,245.3699951171875,2165500.0,243.28302001953125
2019-06-17,247.10000610351562,245.22000122070312,246.0,245.97000122070312,2270300.0,243.87791442871094
2019-06-18,249.33999633789062,245.14999389648438,247.5,245.6999969482422,3482500.0,243.61021423339844
2019-06-19,251.3699951171875,245.50999450683594,246.0,250.19000244140625,4204600.0,248.06202697753906
2019-06-20,252.82000732421875,247.39999389648438,251.60000610351562,247.75999450683594,3800800.0,245.65269470214844
2019-06-21,253.49000549316406,246.89999389648438,248.77999877929688,252.27999877929688,6323500.0,250.13424682617188
2019-06-24,252.6300048828125,247.86000061035156,251.3300018310547,249.63999938964844,3163800.0,247.51669311523438
2019-06-25,251.0399932861328,247.4199981689453,249.3000030517578,247.66000366210938,3182700.0,245.5535430908203
2019-06-26,248.0800018310547,243.1300048828125,248.0,243.47000122070312,3852900.0,241.39918518066406
2019-06-27,248.14999389648438,243.16000366210938,244.25999450683594,246.33999633789062,3366200.0,244.24478149414062
2019-06-28,246.75,238.64999389648438,246.5,244.00999450683594,6727600.0,241.93458557128906
2019-07-01,246.1699981689453,240.72000122070312,245.9499969482422,242.63999938964844,4102700.0,240.57623291015625
2019-07-02,243.99000549316406,239.5399932861328,242.58999633789062,243.97000122070312,3863500.0,241.89492797851562
2019-07-03,247.52000427246094,244.0399932861328,244.32000732421875,245.2100067138672,2559400.0,243.1243896484375
2019-07-05,248.75999450683594,244.05999755859375,244.38999938964844,246.99000549316406,2965000.0,244.8892364501953
2019-07-08,247.97999572753906,244.8800048828125,246.41000366210938,247.83999633789062,1902500.0,245.7320098876953
2019-07-09,246.0800018310547,243.69000244140625,244.6300048828125,246.0,2774800.0,243.9076690673828
2019-07-10,249.11000061035156,245.47999572753906,246.82000732421875,247.47999572753906,2753000.0,245.37506103515625
2019-07-11,261.69000244140625,249.0500030517578,255.8000030517578,261.1600036621094,10268800.0,258.938720703125
2019-07-12,266.5199890136719,261.6300048828125,261.6300048828125,265.8999938964844,5336100.0,263.6383972167969
2019-07-15,267.6499938964844,264.25,265.05999755859375,265.9599914550781,2611400.0,263.6979064941406
2019-07-16,267.1400146484375,263.19000244140625,265.3299865722656,264.6600036621094,3121600.0,262.4089660644531
2019-07-17,268.69000244140625,263.5,264.0,266.6499938964844,3995200.0,264.38201904296875
2019-07-18,266.510009765625,257.260009765625,265.6400146484375,260.6000061035156,5827000.0,258.38348388671875
2019-07-19,262.7200012207031,256.3999938964844,261.1000061035156,256.6499938964844,4413200.0,254.46707153320312
2019-07-22,258.95001220703125,254.52999877929688,258.1400146484375,255.32000732421875,4104300.0,253.14840698242188
2019-07-23,256.1000061035156,252.02000427246094,254.47000122070312,255.00999450683594,2889300.0,252.8410186767578
2019-07-24,252.8300018310547,245.1300048828125,252.7899932861328,251.1300048828125,4864000.0,248.99403381347656
2019-07-25,252.75,248.2899932861328,251.1300048828125,248.6999969482422,3362800.0,246.58468627929688
2019-07-26,253.8800048828125,246.50999450683594,249.02000427246094,252.94000244140625,3362600.0,250.78863525390625
2019-07-29,255.3000030517578,252.33999633789062,252.83999633789062,253.82000732421875,2005500.0,251.66116333007812
2019-07-30,255.05999755859375,250.47000122070312,252.66000366210938,254.92999267578125,1908800.0,252.76170349121094
2019-07-31,257.1600036621094,248.47999572753906,256.32000732421875,249.00999450683594,3532400.0,246.8920440673828
2019-08-01,251.5800018310547,247.27999877929688,249.19000244140625,249.25,3613600.0,247.13002014160156
2019-08-02,251.57000732421875,246.10000610351562,249.69000244140625,250.0500030517578,2669900.0,247.9232177734375
2019-08-05,249.94000244140625,242.58999633789062,248.1300048828125,245.05999755859375,5812400.0,242.9756622314453
2019-08-06,248.27999877929688,243.57000732421875,245.92999267578125,248.27999877929688,3533000.0,246.16827392578125
2019-08-07,247.0399932861328,241.25999450683594,246.27000427246094,246.4499969482422,3205800.0,244.3538360595703
2019-08-08,247.6699981689453,243.3699951171875,246.19000244140625,247.6199951171875,2830700.0,245.5138702392578
2019-08-09,250.4199981689453,246.13999938964844,247.72000122070312,248.6300048828125,2535000.0,246.5153045654297
2019-08-12,247.9600067138672,243.02999877929688,246.7899932861328,243.1999969482422,2667400.0,241.13148498535156
2019-08-13,250.4600067138672,241.50999450683594,241.67999267578125,249.22000122070312,2763400.0,247.10028076171875
2019-08-14,248.41000366210938,243.00999450683594,246.72999572753906,243.1999969482422,3464300.0,241.13148498535156
2019-08-15,245.25999450683594,241.4499969482422,244.35000610351562,244.25,2513500.0,242.17254638671875
2019-08-16,247.11000061035156,244.17999267578125,245.3800048828125,245.69000244140625,2810000.0,243.60031127929688
2019-08-19,248.49000549316406,244.08999633789062,247.49000549316406,244.7100067138672,2672300.0,242.62864685058594
2019-08-20,244.60000610351562,239.9199981689453,244.2100067138672,240.16000366210938,3201300.0,238.11734008789062
2019-08-21,241.88999938964844,239.3000030517578,240.19000244140625,240.35000610351562,2761900.0,238.30572509765625
2019-08-22,240.35000610351562,232.6699981689453,240.35000610351562,232.94000244140625,4498200.0,230.95875549316406
2019-08-23,235.10000610351562,229.3800048828125,232.89999389648438,230.66000366210938,4826600.0,228.69813537597656
2019-08-26,234.55999755859375,230.4600067138672,232.52000427246094,231.0800018310547,2918300.0,229.1145782470703
2019-08-27,232.39999389648438,222.60000610351562,231.72000122070312,222.92999267578125,4988100.0,221.03387451171875
2019-08-28,229.77000427246094,220.77999877929688,222.4199981689453,227.35000610351562,4847600.0,225.4163055419922
2019-08-29,232.3000030517578,228.00999450683594,228.4199981689453,230.6199951171875,4052500.0,228.65847778320312
2019-08-30,235.0500030517578,232.2899932861328,233.6699981689453,234.0,3384100.0,232.00973510742188
2019-09-03,232.1699981689453,228.47000122070312,231.74000549316406,230.6199951171875,3382300.0,228.65847778320312
2019-09-04,232.9499969482422,226.5,231.9499969482422,226.72999572753906,4526100.0,224.8015594482422
2019-09-05,231.50999450683594,227.5800018310547,230.0,229.58999633789062,4256900.0,227.63723754882812
2019-09-06,231.9600067138672,228.58999633789062,230.1699981689453,229.0,4183200.0,227.05226135253906
2019-09-09,232.0,228.55999755859375,229.0,230.67999267578125,3895600.0,228.71795654296875
2019-09-10,234.2899932861328,230.8300018310547,231.4499969482422,232.4600067138672,4257600.0,230.4828338623047
2019-09-11,234.25,228.5800018310547,232.49000549316406,234.2100067138672,3168100.0,232.21795654296875
2019-09-12,236.39999389648438,229.6999969482422,235.0,230.10000610351562,4713700.0,228.14291381835938
2019-09-13,236.55999755859375,231.5399932861328,232.99000549316406,233.61000061035156,4523200.0,232.71533203125
2019-09-16,236.0500030517578,232.14999389648438,232.82000732421875,234.42999267578125,2973600.0,233.5321807861328
2019-09-17,233.99000549316406,231.1699981689453,233.07000732421875,232.52000427246094,2392900.0,231.62950134277344
2019-09-18,233.1300048828125,229.22999572753906,230.8000030517578,230.61000061035156,2960500.0,229.72682189941406
2019-09-19,233.9499969482422,231.22999572753906,232.0,232.85000610351562,2666700.0,231.95823669433594
2019-09-20,235.0,231.9199981689453,234.77000427246094,232.88999938964844,6220100.0,231.99807739257812
2019-09-23,230.77999877929688,228.32000732421875,229.77000427246094,228.77000427246094,3281200.0,227.89385986328125
2019-09-24,229.83999633789062,222.9199981689453,229.3800048828125,225.0,5006800.0,224.1383056640625
2019-09-25,226.5,222.1300048828125,224.27999877929688,222.1699981689453,4658000.0,221.3191375732422
2019-09-26,223.6300048828125,213.42999267578125,223.0399932861328,215.47999572753906,10444400.0,214.65475463867188
2019-09-27,218.8800048828125,215.02000427246094,218.17999267578125,215.25999450683594,4834900.0,214.4355926513672
2019-09-30,218.52999877929688,213.1199951171875,213.63999938964844,217.32000732421875,5286300.0,216.4877166748047
2019-10-01,219.19000244140625,212.0800018310547,219.19000244140625,217.2100067138672,5523600.0,216.37814331054688
2019-10-02,219.36000061035156,215.27999877929688,216.14999389648438,216.75,4921200.0,215.91989135742188
2019-10-03,216.36000061035156,213.0500030517578,215.6300048828125,215.36000061035156,3375800.0,214.53521728515625
2019-10-04,219.86000061035156,215.13999938964844,216.83999633789062,219.8000030517578,3700500.0,218.95822143554688
2019-10-07,222.52999877929688,218.99000549316406,219.0500030517578,221.24000549316406,3843200.0,220.3927001953125
2019-10-08,221.97999572753906,218.39999389648438,219.49000549316406,220.11000061035156,4817000.0,219.26702880859375
2019-10-09,223.47000122070312,220.1699981689453,221.7100067138672,222.0800018310547,4483100.0,221.2294921875
2019-10-10,224.1300048828125,217.52000427246094,218.19000244140625,223.72999572753906,5252200.0,222.87315368652344
2019-10-11,228.85000610351562,221.58999633789062,225.5399932861328,222.07000732421875,5891600.0,221.2195281982422
2019-10-14,223.33999633789062,219.89999389648438,221.6300048828125,220.58999633789062,4075300.0,219.74517822265625
2019-10-15,239.83999633789062,231.08999633789062,232.69000244140625,238.58999633789062,13397700.0,237.67625427246094
2019-10-16,237.47999572753906,234.0800018310547,236.2899932861328,236.99000549316406,5368600.0,236.08238220214844
2019-10-17,244.61000061035156,237.27000427246094,238.69000244140625,243.6699981689453,6301200.0,242.73680114746094
2019-10-18,246.41000366210938,241.75999450683594,244.4499969482422,245.33999633789062,4922100.0,244.40040588378906
2019-10-21,245.60000610351562,242.14999389648438,245.02000427246094,243.9199981689453,3029200.0,242.98583984375
2019-10-22,251.5,243.14999389648438,243.63999938964844,249.47999572753906,5660800.0,248.5245361328125
2019-10-23,251.75,246.72999572753906,248.38999938964844,247.8000030517578,3706600.0,246.85098266601562
2019-10-24,248.49000549316406,243.91000366210938,248.02999877929688,244.50999450683594,2546900.0,243.57357788085938
2019-10-25,246.0800018310547,242.14999389648438,243.91000366210938,244.91000366210938,2814900.0,243.9720458984375
2019-10-28,248.38999938964844,244.9199981689453,245.25999450683594,247.0500030517578,2957100.0,246.10385131835938
2019-10-29,253.1999969482422,246.30999755859375,247.0399932861328,252.2899932861328,3528900.0,251.3237762451172
2019-10-30,255.27999877929688,251.97999572753906,252.1699981689453,254.8000030517578,3299200.0,253.8241729736328
2019-10-31,255.72000122070312,249.91000366210938,254.3800048828125,252.6999969482422,3960300.0,251.73220825195312
2019-11-01,256.3299865722656,252.16000366210938,253.99000549316406,252.2100067138672,2919600.0,251.2440948486328
2019-11-04,253.8300018310547,249.91000366210938,253.6300048828125,251.25,3186400.0,250.2877655029297
2019-11-05,254.27000427246094,250.08999633789062,253.74000549316406,250.3000030517578,5393200.0,249.34141540527344
2019-11-06,251.99000549316406,249.08999633789062,249.7100067138672,250.52000427246094,3668600.0,249.56056213378906
2019-11-07,256.75,251.25999450683594,251.9499969482422,256.4599914550781,3646300.0,255.47781372070312
2019-11-08,258.3399963378906,255.0,256.7699890136719,256.9700012207031,2200300.0,255.98587036132812
2019-11-11,256.4599914550781,253.3300018310547,255.0500030517578,254.08999633789062,1765600.0,253.11688232421875
2019-11-12,255.75999450683594,253.41000366210938,253.58999633789062,255.25,1892500.0,254.27244567871094
2019-11-13,256.8800048828125,253.19000244140625,254.8699951171875,253.57000732421875,3289800.0,252.59889221191406
2019-11-14,256.0799865722656,253.47000122070312,253.8000030517578,255.8300018310547,2101900.0,254.85023498535156
2019-11-15,275.57000732421875,255.36000061035156,256.1099853515625,269.3999938964844,10136000.0,268.3682556152344
2019-11-18,278.45001220703125,269.0,269.0,272.92999267578125,6985200.0,271.8847351074219
2019-11-19,275.3599853515625,271.54998779296875,275.239990234375,274.2300109863281,4002000.0,273.1797790527344
2019-11-20,276.0299987792969,271.239990234375,272.25,275.55999755859375,4141600.0,274.5046691894531
2019-11-21,277.67999267578125,273.9100036621094,275.2200012207031,276.54998779296875,3309800.0,275.4908752441406
2019-11-22,277.7699890136719,275.0,276.5299987792969,276.8399963378906,2802700.0,275.7797546386719
2019-11-25,283.0,277.010009765625,277.7799987792969,282.6700134277344,4082900.0,281.58746337890625
2019-11-26,282.25,280.1600036621094,280.7099914550781,281.3999938964844,2998600.0,280.3222961425781
2019-11-27,281.92999267578125,278.69000244140625,281.010009765625,280.6700134277344,2323900.0,279.5951232910156
2019-11-29,280.9200134277344,277.3299865722656,278.1000061035156,279.8699951171875,1520900.0,278.79815673828125
2019-12-02,282.0,278.57000732421875,281.7799987792969,279.6600036621094,2517100.0,278.5889587402344
2019-12-03,278.4200134277344,273.8500061035156,276.9700012207031,276.8999938964844,3239200.0,275.83953857421875
2019-12-04,281.8399963378906,278.6400146484375,281.6199951171875,279.32000732421875,2694200.0,278.2502746582031
2019-12-05,282.82000732421875,277.4800109863281,279.239990234375,282.0,3357300.0,280.9200134277344
2019-12-06,283.0400085449219,279.1099853515625,282.8399963378906,280.19000244140625,2828900.0,280.19000244140625
2019-12-09,280.8699951171875,277.4200134277344,280.7699890136719,277.5400085449219,2697100.0,277.5400085449219
2019-12-10,279.6000061035156,274.010009765625,277.6000061035156,279.5199890136719,2515300.0,279.5199890136719
2019-12-11,280.6600036621094,278.0299987792969,278.29998779296875,280.5,2751300.0,280.5
2019-12-12,283.989990234375,280.0400085449219,281.0299987792969,283.6099853515625,2996200.0,283.6099853515625
2019-12-13,287.80999755859375,284.1199951171875,284.9700012207031,285.4800109863281,3599300.0,285.4800109863281
2019-12-16,295.44000244140625,287.05999755859375,287.9700012207031,292.0299987792969,4663600.0,292.0299987792969
2019-12-17,292.7799987792969,289.1700134277344,291.239990234375,290.4700012207031,4409100.0,290.4700012207031
2019-12-18,294.8599853515625,290.989990234375,291.0,292.8999938964844,3621600.0,292.8999938964844
2019-12-19,297.20001220703125,293.6199951171875,295.0,294.6199951171875,2905900.0,294.6199951171875
2019-12-20,300.0,292.510009765625,298.8999938964844,292.5899963378906,6608300.0,292.5899963378906
2019-12-23,295.8500061035156,292.80999755859375,293.42999267578125,295.0899963378906,2098900.0,295.0899963378906
2019-12-24,295.8299865722656,293.55999755859375,295.260009765625,294.5400085449219,714000.0,294.5400085449219
2019-12-26,296.260009765625,294.5400085449219,295.29998779296875,295.6499938964844,1050600.0,295.6499938964844
2019-12-27,296.5400085449219,295.010009765625,296.010009765625,295.9700012207031,1547100.0,295.9700012207031
2019-12-30,296.5400085449219,293.45001220703125,296.04998779296875,293.8500061035156,1511700.0,293.8500061035156
2019-12-31,294.0899963378906,291.1499938964844,293.6600036621094,293.9800109863281,2224200.0,293.9800109863281
2020-01-02,295.70001220703125,289.7900085449219,293.9800109863281,292.5,2543400.0,292.5
2020-01-03,291.8800048828125,284.3599853515625,287.2699890136719,289.5400085449219,2711400.0,289.5400085449219
2020-01-06,291.6600036621094,287.2200012207031,288.0,291.54998779296875,3079100.0,291.54998779296875
2020-01-07,291.489990234375,287.5799865722656,290.70001220703125,289.7900085449219,2492900.0,289.7900085449219
2020-01-08,297.3800048828125,290.0400085449219,291.5,295.8999938964844,3379200.0,295.8999938964844
2020-01-09,297.20001220703125,293.7200012207031,294.2900085449219,294.2200012207031,2838200.0,294.2200012207031
2020-01-10,296.07000732421875,292.2099914550781,296.07000732421875,295.1300048828125,2477900.0,295.1300048828125
2020-01-13,294.45001220703125,285.0199890136719,294.3699951171875,285.8500061035156,6994900.0,285.8500061035156
2020-01-14,288.239990234375,284.25,285.6000061035156,288.239990234375,6056300.0,288.239990234375
2020-01-15,299.6400146484375,289.0,289.0199890136719,296.4100036621094,6081300.0,296.4100036621094
2020-01-16,300.989990234375,295.92999267578125,298.0,300.739990234375,3710300.0,300.739990234375
2020-01-17,300.70001220703125,295.8800048828125,300.010009765625,298.4700012207031,4632200.0,298.4700012207031
2020-01-21,302.5400085449219,296.010009765625,296.8900146484375,300.5299987792969,4962800.0,300.5299987792969
2020-01-22,302.1300048828125,297.3500061035156,301.989990234375,300.5899963378906,3117600.0,300.5899963378906
2020-01-23,300.5799865722656,296.6499938964844,300.010009765625,299.4599914550781,3169600.0,299.4599914550781
2020-01-24,299.92999267578125,291.55999755859375,298.3399963378906,292.80999755859375,3678500.0,292.80999755859375
2020-01-27,288.0799865722656,280.07000732421875,288.0,284.0899963378906,4399400.0,284.0899963378906
2020-01-28,288.3699951171875,283.29998779296875,283.9100036621094,285.8699951171875,4341000.0,285.8699951171875
2020-01-29,286.19000244140625,280.8900146484375,284.0,282.8999938964844,3963800.0,282.8999938964844
2020-01-30,281.8399963378906,275.9200134277344,281.8399963378906,280.9800109863281,4211800.0,280.9800109863281
2020-01-31,278.7799987792969,271.17999267578125,278.1700134277344,272.45001220703125,5532600.0,272.45001220703125
