Date,High,Low,Open,Close,Volume,Adj Close
2017-01-30,109.5999984741211,108.25,109.30999755859375,109.16999816894531,2909900.0,101.99851989746094
2017-01-31,109.80999755859375,108.38999938964844,109.04000091552734,109.66999816894531,3945700.0,102.4656753540039
2017-02-01,109.91000366210938,107.9000015258789,109.62999725341797,108.18000030517578,4670100.0,101.07357025146484
2017-02-02,108.68000030517578,106.8499984741211,108.08000183105469,108.36000061035156,4714500.0,101.24173736572266
2017-02-03,109.77999877929688,108.5,108.52999877929688,109.6500015258789,3411200.0,102.4469985961914
2017-02-06,111.25,109.68000030517578,109.80999755859375,110.68000030517578,4229600.0,103.40933227539062
2017-02-07,111.7300033569336,110.97000122070312,111.37999725341797,111.25,2774400.0,103.94189453125
2017-02-08,111.08999633789062,110.3499984741211,111.08999633789062,110.4000015258789,2072300.0,103.14774322509766
2017-02-09,110.72000122070312,110.0,110.4000015258789,110.08999633789062,2654000.0,102.85810089111328
2017-02-10,111.26000213623047,110.08000183105469,110.25,111.05000305175781,2679200.0,103.7550277709961
2017-02-13,112.0999984741211,111.41999816894531,111.61000061035156,112.0199966430664,2830800.0,104.66130065917969
2017-02-14,112.31999969482422,111.44999694824219,111.98999786376953,111.56999969482422,2771900.0,104.2408676147461
2017-02-15,112.08000183105469,111.05999755859375,111.12999725341797,111.91000366210938,2625000.0,105.18074035644531
2017-02-16,112.33000183105469,111.80999755859375,112.13999938964844,112.06999969482422,2802100.0,105.33112335205078
2017-02-17,112.33000183105469,111.61000061035156,111.93000030517578,112.1500015258789,2531800.0,105.40630340576172
2017-02-21,112.80000305175781,112.04000091552734,112.19000244140625,112.5,2136900.0,105.73526000976562
2017-02-22,112.70999908447266,111.72000122070312,112.3499984741211,112.66000366210938,2205600.0,105.88565063476562
2017-02-23,112.87999725341797,111.97000122070312,112.69999694824219,112.08999633789062,3471700.0,105.34992980957031
2017-02-24,112.69000244140625,111.75,111.81999969482422,112.45999908447266,2917900.0,105.69767761230469
2017-02-27,112.97000122070312,112.02999877929688,112.58999633789062,112.80999755859375,2731400.0,106.0266342163086
2017-02-28,113.19000244140625,112.33999633789062,112.97000122070312,112.55000305175781,2942500.0,105.78225708007812
2017-03-01,114.44000244140625,113.45999908447266,113.63999938964844,113.68000030517578,5085500.0,106.84432220458984
2017-03-02,114.04000091552734,112.62999725341797,113.83000183105469,112.69000244140625,2880800.0,105.9138412475586
2017-03-03,113.43000030517578,112.16999816894531,112.69000244140625,112.33999633789062,3108300.0,105.58487701416016
2017-03-06,112.30000305175781,111.54000091552734,111.83000183105469,111.66000366210938,3772200.0,104.94576263427734
2017-03-07,112.41000366210938,111.5,111.86000061035156,112.27999877929688,2457200.0,105.52849578857422
2017-03-08,112.66000366210938,111.6500015258789,112.4800033569336,111.75,2581800.0,105.0303726196289
2017-03-09,112.33999633789062,107.05000305175781,111.87000274658203,111.93000030517578,2919800.0,105.19953918457031
2017-03-10,112.58000183105469,111.29000091552734,112.38999938964844,112.13999938964844,3220200.0,105.39690399169922
2017-03-13,112.7300033569336,111.95999908447266,112.55999755859375,112.30999755859375,2976300.0,105.55667877197266
2017-03-14,112.16999816894531,111.55000305175781,111.87999725341797,111.83000183105469,2194800.0,105.10556030273438
2017-03-15,113.30000305175781,111.87000274658203,112.12000274658203,113.08000183105469,3169100.0,106.2803955078125
2017-03-16,113.22000122070312,111.94999694824219,112.7699966430664,112.33999633789062,2933800.0,105.58487701416016
2017-03-17,113.94999694824219,112.2699966430664,112.68000030517578,113.44999694824219,7442300.0,106.62812805175781
2017-03-20,114.08000183105469,112.83000183105469,113.4000015258789,113.51000213623047,3057800.0,106.68453216552734
2017-03-21,114.1500015258789,111.9800033569336,113.66000366210938,112.16000366210938,3572100.0,105.41571807861328
2017-03-22,112.41999816894531,111.41999816894531,112.37000274658203,111.93000030517578,2127000.0,105.19953918457031
2017-03-23,112.44999694824219,111.55999755859375,111.93000030517578,111.83999633789062,2287400.0,105.11494445800781
2017-03-24,112.27999877929688,111.33000183105469,111.9800033569336,111.80000305175781,2249700.0,105.07735443115234
2017-03-27,111.93000030517578,110.44999694824219,111.08000183105469,111.83000183105469,2490800.0,105.10556030273438
2017-03-28,113.1500015258789,111.31999969482422,111.41000366210938,112.73999786376953,3257700.0,105.9608383178711
2017-03-29,112.55000305175781,111.91000366210938,112.55000305175781,112.05999755859375,1998800.0,105.32170867919922
2017-03-30,112.66000366210938,111.8499984741211,111.95999908447266,112.44999694824219,1481600.0,105.68826293945312
2017-03-31,112.62999725341797,111.8499984741211,112.5,112.20999908447266,2483700.0,105.46269989013672
2017-04-03,112.4800033569336,111.23999786376953,112.27999877929688,111.93000030517578,2123000.0,105.19953918457031
2017-04-04,113.25,112.23999786376953,112.2699966430664,112.98999786376953,2970900.0,106.19579315185547
2017-04-05,114.37999725341797,112.44999694824219,113.13999938964844,112.5,3011900.0,105.73526000976562
2017-04-06,112.93000030517578,112.19000244140625,112.56999969482422,112.41000366210938,2185700.0,105.65066528320312
2017-04-07,113.20999908447266,112.2300033569336,112.62999725341797,112.98999786376953,2064200.0,106.19579315185547
2017-04-10,113.75,112.68000030517578,112.98999786376953,112.87999725341797,2097500.0,106.09241485595703
2017-04-11,113.16999816894531,112.25,112.5,113.13999938964844,2393500.0,106.33677673339844
2017-04-12,112.81999969482422,112.13999938964844,112.77999877929688,112.23999786376953,2605100.0,105.49090576171875
2017-04-13,112.69999694824219,111.81999969482422,112.05000305175781,112.08999633789062,2260900.0,105.34992980957031
2017-04-17,113.27999877929688,112.30000305175781,112.52999877929688,113.2699966430664,3503800.0,106.45895385742188
2017-04-18,113.68000030517578,112.81999969482422,112.94999694824219,113.55999755859375,2721500.0,106.73152160644531
2017-04-19,114.26000213623047,112.70999908447266,113.94999694824219,112.91999816894531,2566700.0,106.12999725341797
2017-04-20,114.30999755859375,112.80999755859375,112.95999908447266,113.94000244140625,2472300.0,107.08868408203125
2017-04-21,115.27999877929688,114.0,114.0,114.98999786376953,5658900.0,108.07553100585938
2017-04-24,116.58999633789062,115.7300033569336,115.98999786376953,116.31999969482422,3155200.0,109.3255615234375
2017-04-25,117.30999755859375,116.41000366210938,116.76000213623047,116.87000274658203,3322100.0,109.84249877929688
2017-04-26,119.25,116.51000213623047,117.33999633789062,118.19999694824219,5102700.0,111.0925064086914
2017-04-27,119.2300033569336,118.0999984741211,118.36000061035156,118.77999877929688,3404500.0,111.63763427734375
2017-04-28,119.61000061035156,118.58999633789062,119.19000244140625,118.98999786376953,4477800.0,111.83501434326172
2017-05-01,119.69999694824219,118.66999816894531,119.04000091552734,118.91999816894531,2557600.0,111.76922607421875
2017-05-02,119.51000213623047,118.75,118.94999694824219,119.31999969482422,2998900.0,112.14517211914062
2017-05-03,120.45999908447266,119.0,119.30000305175781,120.30000305175781,3626100.0,113.06624603271484
2017-05-04,121.0,120.1500015258789,120.62999725341797,121.0,3177000.0,113.72415161132812
2017-05-05,121.44999694824219,120.12000274658203,120.20999908447266,121.3499984741211,2437600.0,114.05310821533203
2017-05-08,121.55000305175781,120.88999938964844,121.37000274658203,121.08000183105469,2710300.0,113.7993392944336
2017-05-09,121.94999694824219,121.0999984741211,121.45999908447266,121.45999908447266,1946000.0,114.15648651123047
2017-05-10,121.33000183105469,120.12000274658203,121.16999816894531,121.0199966430664,2132900.0,113.74293518066406
2017-05-11,121.37999725341797,119.7699966430664,120.33999633789062,121.27999877929688,2751400.0,113.9873046875
2017-05-12,121.19000244140625,120.6500015258789,121.01000213623047,120.83000183105469,2460900.0,113.56436920166016
2017-05-15,121.29000091552734,120.66999816894531,120.80000305175781,120.91999816894531,2184500.0,113.64896392822266
2017-05-16,121.4800033569336,120.79000091552734,121.08999633789062,121.4000015258789,2022300.0,114.10009002685547
2017-05-17,120.73999786376953,119.41999816894531,120.73999786376953,119.58000183105469,3357800.0,113.00389099121094
2017-05-18,119.9800033569336,117.95999908447266,119.5,119.37000274658203,2585900.0,112.80543518066406
2017-05-19,121.3499984741211,119.4000015258789,119.75,121.16000366210938,3209100.0,114.49700164794922
2017-05-22,122.05000305175781,121.44999694824219,121.55999755859375,121.66000366210938,2183100.0,114.96951293945312
2017-05-23,122.4800033569336,121.62999725341797,121.66000366210938,122.06999969482422,3404300.0,115.3569564819336
2017-05-24,122.83999633789062,121.8499984741211,122.0999984741211,122.08000183105469,2410500.0,115.36640930175781
2017-05-25,122.61000061035156,122.04000091552734,122.43000030517578,122.25,2736800.0,115.52706909179688
2017-05-26,122.44000244140625,121.58000183105469,122.30999755859375,121.8499984741211,2126200.0,115.14905548095703
2017-05-30,121.93000030517578,121.13999938964844,121.80000305175781,121.2699966430664,2665900.0,114.60095977783203
2017-05-31,121.58000183105469,121.0,121.55999755859375,121.27999877929688,4118100.0,114.61039733886719
2017-06-01,122.1500015258789,121.08000183105469,121.19999694824219,121.79000091552734,3214200.0,115.09236145019531
2017-06-02,122.8499984741211,121.70999908447266,122.06999969482422,122.12000274658203,2398100.0,115.40421295166016
2017-06-05,122.3499984741211,120.93000030517578,122.2699966430664,120.9800033569336,3202200.0,114.326904296875
2017-06-06,120.83000183105469,119.66000366210938,120.37000274658203,120.12000274658203,2987400.0,113.51420593261719
2017-06-07,120.68000030517578,119.37000274658203,120.62999725341797,119.77999877929688,1796200.0,113.19290161132812
2017-06-08,120.51000213623047,119.08000183105469,119.77999877929688,119.94000244140625,3548700.0,113.34408569335938
2017-06-09,120.81999969482422,119.81999969482422,120.16999816894531,120.63999938964844,2129200.0,114.00560760498047
2017-06-12,120.55000305175781,119.3499984741211,120.25,119.87999725341797,3064200.0,113.28738403320312
2017-06-13,120.16000366210938,119.58999633789062,119.93000030517578,120.05999755859375,2357000.0,113.4574966430664
2017-06-14,120.41000366210938,119.5999984741211,120.05999755859375,120.01000213623047,1769100.0,113.4102554321289
2017-06-15,120.91999816894531,119.79000091552734,119.83000183105469,120.75,1947600.0,114.10956573486328
2017-06-16,121.72000122070312,120.26000213623047,121.11000061035156,120.43000030517578,4540900.0,113.80714416503906
2017-06-19,122.26000213623047,121.0,121.2300033569336,121.8499984741211,3393900.0,115.14905548095703
2017-06-20,122.5199966430664,121.47000122070312,121.55999755859375,121.51000213623047,2683400.0,114.8277587890625
2017-06-21,122.19999694824219,121.48999786376953,121.97000122070312,121.75,2732400.0,115.05455017089844
2017-06-22,122.95999908447266,121.81999969482422,121.83000183105469,122.16999816894531,3016600.0,115.45144653320312
2017-06-23,122.44000244140625,121.48999786376953,122.01000213623047,122.22000122070312,3851100.0,115.49871063232422
2017-06-26,123.08999633789062,121.80999755859375,122.41000366210938,121.87000274658203,1644500.0,115.1679458618164
2017-06-27,122.13999938964844,121.51000213623047,121.91999816894531,121.58999633789062,1703100.0,114.90336608886719
2017-06-28,122.5999984741211,121.69000244140625,122.06999969482422,122.5,1801200.0,115.7633056640625
2017-06-29,122.45999908447266,120.62000274658203,122.41999816894531,121.6500015258789,2358600.0,114.96005249023438
2017-06-30,122.63999938964844,121.62000274658203,122.01000213623047,122.11000061035156,2410200.0,115.39476013183594
2017-07-03,123.1500015258789,122.05999755859375,122.61000061035156,122.08000183105469,1156200.0,115.36640930175781
2017-07-05,123.01000213623047,122.16999816894531,122.37000274658203,122.79000091552734,1738000.0,116.03736114501953
2017-07-06,123.0,121.87999725341797,122.55999755859375,121.88999938964844,3058200.0,115.18685150146484
2017-07-07,122.9000015258789,122.04000091552734,122.27999877929688,122.61000061035156,1762900.0,115.86725616455078
2017-07-10,123.73999786376953,122.3499984741211,122.7300033569336,123.05999755859375,2053100.0,116.29251098632812
2017-07-11,123.68000030517578,122.36000061035156,123.16000366210938,123.54000091552734,1953500.0,116.74612426757812
2017-07-12,124.79000091552734,123.66000366210938,124.0199966430664,123.70999908447266,2376900.0,116.90676879882812
2017-07-13,123.7300033569336,122.83999633789062,123.66999816894531,123.06999969482422,2687900.0,116.30197143554688
2017-07-14,123.63999938964844,122.79000091552734,123.44000244140625,123.41000366210938,1779500.0,116.6232681274414
2017-07-17,123.7300033569336,122.98999786376953,123.7300033569336,123.11000061035156,1842400.0,116.33976745605469
2017-07-18,122.94999694824219,121.93000030517578,122.81999969482422,122.62999725341797,1881700.0,115.88616943359375
2017-07-19,123.2300033569336,122.55000305175781,123.05000305175781,123.08000183105469,1711000.0,116.31140899658203
2017-07-20,123.29000091552734,122.30999755859375,122.86000061035156,122.44999694824219,1831400.0,115.716064453125
2017-07-21,123.5,121.86000061035156,122.29000091552734,123.48999786376953,2472500.0,116.69886016845703
2017-07-24,123.75,122.83999633789062,123.48999786376953,123.12999725341797,3679800.0,116.3586654663086
2017-07-25,122.0,119.98999786376953,121.9000015258789,120.41999816894531,4801400.0,113.79769134521484
2017-07-26,120.56999969482422,119.29000091552734,120.41999816894531,119.54000091552734,2993900.0,112.96610260009766
2017-07-27,119.41999816894531,117.8499984741211,119.37000274658203,118.69000244140625,4257300.0,112.162841796875
2017-07-28,119.44999694824219,118.29000091552734,118.79000091552734,118.87000274658203,2150800.0,112.33293914794922
2017-07-31,119.33999633789062,118.44000244140625,119.16000366210938,118.56999969482422,2172300.0,112.04944610595703
2017-08-01,119.25,118.36000061035156,119.0,118.87999725341797,1553300.0,112.3423843383789
2017-08-02,120.38999938964844,118.66000366210938,118.80000305175781,120.3499984741211,2339400.0,113.7315444946289
2017-08-03,121.11000061035156,119.86000061035156,120.37999725341797,121.0999984741211,2031200.0,114.44029998779297
2017-08-04,121.66000366210938,120.6500015258789,121.22000122070312,121.48999786376953,1803600.0,114.80885314941406
2017-08-07,119.75,117.86000061035156,119.30999755859375,118.5199966430664,4975700.0,112.00218963623047
2017-08-08,118.98999786376953,118.01000213623047,118.44999694824219,118.19000244140625,2766900.0,111.69033813476562
2017-08-09,118.76000213623047,117.02999877929688,118.56999969482422,117.19999694824219,3183400.0,110.7547607421875
2017-08-10,117.29000091552734,116.08999633789062,116.88999938964844,116.76000213623047,3158400.0,110.33897399902344
2017-08-11,117.76000213623047,116.3499984741211,117.0,116.88999938964844,2090900.0,110.46182250976562
2017-08-14,117.55000305175781,116.94000244140625,117.30000305175781,117.1500015258789,1856000.0,110.70751953125
2017-08-15,117.12000274658203,115.70999908447266,117.12000274658203,115.95999908447266,2285100.0,109.58296203613281
2017-08-16,118.0999984741211,115.81999969482422,115.91999816894531,118.0,3452400.0,112.1880111694336
2017-08-17,117.77999877929688,116.08000183105469,117.77999877929688,116.0999984741211,2721900.0,110.38160705566406
2017-08-18,116.2699966430664,115.3499984741211,116.04000091552734,115.4800033569336,2760400.0,109.79212951660156
2017-08-21,115.69999694824219,114.68000030517578,115.62000274658203,115.27999877929688,1913200.0,109.60198974609375
2017-08-22,115.83000183105469,115.02999877929688,115.58000183105469,115.69000244140625,2406500.0,109.99179077148438
2017-08-23,118.87000274658203,114.93000030517578,115.41000366210938,117.02999877929688,6203500.0,111.26578521728516
2017-08-24,117.20999908447266,114.94999694824219,117.20999908447266,115.30000305175781,4331000.0,109.62100982666016
2017-08-25,116.08999633789062,115.0199966430664,115.77999877929688,115.06999969482422,2246100.0,109.40232849121094
2017-08-28,115.77999877929688,115.19000244140625,115.29000091552734,115.33000183105469,3479900.0,109.64952087402344
2017-08-29,118.73999786376953,114.44000244140625,115.05999755859375,118.69999694824219,5572900.0,112.85353088378906
2017-08-30,119.86000061035156,118.30999755859375,118.94999694824219,119.5999984741211,5214300.0,113.7092056274414
2017-08-31,120.19000244140625,118.80999755859375,119.62999725341797,119.72000122070312,3979000.0,113.82330322265625
2017-09-01,120.16000366210938,117.81999969482422,119.73999786376953,117.91999816894531,2644700.0,112.11195373535156
2017-09-05,115.9000015258789,111.12999725341797,115.58999633789062,111.20999908447266,14218200.0,105.7324447631836
2017-09-06,111.08999633789062,109.0999984741211,111.0,109.61000061035156,9189100.0,104.21125793457031
2017-09-07,110.06999969482422,109.0999984741211,109.61000061035156,109.9800033569336,5153100.0,104.56303405761719
2017-09-08,110.33999633789062,109.3499984741211,110.11000061035156,109.55000305175781,4404100.0,104.15421295166016
2017-09-11,110.7300033569336,109.27999877929688,110.01000213623047,109.63999938964844,5623200.0,104.23977661132812
2017-09-12,110.30999755859375,109.69999694824219,110.06999969482422,109.86000061035156,3966400.0,104.4489517211914
2017-09-13,110.47000122070312,109.80999755859375,110.1500015258789,110.27999877929688,3820900.0,104.84825897216797
2017-09-14,113.27999877929688,110.0999984741211,110.2699966430664,113.13999938964844,7032800.0,107.56739044189453
2017-09-15,113.91999816894531,112.7300033569336,113.7300033569336,113.08000183105469,6529600.0,107.51034545898438
2017-09-18,113.63999938964844,112.6500015258789,113.4000015258789,112.7699966430664,4039600.0,107.21560668945312
2017-09-19,113.6500015258789,112.76000213623047,113.0,113.6500015258789,3328400.0,108.05226135253906
2017-09-20,114.2300033569336,113.22000122070312,113.2300033569336,114.0999984741211,3435300.0,108.4801025390625
2017-09-21,114.83000183105469,113.56999969482422,114.18000030517578,114.5,2565200.0,108.86040496826172
2017-09-22,115.12000274658203,114.12999725341797,114.41999816894531,115.01000213623047,2833400.0,109.34528350830078
2017-09-25,115.0,113.70999908447266,114.91999816894531,114.29000091552734,3700100.0,108.6607437133789
2017-09-26,115.01000213623047,114.2300033569336,114.58000183105469,114.72000122070312,4020200.0,109.06956481933594
2017-09-27,117.45999908447266,114.83999633789062,114.86000061035156,117.18000030517578,5575500.0,111.40840911865234
2017-09-28,117.04000091552734,115.37999725341797,116.98999786376953,115.83999633789062,6029200.0,110.1343994140625
2017-09-29,116.12999725341797,114.48999786376953,115.31999969482422,116.08000183105469,3270400.0,110.36258697509766
2017-10-02,117.6500015258789,115.94000244140625,116.13999938964844,117.58000183105469,2330800.0,111.78870391845703
2017-10-03,118.0,117.27999877929688,118.0,117.70999908447266,2211100.0,111.91230010986328
2017-10-04,118.22000122070312,117.5199966430664,117.87000274658203,117.62999725341797,2799900.0,111.83623504638672
2017-10-05,118.33000183105469,117.44000244140625,117.62999725341797,118.16999816894531,2676500.0,112.34963989257812
2017-10-06,118.27999877929688,117.5999984741211,117.9000015258789,118.2300033569336,1790100.0,112.40669250488281
2017-10-09,118.87999725341797,118.08999633789062,118.29000091552734,118.62999725341797,1749500.0,112.7869873046875
2017-10-10,118.81999969482422,117.75,118.61000061035156,118.12000274658203,2664600.0,112.30210876464844
2017-10-11,118.5999984741211,117.43000030517578,118.30999755859375,117.75,3085900.0,111.95032501220703
2017-10-12,118.93000030517578,117.62999725341797,117.66999816894531,118.81999969482422,2375600.0,112.96761322021484
2017-10-13,119.94999694824219,118.72000122070312,119.06999969482422,118.72000122070312,3472500.0,112.87255859375
2017-10-16,119.5,118.4000015258789,118.83999633789062,119.01000213623047,2163600.0,113.14826965332031
2017-10-17,119.37000274658203,118.18000030517578,118.62999725341797,119.36000061035156,2026500.0,113.48103332519531
2017-10-18,119.5,118.5999984741211,119.5,119.18000030517578,1855600.0,113.30988311767578
2017-10-19,119.52999877929688,118.22000122070312,119.0999984741211,119.48999786376953,1631700.0,113.60462188720703
2017-10-20,120.93000030517578,119.76000213623047,119.95999908447266,120.93000030517578,2514700.0,114.97370910644531
2017-10-23,121.18000030517578,120.47000122070312,120.76000213623047,120.88999938964844,2577600.0,114.9356689453125
2017-10-24,123.27999877929688,118.94999694824219,119.94999694824219,119.73999786376953,5432500.0,113.84231567382812
2017-10-25,120.29000091552734,118.87000274658203,119.70999908447266,118.98999786376953,3687300.0,113.1292495727539
2017-10-26,120.06999969482422,119.0,119.44999694824219,119.93000030517578,3380800.0,114.02294921875
2017-10-27,119.94999694824219,118.95999908447266,119.62000274658203,119.06999969482422,2852800.0,113.20531463623047
2017-10-30,120.52999877929688,118.8499984741211,119.41000366210938,119.83000183105469,4432400.0,113.9278793334961
2017-10-31,120.23999786376953,119.5,120.04000091552734,119.76000213623047,3440600.0,113.86132049560547
2017-11-01,121.0,119.93000030517578,120.55000305175781,120.12000274658203,2690600.0,114.20359802246094
2017-11-02,121.51000213623047,119.70999908447266,120.08999633789062,121.45999908447266,1963100.0,115.47758483886719
2017-11-03,121.75,120.37999725341797,121.75,121.06999969482422,2405700.0,115.10679626464844
2017-11-06,121.45999908447266,120.37000274658203,121.26000213623047,120.38999938964844,2415600.0,114.46031188964844
2017-11-07,121.45999908447266,120.37999725341797,120.66999816894531,120.75,1853600.0,114.80256652832031
2017-11-08,120.98999786376953,120.01000213623047,120.5199966430664,120.27999877929688,2011000.0,114.355712890625
2017-11-09,120.3499984741211,118.08999633789062,120.27999877929688,118.37000274658203,2815000.0,112.539794921875
2017-11-10,118.4800033569336,118.0,118.0,118.11000061035156,3122500.0,112.29258728027344
2017-11-13,118.0,116.91999816894531,117.94999694824219,117.06999969482422,2216900.0,111.30381774902344
2017-11-14,119.0199966430664,117.0,117.06999969482422,118.80000305175781,2857900.0,112.9486083984375
2017-11-15,118.37999725341797,116.58000183105469,118.2699966430664,117.56999969482422,2628000.0,111.77920532226562
2017-11-16,118.20999908447266,117.0999984741211,117.30000305175781,117.88999938964844,2121600.0,112.75476837158203
2017-11-17,117.62999725341797,116.4800033569336,117.48999786376953,116.52999877929688,2808700.0,111.45399475097656
2017-11-20,117.18000030517578,116.30000305175781,116.83000183105469,116.37999725341797,2914900.0,111.31053161621094
2017-11-21,117.62999725341797,116.47000122070312,116.47000122070312,117.04000091552734,2493000.0,111.9417953491211
2017-11-22,117.19000244140625,116.55000305175781,117.0,116.7300033569336,2860600.0,111.64530181884766
2017-11-24,117.16000366210938,116.3499984741211,117.0,116.91000366210938,1486400.0,111.81745910644531
2017-11-27,117.22000122070312,116.44000244140625,116.81999969482422,117.12000274658203,2569500.0,112.01830291748047
2017-11-28,118.0199966430664,116.9000015258789,117.44999694824219,117.70999908447266,2733700.0,112.58260345458984
2017-11-29,118.45999908447266,117.66999816894531,117.83999633789062,118.16000366210938,2769300.0,113.01300811767578
2017-11-30,121.75,118.61000061035156,118.93000030517578,121.44999694824219,5374400.0,116.15968322753906
2017-12-01,121.94999694824219,118.79000091552734,121.66000366210938,120.12000274658203,3881800.0,114.88763427734375
2017-12-04,121.93000030517578,120.0199966430664,121.18000030517578,120.04000091552734,2756900.0,114.81111907958984
2017-12-05,122.52999877929688,120.19999694824219,121.98999786376953,120.29000091552734,3149300.0,115.05022430419922
2017-12-06,121.4000015258789,120.37000274658203,121.16000366210938,121.19999694824219,2607400.0,115.92058563232422
2017-12-07,122.83000183105469,121.05999755859375,121.31999969482422,122.4000015258789,3608300.0,117.06832122802734
2017-12-08,123.08999633789062,122.26000213623047,122.4000015258789,122.80999755859375,2999700.0,117.46044158935547
2017-12-11,123.52999877929688,122.5,122.93000030517578,123.30000305175781,3137500.0,117.92911529541016
2017-12-12,124.16000366210938,122.97000122070312,123.52999877929688,123.4800033569336,3528300.0,118.10126495361328
2017-12-13,124.70999908447266,123.27999877929688,123.5,124.30000305175781,5207100.0,118.88554382324219
2017-12-14,124.87000274658203,123.4000015258789,124.51000213623047,123.76000213623047,3033600.0,118.36907196044922
2017-12-15,126.44000244140625,124.16000366210938,124.80000305175781,126.16999816894531,6193600.0,120.67408752441406
2017-12-18,127.54000091552734,126.2699966430664,126.73999786376953,126.70999908447266,4225100.0,121.19055938720703
2017-12-19,127.20999908447266,125.62999725341797,127.20999908447266,126.77999877929688,3643100.0,121.25751495361328
2017-12-20,127.88999938964844,126.29000091552734,127.37000274658203,127.0,3270800.0,121.46793365478516
2017-12-21,127.55999755859375,126.8499984741211,127.25,127.30999755859375,3023900.0,121.7644271850586
2017-12-22,127.5999984741211,126.94999694824219,127.5199966430664,127.2300033569336,1604500.0,121.68791961669922
2017-12-26,127.94000244140625,126.98999786376953,127.44999694824219,127.13999938964844,1052700.0,121.60183715820312
2017-12-27,127.61000061035156,126.91999816894531,127.45999908447266,127.58000183105469,1810800.0,122.02266693115234
2017-12-28,128.1699981689453,127.29000091552734,127.7300033569336,128.1199951171875,1413000.0,122.53913879394531
2017-12-29,128.49000549316406,127.56999969482422,128.32000732421875,127.56999969482422,1806900.0,122.01310729980469
2018-01-02,128.8800048828125,127.16999816894531,127.9000015258789,128.16000366210938,3095400.0,122.57740783691406
2018-01-03,130.1999969482422,129.32000732421875,129.49000549316406,130.0399932861328,5008800.0,124.37550354003906
2018-01-04,130.8699951171875,130.1999969482422,130.82000732421875,130.4499969482422,3663100.0,124.76765441894531
2018-01-05,132.36000061035156,130.4600067138672,131.10000610351562,131.57000732421875,3672400.0,125.83885955810547
2018-01-08,135.7899932861328,132.1999969482422,135.19000244140625,132.82000732421875,6624800.0,127.03440856933594
2018-01-09,134.4600067138672,133.02999877929688,133.32000732421875,134.27000427246094,4231900.0,128.4212646484375
2018-01-10,135.49000549316406,133.75,134.1199951171875,134.89999389648438,3282900.0,129.02381896972656
2018-01-11,136.25999450683594,134.75,134.75,134.99000549316406,4804200.0,129.10989379882812
2018-01-12,136.5800018310547,135.22999572753906,135.61000061035156,136.5800018310547,5214300.0,130.630615234375
2018-01-16,137.72999572753906,133.8699951171875,137.72999572753906,133.97000122070312,5215900.0,128.13430786132812
2018-01-17,134.9499969482422,132.9499969482422,134.66000366210938,134.4199981689453,3913800.0,128.56471252441406
2018-01-18,135.66000366210938,134.36000061035156,134.5500030517578,134.61000061035156,3208600.0,128.74644470214844
2018-01-19,135.89999389648438,134.49000549316406,135.05999755859375,135.89999389648438,3235300.0,129.98023986816406
2018-01-22,135.47000122070312,133.60000610351562,134.97000122070312,135.2100067138672,4103800.0,129.32032775878906
2018-01-23,136.47999572753906,134.5,135.82000732421875,136.02999877929688,5727600.0,130.10459899902344
2018-01-24,138.3800048828125,134.02000427246094,135.02000427246094,135.67999267578125,5542000.0,129.76983642578125
2018-01-25,138.2899932861328,136.00999450683594,136.8300018310547,137.75,4542400.0,131.74966430664062
2018-01-26,138.5,136.67999267578125,138.1699981689453,137.97999572753906,3203600.0,131.9696502685547
2018-01-29,139.24000549316406,136.50999450683594,138.0500030517578,136.6699981689453,3480400.0,130.71670532226562
2018-01-30,137.0399932861328,135.30999755859375,136.0,136.5,3571800.0,130.55410766601562
2018-01-31,138.32000732421875,136.5500030517578,137.1199951171875,138.00999450683594,5909200.0,131.99835205078125
2018-02-01,139.0,136.52000427246094,136.99000549316406,138.32000732421875,4200300.0,132.2948455810547
2018-02-02,137.94000244140625,134.39999389648438,137.44000244140625,134.61000061035156,4684700.0,128.74644470214844
2018-02-05,134.13999938964844,125.9000015258789,133.47999572753906,127.23999786376953,6913000.0,121.69747924804688
2018-02-06,129.80999755859375,123.25,124.16000366210938,129.80999755859375,8672800.0,124.15552520751953
2018-02-07,133.33999633789062,129.05999755859375,129.38999938964844,131.97000122070312,7906400.0,126.22145080566406
2018-02-08,132.36000061035156,127.37000274658203,131.85000610351562,127.4800033569336,7357500.0,121.92703247070312
2018-02-09,130.0399932861328,122.20999908447266,129.14999389648438,125.02999877929688,12116600.0,119.58374786376953
2018-02-12,128.52000427246094,123.0,123.06999969482422,127.37999725341797,9548300.0,121.83136749267578
2018-02-13,126.95999908447266,124.97000122070312,126.36000061035156,125.7699966430664,5067500.0,120.29151153564453
2018-02-14,126.80000305175781,123.94999694824219,124.9800033569336,126.69999694824219,6949700.0,121.1810073852539
2018-02-15,130.0399932861328,127.79000091552734,127.98999786376953,130.0,4556700.0,125.02801513671875
2018-02-16,131.00999450683594,128.9199981689453,129.94000244140625,129.25999450683594,4784700.0,124.31632232666016
2018-02-20,129.27000427246094,125.87999725341797,128.75,126.45999908447266,4634900.0,121.6234130859375
2018-02-21,131.2100067138672,126.4800033569336,126.7300033569336,129.25999450683594,7766100.0,124.31632232666016
2018-02-22,134.58999633789062,130.8000030517578,130.8000030517578,133.5800018310547,8072800.0,128.47108459472656
2018-02-23,134.9199981689453,131.3800048828125,134.5800018310547,133.14999389648438,4604600.0,128.0575408935547
2018-02-26,135.63999938964844,133.75999450683594,133.82000732421875,135.47000122070312,4750400.0,130.288818359375
2018-02-27,136.24000549316406,133.8800048828125,135.63999938964844,133.91000366210938,4309900.0,128.78848266601562
2018-02-28,138.5,134.0,134.1199951171875,134.74000549316406,9229700.0,129.58673095703125
2018-03-01,135.6999969482422,129.77999877929688,135.1999969482422,130.3000030517578,6331800.0,125.3165512084961
2018-03-02,130.3000030517578,128.2899932861328,129.22000122070312,129.94000244140625,5831100.0,124.9703140258789
2018-03-05,132.39999389648438,128.02000427246094,129.32000732421875,131.7100067138672,4764500.0,126.6726303100586
2018-03-06,132.3699951171875,130.32000732421875,132.1999969482422,131.61000061035156,3040200.0,126.5764389038086
2018-03-07,131.27000427246094,129.7100067138672,129.86000061035156,130.92999267578125,2969200.0,125.92243194580078
2018-03-08,132.08999633789062,129.6300048828125,131.75,131.25999450683594,3951600.0,126.23980712890625
2018-03-09,134.19000244140625,131.50999450683594,131.80999755859375,134.07000732421875,4172000.0,128.94239807128906
2018-03-12,134.6999969482422,131.10000610351562,134.6999969482422,131.5,3636700.0,126.47063446044922
2018-03-13,132.50999450683594,129.52000427246094,132.47999572753906,130.14999389648438,3860500.0,125.17228698730469
2018-03-14,130.99000549316406,128.14999389648438,130.5,129.5800018310547,3243600.0,124.62409210205078
2018-03-15,130.57000732421875,127.87000274658203,130.16000366210938,129.25,3007600.0,124.30670166015625
2018-03-16,129.83999633789062,127.77999877929688,129.22000122070312,128.3300018310547,7241800.0,123.42189025878906
2018-03-19,128.94000244140625,126.12999725341797,128.0,127.19999694824219,3819800.0,122.33512115478516
2018-03-20,128.6699981689453,126.81999969482422,127.25,127.16000366210938,2814800.0,122.29664611816406
2018-03-21,128.5,126.36000061035156,127.12999725341797,127.0,3487900.0,122.14276123046875
2018-03-22,126.94000244140625,123.91999816894531,126.05999755859375,124.06999969482422,4981900.0,119.32482147216797
2018-03-23,125.12999725341797,122.13999938964844,124.19000244140625,122.30999755859375,3862900.0,117.63212585449219
2018-03-26,126.87000274658203,123.44000244140625,123.94000244140625,126.63999938964844,11529900.0,121.79652404785156
2018-03-27,128.17999267578125,124.36000061035156,126.86000061035156,125.27999877929688,9011400.0,120.48854064941406
2018-03-28,126.02999877929688,123.9800033569336,125.91999816894531,124.44999694824219,3122100.0,119.6902847290039
2018-03-29,126.6500015258789,124.38999938964844,124.9000015258789,125.81999969482422,2837900.0,121.00788116455078
2018-04-02,126.01000213623047,121.20999908447266,125.6500015258789,123.4800033569336,6596500.0,118.75738525390625
2018-04-03,125.04000091552734,122.66999816894531,123.58999633789062,124.91000366210938,3804500.0,120.13269805908203
2018-04-04,125.88999938964844,120.66000366210938,121.12000274658203,125.7699966430664,7261200.0,120.95979309082031
2018-04-05,126.5999984741211,124.95999908447266,126.44999694824219,125.76000213623047,4078900.0,120.9501724243164
2018-04-06,125.73999786376953,122.20999908447266,124.58000183105469,122.76000213623047,4454200.0,118.0649185180664
2018-04-09,124.38999938964844,122.0999984741211,123.8499984741211,122.22000122070312,3555400.0,117.54557037353516
2018-04-10,124.31999969482422,122.33000183105469,124.04000091552734,122.95999908447266,4129200.0,118.25727081298828
2018-04-11,123.30000305175781,121.88999938964844,122.2699966430664,122.44999694824219,2620900.0,117.76676940917969
2018-04-12,123.86000061035156,122.79000091552734,123.04000091552734,123.25,3232300.0,118.53617858886719
2018-04-13,124.0,121.8499984741211,123.79000091552734,122.70999908447266,3469000.0,118.01683044433594
2018-04-16,124.02999877929688,122.83999633789062,123.9000015258789,123.80999755859375,3507400.0,119.07476043701172
2018-04-17,125.94999694824219,124.1500015258789,124.72000122070312,124.52999877929688,4203400.0,119.76724243164062
2018-04-18,125.44000244140625,124.16999816894531,125.41999816894531,124.80000305175781,4129200.0,120.02690124511719
2018-04-19,125.56999969482422,123.1500015258789,124.70999908447266,123.8499984741211,4824100.0,119.11323547363281
2018-04-20,124.87000274658203,122.5,124.87000274658203,123.08000183105469,5376900.0,118.3726806640625
2018-04-23,123.51000213623047,122.5,123.12000274658203,123.45999908447266,3280600.0,118.73815155029297
2018-04-24,127.30999755859375,120.80000305175781,126.5,122.0999984741211,8151500.0,117.43016052246094
2018-04-25,123.0,119.37000274658203,122.25,121.44999694824219,4720900.0,116.8050308227539
2018-04-26,124.23999786376953,120.81999969482422,121.5,122.81999969482422,3586000.0,118.12262725830078
2018-04-27,122.75,121.01000213623047,122.29000091552734,122.45999908447266,2901100.0,117.77639770507812
2018-04-30,122.79000091552734,120.1500015258789,122.52999877929688,120.1500015258789,4442100.0,115.55474090576172
2018-05-01,120.26000213623047,117.04000091552734,120.0,118.95999908447266,4146300.0,114.4102554321289
2018-05-02,119.80000305175781,118.18000030517578,118.95999908447266,118.5,3058100.0,113.96785736083984
2018-05-03,118.54000091552734,115.4000015258789,117.5199966430664,117.69999694824219,5074100.0,113.19844818115234
2018-05-04,120.1500015258789,116.66000366210938,117.43000030517578,119.51000213623047,6544600.0,114.9392318725586
2018-05-07,121.47000122070312,119.66999816894531,119.7699966430664,120.88999938964844,2892700.0,116.26644134521484
2018-05-08,121.83000183105469,120.68000030517578,121.0,121.79000091552734,3063500.0,117.13201904296875
2018-05-09,123.20999908447266,121.80999755859375,122.47000122070312,123.11000061035156,3551800.0,118.40153503417969
2018-05-10,124.29000091552734,123.0,123.45999908447266,124.0999984741211,2338400.0,119.35367584228516
2018-05-11,124.91000366210938,123.52999877929688,123.93000030517578,124.4800033569336,2717500.0,119.71913146972656
2018-05-14,125.63999938964844,124.29000091552734,124.38999938964844,124.9800033569336,4420400.0,120.20001983642578
2018-05-15,124.75,123.45999908447266,124.30999755859375,124.55000305175781,3384500.0,119.78646850585938
2018-05-16,125.08000183105469,124.11000061035156,125.02999877929688,124.77999877929688,3689000.0,120.0076675415039
2018-05-17,125.0199966430664,123.80000305175781,124.48999786376953,124.61000061035156,3329700.0,120.52027893066406
2018-05-18,125.41000366210938,124.16999816894531,124.58999633789062,125.19000244140625,2310100.0,121.08123779296875
2018-05-21,128.3300018310547,125.97000122070312,125.97000122070312,128.0500030517578,4701100.0,123.84738159179688
2018-05-22,129.02999877929688,127.63999938964844,128.25999450683594,127.87000274658203,3962700.0,123.67327117919922
2018-05-23,127.7300033569336,126.08999633789062,126.83999633789062,127.58000183105469,4008900.0,123.39279174804688
2018-05-24,127.8499984741211,126.5999984741211,127.30000305175781,127.4000015258789,1835300.0,123.21869659423828
2018-05-25,127.68000030517578,126.52999877929688,127.44999694824219,127.02999877929688,1730100.0,122.86084747314453
2018-05-29,126.58000183105469,124.58999633789062,126.16999816894531,125.11000061035156,2776100.0,121.00386047363281
2018-05-30,126.6500015258789,125.26000213623047,125.41999816894531,126.19999694824219,2782600.0,122.05809020996094
2018-05-31,125.91999816894531,124.2300033569336,125.77999877929688,124.81999969482422,3417400.0,120.7233657836914
2018-06-01,126.55000305175781,125.27999877929688,125.94000244140625,125.80999755859375,2679900.0,121.6808853149414
2018-06-04,127.2300033569336,126.01000213623047,126.4000015258789,126.29000091552734,3219000.0,122.14512634277344
2018-06-05,126.83000183105469,125.13999938964844,126.02999877929688,125.94999694824219,2171300.0,121.81627655029297
2018-06-06,126.81999969482422,125.8499984741211,126.56999969482422,126.81999969482422,2941600.0,122.6577377319336
2018-06-07,127.66999816894531,126.81999969482422,126.83000183105469,127.58000183105469,2513500.0,123.39279174804688
2018-06-08,127.69000244140625,126.76000213623047,126.93000030517578,127.61000061035156,2761800.0,123.42181396484375
2018-06-11,128.61000061035156,127.54000091552734,127.55000305175781,128.1699981689453,3874100.0,123.96342468261719
2018-06-12,128.75999450683594,127.3499984741211,128.6199951171875,127.8499984741211,2510800.0,123.65392303466797
2018-06-13,128.16000366210938,126.83999633789062,127.94000244140625,126.94000244140625,2806100.0,122.77381134033203
2018-06-14,127.73999786376953,126.29000091552734,127.33999633789062,126.94000244140625,3940100.0,122.77381134033203
2018-06-15,127.37000274658203,125.5,126.97000122070312,126.91000366210938,7458800.0,122.74478912353516
2018-06-18,127.58999633789062,126.08000183105469,126.55000305175781,127.48999786376953,3892400.0,123.30574035644531
2018-06-19,127.04000091552734,124.7300033569336,127.04000091552734,125.05000305175781,5816900.0,120.94583892822266
2018-06-20,125.70999908447266,124.66999816894531,125.48999786376953,125.36000061035156,3942700.0,121.24564361572266
2018-06-21,125.18000030517578,123.18000030517578,125.18000030517578,123.4800033569336,4600600.0,119.42736053466797
2018-06-22,125.13999938964844,124.11000061035156,124.5199966430664,124.87000274658203,3808000.0,120.77174377441406
2018-06-25,124.77999877929688,123.43000030517578,123.80000305175781,124.61000061035156,6310300.0,120.52027893066406
2018-06-26,126.33000183105469,124.16999816894531,124.98999786376953,125.63999938964844,5580600.0,121.51646423339844
2018-06-27,127.37000274658203,124.33999633789062,126.38999938964844,124.36000061035156,5201700.0,120.27848052978516
2018-06-28,125.01000213623047,123.4800033569336,124.02999877929688,124.5999984741211,3282500.0,120.5105972290039
2018-06-29,126.44000244140625,124.81999969482422,124.86000061035156,125.02999877929688,3810900.0,120.92647552490234
2018-07-02,125.04000091552734,123.0999984741211,123.87000274658203,125.02999877929688,4220700.0,120.92647552490234
2018-07-03,126.97000122070312,124.76000213623047,125.87000274658203,124.91999816894531,2466000.0,120.82009887695312
2018-07-05,125.91999816894531,123.63999938964844,125.91999816894531,124.94999694824219,3434200.0,120.84910583496094
2018-07-06,125.8499984741211,124.11000061035156,124.8499984741211,125.4000015258789,2306700.0,121.28434753417969
2018-07-09,126.98999786376953,125.80999755859375,126.01000213623047,126.68000030517578,3398700.0,122.52234649658203
2018-07-10,128.1699981689453,126.55999755859375,126.83999633789062,127.05999755859375,3198900.0,122.88985443115234
2018-07-11,125.81999969482422,124.22000122070312,125.81999969482422,124.87999725341797,3653900.0,120.78140258789062
2018-07-12,127.48999786376953,125.0199966430664,125.95999908447266,127.3499984741211,4612800.0,123.17034149169922
2018-07-13,129.83999633789062,127.30000305175781,127.55000305175781,129.50999450683594,4643200.0,125.25945281982422
2018-07-16,130.3000030517578,128.77999877929688,129.5399932861328,128.97999572753906,4061900.0,124.74683380126953
2018-07-17,131.0,129.17999267578125,129.17999267578125,130.7100067138672,4709700.0,126.42008209228516
2018-07-18,132.63999938964844,130.9199981689453,131.00999450683594,131.69000244140625,3756600.0,127.3678970336914
2018-07-19,131.5500030517578,130.27000427246094,131.33999633789062,130.36000061035156,2574100.0,126.08155822753906
2018-07-20,130.97999572753906,129.8800048828125,129.97000122070312,130.25999450683594,3215800.0,125.98484802246094
2018-07-23,130.1300048828125,128.8699951171875,129.88999938964844,129.3699951171875,3859600.0,125.1240463256836
2018-07-24,134.3300018310547,128.3000030517578,129.14999389648438,134.24000549316406,8117000.0,129.83419799804688
2018-07-25,134.97999572753906,132.5,133.55999755859375,134.75,5547500.0,130.3274688720703
2018-07-26,136.66000366210938,134.13999938964844,134.9199981689453,135.83999633789062,6136500.0,131.38169860839844
2018-07-27,136.5,134.33999633789062,136.5,134.52999877929688,3796000.0,130.1147003173828
2018-07-30,135.0399932861328,133.0,134.83999633789062,133.10000610351562,3695400.0,128.73162841796875
2018-07-31,135.94000244140625,134.0,134.07000732421875,135.74000549316406,5105400.0,131.2849884033203
2018-08-01,136.33999633789062,134.44000244140625,134.44000244140625,134.89999389648438,3765100.0,130.4725341796875
2018-08-02,134.67999267578125,133.3699951171875,133.97999572753906,134.1199951171875,2232800.0,129.7181396484375
2018-08-03,134.72000122070312,133.2100067138672,134.72000122070312,133.88999938964844,1946600.0,129.49569702148438
2018-08-06,134.1199951171875,132.86000061035156,133.67999267578125,133.94000244140625,1945800.0,129.5440673828125
2018-08-07,134.8699951171875,133.69000244140625,134.10000610351562,134.49000549316406,2197400.0,130.07601928710938
2018-08-08,134.92999267578125,134.10000610351562,134.50999450683594,134.7100067138672,1825500.0,130.28878784179688
2018-08-09,136.5800018310547,134.0500030517578,135.3300018310547,134.24000549316406,3274800.0,129.83419799804688
2018-08-10,133.75,132.2899932861328,133.5399932861328,133.10000610351562,2407600.0,128.73162841796875
2018-08-13,133.52000427246094,131.60000610351562,133.0399932861328,132.17999267578125,2527200.0,127.84180450439453
2018-08-14,133.0,131.97999572753906,132.69000244140625,132.4199981689453,3192800.0,128.07394409179688
2018-08-15,132.0399932861328,129.61000061035156,132.0,131.75,4564900.0,127.4259262084961
2018-08-16,133.58999633789062,132.38999938964844,132.38999938964844,133.30999755859375,4261400.0,129.62342834472656
2018-08-17,134.8000030517578,133.2899932861328,133.72000122070312,134.44000244140625,4262600.0,130.72219848632812
2018-08-20,135.42999267578125,134.47000122070312,134.9600067138672,135.13999938964844,5342400.0,131.40281677246094
2018-08-21,136.47000122070312,135.39999389648438,135.39999389648438,135.97999572753906,2235200.0,132.21958923339844
2018-08-22,135.08999633789062,133.22000122070312,135.05999755859375,133.24000549316406,3754100.0,129.5553741455078
2018-08-23,133.50999450683594,132.1999969482422,133.50999450683594,132.6199951171875,3526200.0,128.95252990722656
2018-08-24,133.4600067138672,132.61000061035156,132.61000061035156,133.36000061035156,2879600.0,129.6720428466797
2018-08-27,135.6999969482422,134.1300048828125,134.25999450683594,135.36000061035156,3033100.0,131.6167449951172
2018-08-28,136.33999633789062,134.30999755859375,136.0,134.5,2247900.0,130.78053283691406
2018-08-29,135.1199951171875,133.49000549316406,135.1199951171875,133.6199951171875,3797800.0,129.9248504638672
2018-08-30,133.5,132.2100067138672,133.30999755859375,132.58999633789062,2901700.0,128.92333984375
2018-08-31,132.55999755859375,130.99000549316406,132.1199951171875,131.6999969482422,2757500.0,128.05795288085938
2018-09-04,131.9499969482422,130.52999877929688,131.9499969482422,131.89999389648438,2928500.0,128.25242614746094
2018-09-05,132.92999267578125,131.0800018310547,131.5,132.77999877929688,2633800.0,129.10809326171875
2018-09-06,134.58999633789062,132.75999450683594,133.25999450683594,133.52000427246094,3605000.0,129.82763671875
2018-09-07,133.27000427246094,130.9499969482422,133.1300048828125,132.00999450683594,3182400.0,128.359375
2018-09-10,134.25,132.8699951171875,132.8699951171875,133.64999389648438,4197800.0,129.9540252685547
2018-09-11,134.0,132.16000366210938,133.63999938964844,133.61000061035156,2050000.0,129.91514587402344
2018-09-12,134.5,133.17999267578125,133.36000061035156,133.88999938964844,3492600.0,130.18739318847656
2018-09-13,135.5500030517578,133.97999572753906,134.27999877929688,135.52000427246094,2801000.0,131.77230834960938
2018-09-14,137.97000122070312,135.69000244140625,135.69000244140625,137.8000030517578,5488000.0,133.98927307128906
2018-09-17,138.8000030517578,137.44000244140625,137.82000732421875,137.75999450683594,4762200.0,133.9503631591797
2018-09-18,140.3300018310547,137.4600067138672,137.97999572753906,139.5800018310547,4314100.0,135.7200469970703
2018-09-19,140.8699951171875,139.14999389648438,139.16000366210938,140.5,3992700.0,136.61460876464844
2018-09-20,142.61000061035156,140.89999389648438,141.50999450683594,141.85000610351562,3875800.0,137.92726135253906
2018-09-21,144.14999389648438,141.7899932861328,143.67999267578125,142.0800018310547,7330700.0,138.15089416503906
2018-09-24,143.0,139.85000610351562,141.80999755859375,140.33999633789062,2532300.0,136.45901489257812
2018-09-25,140.74000549316406,139.39999389648438,140.19000244140625,139.7100067138672,3270400.0,135.84645080566406
2018-09-26,140.6300048828125,138.8699951171875,139.61000061035156,139.55999755859375,2368400.0,135.70059204101562
2018-09-27,140.6699981689453,138.69000244140625,140.00999450683594,139.67999267578125,1836300.0,135.8172607421875
2018-09-28,140.02999877929688,139.1300048828125,139.64999389648438,139.80999755859375,2476600.0,135.9436798095703
2018-10-01,141.50999450683594,140.25999450683594,141.14999389648438,140.9199981689453,3315900.0,137.0229949951172
2018-10-02,142.38999938964844,140.58999633789062,140.9499969482422,141.4499969482422,3699100.0,137.538330078125
2018-10-03,142.08999633789062,140.8000030517578,141.97000122070312,141.02000427246094,3437200.0,137.1202392578125
2018-10-04,141.9499969482422,139.30999755859375,141.10000610351562,140.38999938964844,3404200.0,136.50762939453125
2018-10-05,140.85000610351562,138.61000061035156,140.38999938964844,139.05999755859375,2881200.0,135.2144317626953
2018-10-08,139.63999938964844,137.42999267578125,139.02999877929688,139.58999633789062,3173500.0,135.72976684570312
2018-10-09,139.9499969482422,135.69000244140625,139.27000427246094,135.8800048828125,4768200.0,132.1223907470703
2018-10-10,135.33999633789062,131.0399932861328,135.22000122070312,131.1199951171875,5734800.0,127.49397277832031
2018-10-11,132.5399932861328,128.50999450683594,130.8699951171875,129.3699951171875,8131100.0,125.79239654541016
2018-10-12,132.10000610351562,127.62000274658203,131.19000244140625,129.6300048828125,5133100.0,126.04521179199219
2018-10-15,131.52000427246094,129.1699981689453,129.83999633789062,130.3300018310547,3258100.0,126.7258529663086
2018-10-16,132.60000610351562,129.6199951171875,130.8800048828125,132.50999450683594,3509700.0,128.84555053710938
2018-10-17,132.6300048828125,129.5399932861328,132.14999389648438,130.07000732421875,3728500.0,126.47303009033203
2018-10-18,130.77000427246094,128.08999633789062,129.60000610351562,128.94000244140625,3411000.0,125.37428283691406
2018-10-19,129.85000610351562,127.58999633789062,128.49000549316406,128.67999267578125,4574700.0,125.12146759033203
2018-10-22,128.99000549316406,125.69999694824219,128.67999267578125,126.4000015258789,5482200.0,122.90452575683594
2018-10-23,131.0399932861328,124.91000366210938,125.75,130.02000427246094,7030600.0,126.42442321777344
2018-10-24,131.2899932861328,121.75,130.22999572753906,122.06999969482422,8459700.0,118.69425964355469
2018-10-25,125.4800033569336,122.44999694824219,123.4000015258789,124.4000015258789,4720800.0,120.9598388671875
2018-10-26,125.05000305175781,121.58000183105469,122.9800033569336,123.2300033569336,4692600.0,119.82219696044922
2018-10-29,125.45999908447266,119.19000244140625,124.8499984741211,121.08999633789062,4944200.0,117.74136352539062
2018-10-30,122.80000305175781,120.4000015258789,121.06999969482422,122.62000274658203,4861800.0,119.22904968261719
2018-10-31,125.44000244140625,123.43000030517578,124.08000183105469,124.20999908447266,6150500.0,120.77508544921875
2018-11-01,127.94000244140625,125.06999969482422,125.69999694824219,127.58000183105469,5591300.0,124.05188751220703
2018-11-02,129.6300048828125,126.22000122070312,128.85000610351562,127.43000030517578,6192100.0,123.90604400634766
2018-11-05,127.87000274658203,126.44999694824219,127.4800033569336,127.25,5477000.0,123.73101806640625
2018-11-06,128.1300048828125,126.66000366210938,127.30000305175781,127.94000244140625,3254300.0,124.40193939208984
2018-11-07,130.91000366210938,128.0399932861328,128.99000549316406,130.5500030517578,5399200.0,126.93977355957031
2018-11-08,131.9600067138672,130.3699951171875,130.89999389648438,131.33999633789062,4747500.0,127.70790100097656
2018-11-09,131.4199981689453,129.69000244140625,131.38999938964844,130.7100067138672,5007100.0,127.09535217285156
2018-11-12,131.02999877929688,128.08999633789062,130.94000244140625,128.3000030517578,4197400.0,124.75198364257812
2018-11-13,130.72000122070312,128.22999572753906,128.83999633789062,129.1199951171875,3432800.0,125.54930114746094
2018-11-14,130.69000244140625,128.58999633789062,130.0500030517578,128.88999938964844,5749800.0,125.32566833496094
2018-11-15,130.60000610351562,126.6500015258789,127.20999908447266,129.72999572753906,4599000.0,126.86589813232422
2018-11-16,130.92999267578125,128.77999877929688,129.0,130.1300048828125,5184400.0,127.25707244873047
2018-11-19,130.0,127.37000274658203,130.0,127.8499984741211,4989700.0,125.02739715576172
2018-11-20,127.2300033569336,124.66000366210938,127.2300033569336,126.0,4386300.0,123.21824645996094
2018-11-21,127.44999694824219,125.68000030517578,126.29000091552734,125.70999908447266,2728700.0,122.93464660644531
2018-11-23,130.27999877929688,124.79000091552734,124.98999786376953,129.0399932861328,9726100.0,126.19111633300781
2018-11-26,132.39999389648438,127.70999908447266,129.7899932861328,127.9800033569336,10609800.0,125.15453338623047
2018-11-27,125.13999938964844,119.2300033569336,123.66999816894531,122.68000030517578,16869700.0,119.97154235839844
2018-11-28,123.48999786376953,120.06999969482422,123.25,122.7300033569336,8533600.0,120.02043914794922
2018-11-29,122.94000244140625,120.08000183105469,122.79000091552734,121.19999694824219,6155700.0,118.52422332763672
2018-11-30,122.31999969482422,120.04000091552734,120.76000213623047,121.83999633789062,9636700.0,119.15008544921875
2018-12-03,125.98999786376953,123.2699966430664,123.79000091552734,123.5999984741211,6875600.0,120.8712387084961
2018-12-04,123.43000030517578,119.30000305175781,123.22000122070312,120.87000274658203,7686500.0,118.20149993896484
2018-12-06,121.52999877929688,118.44999694824219,119.51000213623047,121.44999694824219,9333700.0,118.76869201660156
2018-12-07,122.19000244140625,119.12999725341797,121.16999816894531,119.44999694824219,7503600.0,116.8128433227539
2018-12-10,120.63999938964844,116.9000015258789,119.0199966430664,119.41000366210938,5317000.0,116.77374267578125
2018-12-11,122.12999725341797,118.63999938964844,122.0999984741211,118.93000030517578,4331800.0,116.30433654785156
2018-12-12,121.43000030517578,119.55999755859375,119.97000122070312,119.66000366210938,3087300.0,117.01822662353516
2018-12-13,120.38999938964844,118.87000274658203,120.16999816894531,119.25,5715000.0,116.61727905273438
2018-12-14,119.44999694824219,117.16999816894531,117.95999908447266,118.80000305175781,4011600.0,116.17720794677734
2018-12-17,118.87999725341797,114.73999786376953,118.73999786376953,115.30999755859375,5074500.0,112.7642593383789
2018-12-18,117.44000244140625,115.19000244140625,116.0999984741211,115.77999877929688,3778200.0,113.223876953125
2018-12-19,117.37999725341797,113.06999969482422,115.56999969482422,113.80000305175781,10447500.0,111.28759002685547
2018-12-20,113.81999969482422,108.88999938964844,113.69999694824219,109.62000274658203,14285500.0,107.19988250732422
2018-12-21,111.19999694824219,106.05999755859375,109.66999816894531,106.18000030517578,12466000.0,103.83582305908203
2018-12-24,105.73999786376953,101.94999694824219,105.37000274658203,102.05999755859375,4275400.0,99.80677795410156
2018-12-26,106.41999816894531,100.4800033569336,102.94000244140625,106.01000213623047,7112400.0,103.6695785522461
2018-12-27,105.76000213623047,101.66000366210938,102.5999984741211,105.76000213623047,6552600.0,103.42509460449219
2018-12-28,107.18000030517578,104.93000030517578,106.30000305175781,105.33999633789062,5617000.0,103.01436614990234
2018-12-31,106.4800033569336,105.23999786376953,105.5999984741211,106.4800033569336,4436300.0,104.12920379638672
2019-01-02,108.3499984741211,104.23999786376953,105.16000366210938,108.30000305175781,5891600.0,105.90901184082031
2019-01-03,108.0,103.2300033569336,107.55000305175781,103.4800033569336,5591100.0,101.19542694091797
2019-01-04,107.19999694824219,103.51000213623047,104.12000274658203,107.0199966430664,6345700.0,104.65727233886719
2019-01-07,107.41000366210938,105.54000091552734,107.05999755859375,106.97000122070312,5232600.0,104.60838317871094
2019-01-08,109.44999694824219,107.3499984741211,108.83999633789062,108.9000015258789,3745300.0,106.49577331542969
2019-01-09,109.63999938964844,108.54000091552734,109.55999755859375,109.31999969482422,4233400.0,106.90650177001953
2019-01-10,110.54000091552734,108.7300033569336,108.76000213623047,110.41000366210938,3378300.0,107.9724349975586
2019-01-11,109.9800033569336,108.62000274658203,109.55999755859375,109.94999694824219,3624800.0,107.52259063720703
2019-01-14,111.4800033569336,108.80000305175781,109.19999694824219,110.8499984741211,3177800.0,108.40271759033203
2019-01-15,111.22000122070312,109.54000091552734,110.75,111.05999755859375,2797200.0,108.60807800292969
2019-01-16,111.58999633789062,110.44999694824219,111.08999633789062,110.87000274658203,3887500.0,108.42227935791016
2019-01-17,113.5,110.30000305175781,110.37000274658203,112.7699966430664,3196500.0,110.28032684326172
2019-01-18,114.69999694824219,112.9000015258789,114.29000091552734,113.9000015258789,4636100.0,111.38539123535156
2019-01-22,113.16000366210938,110.6500015258789,113.01000213623047,111.05999755859375,5689100.0,108.60807800292969
2019-01-23,119.33999633789062,114.3499984741211,117.30000305175781,117.04000091552734,12561900.0,114.45606231689453
2019-01-24,119.3499984741211,114.54000091552734,117.75,115.55999755859375,9035200.0,113.00872802734375
2019-01-25,116.9000015258789,115.08000183105469,116.33999633789062,115.80999755859375,4641400.0,113.25321197509766
2019-01-28,115.26000213623047,113.7699966430664,115.19999694824219,115.08000183105469,8911900.0,112.53933715820312
2019-01-29,118.22000122070312,115.5,115.56999969482422,117.83999633789062,10829800.0,115.2384033203125
2019-01-30,120.25,117.25,118.5999984741211,119.12000274658203,7317800.0,116.49014282226562
2019-01-31,119.56999969482422,117.62999725341797,119.56999969482422,118.06999969482422,6081400.0,115.46331787109375
2019-02-01,120.02999877929688,118.11000061035156,119.58999633789062,118.9800033569336,4136300.0,116.35323333740234
2019-02-04,119.25,117.87999725341797,118.98999786376953,119.13999938964844,4944700.0,116.50969696044922
2019-02-05,120.79000091552734,119.08000183105469,119.81999969482422,120.7699966430664,4526200.0,118.10371398925781
2019-02-06,121.7300033569336,120.33999633789062,120.86000061035156,121.36000061035156,3502500.0,118.6806869506836
2019-02-07,120.98999786376953,118.98999786376953,120.36000061035156,120.72000122070312,4647400.0,118.05481719970703
2019-02-08,122.5199966430664,120.22000122070312,120.29000091552734,122.48999786376953,3941900.0,119.78573608398438
2019-02-11,123.11000061035156,121.51000213623047,122.9000015258789,122.72000122070312,3915900.0,120.01066589355469
2019-02-12,124.3499984741211,122.70999908447266,123.36000061035156,123.9800033569336,3539500.0,121.24284362792969
2019-02-13,124.88999938964844,124.22000122070312,124.3499984741211,124.41999816894531,2463600.0,121.67312622070312
2019-02-14,124.38999938964844,122.70999908447266,123.1500015258789,124.12999725341797,3749300.0,122.11088562011719
2019-02-15,127.91000366210938,125.02999877929688,125.5999984741211,127.76000213623047,6828400.0,125.68184661865234
2019-02-19,129.13999938964844,126.86000061035156,127.37999725341797,128.63999938964844,6092500.0,126.54753112792969
2019-02-20,129.63999938964844,127.83000183105469,128.6999969482422,128.42999267578125,6301200.0,126.34093475341797
2019-02-21,128.58999633789062,125.83000183105469,128.14999389648438,126.31999969482422,3259800.0,124.26526641845703
2019-02-22,128.35000610351562,126.80000305175781,128.0500030517578,127.7699966430664,3158100.0,125.69168090820312
2019-02-25,129.1199951171875,128.16000366210938,128.6999969482422,128.27000427246094,2672100.0,126.18355560302734
2019-02-26,128.4499969482422,126.7699966430664,127.77999877929688,127.19000244140625,3397000.0,125.12110900878906
2019-02-27,127.3499984741211,126.0999984741211,127.08000183105469,126.9000015258789,2498000.0,124.8358383178711
2019-02-28,127.33000183105469,125.56999969482422,126.69000244140625,125.66999816894531,4416200.0,123.6258316040039
2019-03-01,127.3499984741211,125.23999786376953,126.9800033569336,125.7699966430664,3822000.0,123.72421264648438
2019-03-04,127.4000015258789,125.0999984741211,126.29000091552734,125.73999786376953,3477700.0,123.6947021484375
2019-03-05,126.83999633789062,125.63999938964844,125.63999938964844,125.94000244140625,3235900.0,123.89144897460938
2019-03-06,126.86000061035156,125.37000274658203,126.18000030517578,125.38999938964844,3519500.0,123.35039520263672
2019-03-07,125.08999633789062,122.91999816894531,125.01000213623047,124.45999908447266,4163900.0,122.43551635742188
2019-03-08,124.13999938964844,122.29000091552734,123.8499984741211,124.0199966430664,3091500.0,122.00267791748047
2019-03-11,126.19000244140625,121.4800033569336,121.58000183105469,126.01000213623047,4655800.0,123.96031188964844
2019-03-12,126.91000366210938,124.5199966430664,125.70999908447266,124.66999816894531,3844200.0,122.64209747314453
2019-03-13,127.27999877929688,124.97000122070312,124.97000122070312,126.63999938964844,4854500.0,124.58006286621094
2019-03-14,126.94000244140625,125.70999908447266,126.63999938964844,126.88999938964844,3925100.0,124.82599639892578
2019-03-15,127.43000030517578,125.9000015258789,127.16999816894531,125.91999816894531,9689700.0,123.87177276611328
2019-03-18,127.0,125.52999877929688,126.11000061035156,126.9000015258789,3889900.0,124.8358383178711
2019-03-19,128.1699981689453,125.91000366210938,127.62000274658203,126.51000213623047,2960400.0,124.45217895507812
2019-03-20,126.5,124.52999877929688,126.44000244140625,125.30999755859375,2945800.0,123.27169036865234
2019-03-21,127.18000030517578,124.33000183105469,124.55000305175781,126.87999725341797,2597800.0,124.81615447998047
2019-03-22,126.33000183105469,123.44999694824219,126.0,125.1500015258789,3872200.0,123.11429595947266
2019-03-25,125.83000183105469,124.58999633789062,124.95999908447266,125.4000015258789,2270900.0,123.36023712158203
2019-03-26,126.94999694824219,125.05999755859375,126.18000030517578,126.13999938964844,3204200.0,124.08819580078125
2019-03-27,127.13999938964844,125.63999938964844,126.12000274658203,126.30000305175781,2728800.0,124.24559020996094
2019-03-28,127.4000015258789,126.19000244140625,126.70999908447266,127.2699966430664,1872100.0,125.19981384277344
2019-03-29,129.08999633789062,127.4800033569336,128.25999450683594,128.88999938964844,3045700.0,126.79346466064453
2019-04-01,133.42999267578125,129.99000549316406,129.99000549316406,133.19000244140625,5300800.0,131.0235137939453
2019-04-02,133.3699951171875,131.5500030517578,133.07000732421875,131.89999389648438,2905500.0,129.75450134277344
2019-04-03,132.72000122070312,130.61000061035156,132.61000061035156,131.30999755859375,2840000.0,129.17408752441406
2019-04-04,133.27000427246094,130.85000610351562,131.5,132.6999969482422,2231700.0,130.54147338867188
2019-04-05,133.8000030517578,132.55999755859375,133.16000366210938,133.72000122070312,2500800.0,131.54490661621094
2019-04-08,133.6300048828125,131.19000244140625,132.3300018310547,133.55999755859375,2717700.0,131.3874969482422
2019-04-09,132.91000366210938,131.1999969482422,132.64999389648438,132.25,2089800.0,130.09881591796875
2019-04-10,132.3300018310547,130.25999450683594,132.2899932861328,131.66000366210938,2721600.0,129.51840209960938
2019-04-11,133.0,131.47999572753906,131.77000427246094,132.82000732421875,1741900.0,130.6595458984375
2019-04-12,135.32000732421875,133.64999389648438,133.82000732421875,135.3000030517578,2865500.0,133.0991973876953
2019-04-15,135.25999450683594,134.07000732421875,135.0,134.5500030517578,1874900.0,132.3614044189453
2019-04-16,135.36000061035156,134.41000366210938,134.86000061035156,135.33999633789062,1999000.0,133.1385498046875
2019-04-17,136.3000030517578,134.72999572753906,135.58999633789062,135.7899932861328,2785000.0,133.58120727539062
2019-04-18,137.75,136.00999450683594,136.00999450683594,137.0,2498500.0,134.77154541015625
2019-04-22,137.47000122070312,135.69000244140625,136.35000610351562,136.91000366210938,2954200.0,134.6830291748047
2019-04-23,142.36000061035156,138.8800048828125,139.88999938964844,140.02000427246094,5683200.0,137.742431640625
2019-04-24,140.1699981689453,137.92999267578125,139.6699981689453,139.58999633789062,2734300.0,137.3194122314453
2019-04-25,140.25,138.02999877929688,138.74000549316406,139.72999572753906,2336300.0,137.45713806152344
2019-04-26,140.8300018310547,139.5800018310547,140.0,140.77999877929688,2059800.0,138.4900665283203
2019-04-29,142.50999450683594,140.86000061035156,141.0,142.1199951171875,3409300.0,139.8082733154297
2019-04-30,142.9199981689453,141.6300048828125,142.44000244140625,142.61000061035156,3293100.0,140.290283203125
2019-05-01,144.39999389648438,141.52000427246094,143.0,141.5800018310547,2194800.0,139.2770538330078
2019-05-02,141.4600067138672,138.7899932861328,140.77000427246094,139.8000030517578,2756300.0,137.5260009765625
2019-05-03,141.69000244140625,139.9600067138672,141.0500030517578,141.6300048828125,2840400.0,139.3262481689453
2019-05-06,140.6699981689453,137.89999389648438,138.7899932861328,140.1999969482422,2376400.0,137.91949462890625
2019-05-07,138.6699981689453,134.67999267578125,138.33999633789062,135.44000244140625,4905300.0,133.23690795898438
2019-05-08,138.14999389648438,135.33999633789062,135.5,137.07000732421875,2396300.0,134.8404083251953
2019-05-09,137.1300048828125,134.02000427246094,135.4600067138672,136.86000061035156,2559200.0,134.6338348388672
2019-05-10,137.33999633789062,133.57000732421875,135.22999572753906,137.1699981689453,2652500.0,134.93878173828125
2019-05-13,134.6699981689453,130.38999938964844,134.02999877929688,131.9600067138672,4119000.0,129.8135223388672
2019-05-14,135.00999450683594,132.00999450683594,132.00999450683594,133.97999572753906,2709300.0,131.8006591796875
2019-05-15,134.82000732421875,131.66000366210938,132.8000030517578,133.97999572753906,2430200.0,131.8006591796875
2019-05-16,136.07000732421875,133.44000244140625,134.0399932861328,135.25,2809200.0,133.783935546875
2019-05-17,135.4600067138672,133.5500030517578,134.1300048828125,133.75,1605600.0,132.30020141601562
2019-05-20,133.75999450683594,132.6300048828125,133.1699981689453,133.47999572753906,1945600.0,132.0331268310547
2019-05-21,136.1699981689453,134.25999450683594,134.89999389648438,136.02999877929688,2190600.0,134.5554656982422
2019-05-22,136.32000732421875,134.94000244140625,135.36000061035156,135.41000366210938,1942600.0,133.9422149658203
2019-05-23,133.82000732421875,129.38999938964844,132.52000427246094,130.4499969482422,5653600.0,129.0359649658203
2019-05-24,131.8800048828125,130.00999450683594,130.63999938964844,131.39999389648438,3116800.0,129.9756622314453
2019-05-28,133.0800018310547,129.8800048828125,131.6300048828125,129.9199981689453,4040100.0,128.51170349121094
2019-05-29,129.7899932861328,128.30999755859375,129.19000244140625,129.47000122070312,2797100.0,128.06658935546875
2019-05-30,130.3300018310547,128.02999877929688,129.5399932861328,128.39999389648438,2748600.0,127.0081787109375
2019-05-31,127.41000366210938,125.52999877929688,127.2699966430664,126.30000305175781,3553700.0,124.93095397949219
2019-06-03,128.2100067138672,125.94000244140625,126.44999694824219,126.86000061035156,2711000.0,125.4848861694336
2019-06-04,129.69000244140625,127.5199966430664,128.30999755859375,129.3699951171875,2395200.0,127.9676742553711
2019-06-05,131.39999389648438,129.5500030517578,130.49000549316406,131.36000061035156,2372900.0,129.93609619140625
2019-06-06,132.1699981689453,130.47999572753906,131.4600067138672,131.6699981689453,2012000.0,130.2427520751953
2019-06-07,132.97000122070312,131.83999633789062,132.11000061035156,132.14999389648438,1844400.0,130.71754455566406
2019-06-10,135.72999572753906,127.9800033569336,135.5,128.00999450683594,13783300.0,126.6224136352539
2019-06-11,128.2899932861328,122.18000030517578,128.22000122070312,122.94000244140625,10972300.0,121.60737609863281
2019-06-12,125.41000366210938,123.61000061035156,124.05000305175781,124.06999969482422,9971900.0,122.7251205444336
2019-06-13,124.97000122070312,122.91999816894531,124.73999786376953,124.80999755859375,4604800.0,123.45709991455078
2019-06-14,126.5,124.91999816894531,126.11000061035156,125.30000305175781,3066800.0,123.9417953491211
2019-06-17,125.97000122070312,123.11000061035156,125.72000122070312,124.2300033569336,3346500.0,122.88339233398438
2019-06-18,126.9800033569336,125.05999755859375,125.05999755859375,126.62000274658203,4536300.0,125.24748229980469
2019-06-19,127.38999938964844,126.31999969482422,127.0999984741211,126.76000213623047,3255100.0,125.3859634399414
2019-06-20,130.22000122070312,127.87000274658203,128.3000030517578,130.02999877929688,4346700.0,128.62051391601562
2019-06-21,130.86000061035156,128.5800018310547,129.80999755859375,128.75,5718900.0,127.3543930053711
2019-06-24,130.99000549316406,129.5,130.1199951171875,130.17999267578125,3676900.0,128.7688751220703
2019-06-25,130.86000061035156,128.6999969482422,130.19000244140625,129.02000427246094,2794100.0,127.62146759033203
2019-06-26,129.64999389648438,127.72000122070312,129.0399932861328,127.76000213623047,2922500.0,126.37512969970703
2019-06-27,129.19000244140625,127.76000213623047,128.2100067138672,128.97000122070312,2013500.0,127.57200622558594
2019-06-28,130.58999633789062,128.14999389648438,129.05999755859375,130.1999969482422,5435800.0,128.78866577148438
2019-07-01,132.0800018310547,130.83999633789062,131.17999267578125,131.33999633789062,3922800.0,129.91632080078125
2019-07-02,132.3000030517578,131.24000549316406,131.63999938964844,131.9600067138672,3395000.0,130.52960205078125
2019-07-03,133.07000732421875,131.7100067138672,132.4499969482422,133.0,2037600.0,131.55833435058594
2019-07-05,132.75,130.85000610351562,132.75,132.5399932861328,3546900.0,131.10330200195312
2019-07-08,132.07000732421875,130.27999877929688,131.8800048828125,130.8699951171875,3202300.0,129.45140075683594
2019-07-09,130.52999877929688,128.94000244140625,130.10000610351562,130.38999938964844,3022800.0,128.9766082763672
2019-07-10,132.25999450683594,130.19000244140625,131.0,130.4499969482422,2339300.0,129.0359649658203
2019-07-11,131.7899932861328,130.07000732421875,130.44000244140625,131.33999633789062,2438100.0,129.91632080078125
2019-07-12,133.80999755859375,131.7100067138672,131.91000366210938,133.72000122070312,3202300.0,132.27052307128906
2019-07-15,133.8300018310547,132.8800048828125,133.25999450683594,133.22999572753906,2378700.0,131.78582763671875
2019-07-16,133.67999267578125,132.7100067138672,133.35000610351562,133.19000244140625,3200200.0,131.74627685546875
2019-07-17,133.25,130.07000732421875,133.05999755859375,130.10000610351562,2736100.0,128.68975830078125
2019-07-18,131.35000610351562,129.75999450683594,129.8800048828125,131.3000030517578,2918900.0,129.8767547607422
2019-07-19,132.8800048828125,130.92999267578125,131.63999938964844,132.38999938964844,3234100.0,130.95494079589844
2019-07-22,133.19000244140625,131.5500030517578,132.2899932861328,132.9499969482422,3398000.0,131.5088653564453
2019-07-23,136.5,132.00999450683594,136.32000732421875,134.94000244140625,8090100.0,133.477294921875
2019-07-24,136.8699951171875,133.97000122070312,134.3800048828125,134.25,3577200.0,132.79478454589844
2019-07-25,138.30999755859375,134.89999389648438,134.9199981689453,136.36000061035156,3989700.0,134.88189697265625
2019-07-26,136.67999267578125,135.2899932861328,135.80999755859375,135.6300048828125,2216100.0,134.15982055664062
2019-07-29,136.3699951171875,135.3800048828125,135.55999755859375,135.72000122070312,2051400.0,134.24884033203125
2019-07-30,135.72000122070312,134.44000244140625,135.3800048828125,135.3000030517578,2255600.0,133.83340454101562
2019-07-31,136.02999877929688,133.0,135.25,133.60000610351562,3366100.0,132.15182495117188
2019-08-01,135.50999450683594,131.66000366210938,133.30999755859375,131.83999633789062,2916000.0,130.410888671875
2019-08-02,131.8699951171875,129.41000366210938,131.42999267578125,130.80999755859375,2167200.0,129.39205932617188
2019-08-05,128.92999267578125,124.7300033569336,128.83999633789062,125.75,3979100.0,124.38691711425781
2019-08-06,129.05999755859375,125.5,125.5,128.8000030517578,3802900.0,127.40386199951172
2019-08-07,130.1199951171875,125.13999938964844,127.12000274658203,129.00999450683594,4301700.0,127.61156463623047
2019-08-08,131.69000244140625,129.5800018310547,129.5800018310547,131.47999572753906,2676600.0,130.05479431152344
2019-08-09,132.02000427246094,129.52999877929688,131.39999389648438,131.24000549316406,2370900.0,129.81739807128906
2019-08-12,130.22999572753906,127.52999877929688,129.85000610351562,128.02000427246094,2536900.0,126.63230895996094
2019-08-13,130.7100067138672,127.69999694824219,127.86000061035156,128.9499969482422,2400200.0,127.5522232055664
2019-08-14,127.26000213623047,123.7699966430664,127.0999984741211,124.30000305175781,3359200.0,122.95262908935547
2019-08-15,124.41999816894531,122.44000244140625,124.0,123.73999786376953,3962000.0,123.12676239013672
2019-08-16,125.68000030517578,124.0199966430664,124.98999786376953,125.05000305175781,2532000.0,124.4302749633789
2019-08-19,127.30999755859375,125.98999786376953,126.7300033569336,126.63999938964844,1823100.0,126.01239013671875
2019-08-20,127.2699966430664,125.41000366210938,125.9800033569336,126.68000030517578,1989600.0,126.05219268798828
2019-08-21,128.22000122070312,126.79000091552734,127.9000015258789,127.33000183105469,1719500.0,126.698974609375
2019-08-22,128.39999389648438,126.31999969482422,128.0,127.95999908447266,1632000.0,127.32585144042969
2019-08-23,127.80000305175781,122.81999969482422,126.68000030517578,123.41999816894531,3481800.0,122.808349609375
2019-08-26,125.66999816894531,123.63999938964844,124.9800033569336,125.48999786376953,2093100.0,124.86808776855469
2019-08-27,126.0,123.9800033569336,125.44000244140625,124.56999969482422,2177200.0,123.95265197753906
2019-08-28,126.95999908447266,123.80999755859375,124.3499984741211,126.87000274658203,2046600.0,126.24125671386719
2019-08-29,130.27000427246094,128.00999450683594,128.00999450683594,129.50999450683594,4575900.0,128.8681640625
2019-08-30,131.1999969482422,130.17999267578125,130.24000549316406,130.24000549316406,2330100.0,129.5945587158203
2019-09-03,129.17999267578125,127.63999938964844,128.6699981689453,128.97000122070312,2535200.0,128.33084106445312
2019-09-04,131.72999572753906,130.27999877929688,130.69000244140625,131.0500030517578,2256200.0,130.40054321289062
2019-09-05,133.6999969482422,132.5,133.0800018310547,133.02999877929688,2662900.0,132.3707275390625
2019-09-06,134.25,133.14999389648438,133.80999755859375,133.69000244140625,2124300.0,133.02745056152344
2019-09-09,135.39999389648438,133.85000610351562,134.64999389648438,134.11000061035156,2313300.0,133.44537353515625
2019-09-10,134.72000122070312,132.8300018310547,134.10000610351562,133.91000366210938,2864900.0,133.24636840820312
2019-09-11,136.0,133.0800018310547,133.5,135.9499969482422,2867900.0,135.2762451171875
2019-09-12,137.99000549316406,136.1999969482422,136.4600067138672,137.4600067138672,3024500.0,136.77877807617188
2019-09-13,139.39999389648438,137.4600067138672,138.0,138.05999755859375,3025500.0,137.37579345703125
2019-09-16,139.02000427246094,137.32000732421875,139.02000427246094,138.0800018310547,2112000.0,137.3957061767578
2019-09-17,137.74000549316406,136.6300048828125,137.38999938964844,137.2100067138672,2120400.0,136.53001403808594
2019-09-18,137.7899932861328,135.9499969482422,136.9199981689453,137.66000366210938,1745500.0,136.977783203125
2019-09-19,138.02000427246094,136.80999755859375,137.94000244140625,137.52999877929688,2189700.0,136.84841918945312
2019-09-20,138.4600067138672,135.55999755859375,137.60000610351562,135.57000732421875,5311300.0,134.8981475830078
2019-09-23,136.1300048828125,134.10000610351562,134.41000366210938,135.6699981689453,2603900.0,134.9976348876953
2019-09-24,136.1999969482422,134.66000366210938,136.0399932861328,135.47999572753906,2836300.0,134.80857849121094
2019-09-25,137.14999389648438,135.13999938964844,135.94000244140625,136.8300018310547,2113200.0,136.1519012451172
2019-09-26,138.2899932861328,136.50999450683594,136.75999450683594,137.52999877929688,2692600.0,136.84841918945312
2019-09-27,138.24000549316406,136.19000244140625,138.02999877929688,136.38999938964844,2136800.0,135.71408081054688
2019-09-30,137.19000244140625,136.1699981689453,137.14999389648438,136.52000427246094,2567100.0,135.8434295654297
2019-10-01,137.69000244140625,133.2100067138672,136.94000244140625,133.7899932861328,3485900.0,133.126953125
2019-10-02,133.0,129.82000732421875,132.8300018310547,130.47000122070312,3257100.0,129.8234100341797
2019-10-03,131.3300018310547,128.6300048828125,130.75999450683594,131.2100067138672,2900600.0,130.55975341796875
2019-10-04,133.30999755859375,130.9499969482422,131.2899932861328,133.2100067138672,1894200.0,132.54983520507812
2019-10-07,133.9600067138672,132.1300048828125,132.7899932861328,132.69000244140625,1675300.0,132.03240966796875
2019-10-08,132.38999938964844,130.33999633789062,131.3300018310547,130.7899932861328,2499000.0,130.14181518554688
2019-10-09,132.63999938964844,131.1199951171875,131.6999969482422,131.9600067138672,2432000.0,131.3060302734375
2019-10-10,134.05999755859375,131.3000030517578,131.89999389648438,133.9199981689453,2335200.0,133.25631713867188
2019-10-11,137.19000244140625,135.0,135.07000732421875,136.14999389648438,3051900.0,135.4752655029297
2019-10-14,136.4499969482422,135.3300018310547,136.0,135.9199981689453,1660000.0,135.24639892578125
2019-10-15,137.72000122070312,136.13999938964844,136.27000427246094,136.14999389648438,2494700.0,135.4752655029297
2019-10-16,137.22000122070312,135.6699981689453,135.94000244140625,136.7100067138672,2101400.0,136.03250122070312
2019-10-17,138.74000549316406,137.1699981689453,137.3000030517578,138.1699981689453,2582600.0,137.48524475097656
2019-10-18,138.44000244140625,136.50999450683594,138.22999572753906,136.8000030517578,3406700.0,136.12203979492188
2019-10-21,139.0,137.74000549316406,138.1699981689453,138.35000610351562,3745600.0,137.66436767578125
2019-10-22,142.24000549316406,138.92999267578125,140.82000732421875,141.41000366210938,6635800.0,140.70919799804688
2019-10-23,141.44000244140625,139.2100067138672,140.8300018310547,139.91000366210938,3350700.0,139.2166290283203
2019-10-24,143.83999633789062,140.02999877929688,140.5,143.44000244140625,4553400.0,142.72914123535156
2019-10-25,144.1999969482422,142.80999755859375,143.35000610351562,142.9600067138672,3193300.0,142.25152587890625
2019-10-28,144.6300048828125,142.30999755859375,143.27000427246094,143.0399932861328,2374500.0,142.33111572265625
2019-10-29,143.50999450683594,141.72999572753906,142.4499969482422,142.0,3554000.0,141.29627990722656
2019-10-30,144.27000427246094,142.0,142.25,143.83999633789062,2542600.0,143.1271514892578
2019-10-31,143.83999633789062,142.6699981689453,143.44000244140625,143.5800018310547,3053900.0,142.86843872070312
2019-11-01,146.7899932861328,144.33999633789062,144.38999938964844,146.67999267578125,4055600.0,145.9530792236328
2019-11-04,147.99000549316406,146.39999389648438,147.49000549316406,147.50999450683594,4294000.0,146.77896118164062
2019-11-05,148.57000732421875,146.6999969482422,147.66000366210938,147.85000610351562,4061300.0,147.11729431152344
2019-11-06,148.3800048828125,147.1300048828125,147.82000732421875,148.30999755859375,3156500.0,147.5749969482422
2019-11-07,149.35000610351562,148.4499969482422,148.82000732421875,148.72999572753906,2773500.0,147.992919921875
2019-11-08,149.02000427246094,147.3300018310547,147.47000122070312,148.8800048828125,1700200.0,148.14218139648438
2019-11-11,148.6199951171875,147.52999877929688,148.0,148.22000122070312,1473400.0,147.48544311523438
2019-11-12,149.0399932861328,148.0,148.39999389648438,148.38999938964844,1612600.0,147.65460205078125
2019-11-13,148.50999450683594,147.42999267578125,147.8800048828125,148.30999755859375,1841600.0,147.5749969482422
2019-11-14,148.44000244140625,147.4499969482422,147.4499969482422,148.11000061035156,1735400.0,148.11000061035156
2019-11-15,149.80999755859375,148.25,148.27999877929688,149.36000061035156,1989200.0,149.36000061035156
2019-11-18,149.27999877929688,148.44000244140625,149.11000061035156,149.11000061035156,1855800.0,149.11000061035156
2019-11-19,149.64999389648438,148.35000610351562,149.6199951171875,148.3699951171875,2829300.0,148.3699951171875
2019-11-20,148.5800018310547,146.08999633789062,148.00999450683594,146.64999389648438,2645900.0,146.64999389648438
2019-11-21,147.9499969482422,146.3000030517578,146.63999938964844,147.3000030517578,2348100.0,147.3000030517578
2019-11-22,148.52999877929688,147.17999267578125,148.25,147.6999969482422,2381100.0,147.6999969482422
2019-11-25,148.74000549316406,147.1999969482422,148.55999755859375,147.52000427246094,2403000.0,147.52000427246094
2019-11-26,148.6199951171875,147.39999389648438,147.6999969482422,148.1199951171875,3601400.0,148.1199951171875
2019-11-27,149.0500030517578,147.69000244140625,148.3800048828125,148.82000732421875,1511300.0,148.82000732421875
2019-11-29,148.61000061035156,147.5,148.52999877929688,148.33999633789062,991500.0,148.33999633789062
2019-12-02,148.61000061035156,144.8800048828125,148.38999938964844,144.99000549316406,3852700.0,144.99000549316406
2019-12-03,144.1999969482422,142.77999877929688,143.92999267578125,143.72999572753906,3737400.0,143.72999572753906
2019-12-04,145.8699951171875,144.3000030517578,144.94000244140625,144.52000427246094,3039100.0,144.52000427246094
2019-12-05,145.57000732421875,144.41000366210938,145.49000549316406,145.25999450683594,2341500.0,145.25999450683594
2019-12-06,147.38999938964844,146.2100067138672,147.13999938964844,146.99000549316406,2607900.0,146.99000549316406
2019-12-09,147.35000610351562,146.14999389648438,146.89999389648438,146.22000122070312,1512300.0,146.22000122070312
2019-12-10,146.0,145.35000610351562,145.77000427246094,145.3699951171875,2672600.0,145.3699951171875
2019-12-11,147.3699951171875,145.99000549316406,146.5800018310547,147.27000427246094,2267900.0,147.27000427246094
2019-12-12,149.63999938964844,147.17999267578125,147.89999389648438,149.41000366210938,2723400.0,149.41000366210938
2019-12-13,150.14999389648438,148.27000427246094,148.27000427246094,149.07000732421875,2368100.0,149.07000732421875
2019-12-16,150.6699981689453,149.11000061035156,149.72999572753906,149.4600067138672,3248900.0,149.4600067138672
2019-12-17,149.3800048828125,147.9499969482422,149.1999969482422,148.6199951171875,3624400.0,148.6199951171875
2019-12-18,148.61000061035156,147.19000244140625,148.10000610351562,147.7100067138672,3799200.0,147.7100067138672
2019-12-19,149.16000366210938,147.1999969482422,148.30999755859375,148.7100067138672,2992600.0,148.7100067138672
2019-12-20,150.89999389648438,149.1999969482422,150.89999389648438,149.49000549316406,4564300.0,149.49000549316406
2019-12-23,150.5500030517578,149.55999755859375,149.9600067138672,149.82000732421875,2744700.0,149.82000732421875
2019-12-24,150.32000732421875,149.44000244140625,150.07000732421875,149.57000732421875,1004900.0,149.57000732421875
2019-12-26,150.75999450683594,149.75,149.9499969482422,150.7100067138672,1404200.0,150.7100067138672
2019-12-27,151.07000732421875,150.0500030517578,151.0,150.27999877929688,1842700.0,150.27999877929688
2019-12-30,150.8000030517578,149.5800018310547,150.44000244140625,149.8800048828125,1683200.0,149.8800048828125
2019-12-31,150.2100067138672,149.10000610351562,149.7899932861328,149.75999450683594,2030900.0,149.75999450683594
2020-01-02,153.22000122070312,149.74000549316406,149.74000549316406,153.13999938964844,2801500.0,153.13999938964844
2020-01-03,154.64999389648438,150.50999450683594,150.92999267578125,153.35000610351562,3127600.0,153.35000610351562
2020-01-06,153.83999633789062,152.5,153.4499969482422,153.67999267578125,2605100.0,153.67999267578125
2020-01-07,153.6300048828125,151.89999389648438,151.89999389648438,153.19000244140625,2736800.0,153.19000244140625
2020-01-08,154.5500030517578,152.72999572753906,153.1199951171875,153.4199981689453,2374100.0,153.4199981689453
2020-01-09,154.19000244140625,153.1199951171875,153.8000030517578,153.64999389648438,2940500.0,153.64999389648438
2020-01-10,154.00999450683594,151.42999267578125,154.00999450683594,151.86000061035156,2898200.0,151.86000061035156
2020-01-13,152.5,151.42999267578125,152.02000427246094,152.0500030517578,3090000.0,152.0500030517578
2020-01-14,152.41000366210938,151.1199951171875,151.3699951171875,151.5399932861328,3138900.0,151.5399932861328
2020-01-15,153.07000732421875,151.14999389648438,151.63999938964844,151.9600067138672,3107000.0,151.9600067138672
2020-01-16,154.02000427246094,152.61000061035156,152.61000061035156,153.5500030517578,3569100.0,153.5500030517578
2020-01-17,155.52999877929688,153.67999267578125,154.30999755859375,154.39999389648438,4635300.0,154.39999389648438
2020-01-21,155.50999450683594,152.77999877929688,153.86000061035156,154.47000122070312,4907100.0,154.47000122070312
2020-01-22,155.05999755859375,153.3300018310547,154.3800048828125,153.7899932861328,3490800.0,153.7899932861328
2020-01-23,154.24000549316406,152.58999633789062,153.61000061035156,153.8000030517578,4008400.0,153.8000030517578
2020-01-24,154.4199981689453,152.38999938964844,153.39999389648438,153.19000244140625,3699900.0,153.19000244140625
2020-01-27,151.9600067138672,150.00999450683594,150.99000549316406,151.02999877929688,4335700.0,151.02999877929688
2020-01-28,154.41000366210938,148.0500030517578,150.52999877929688,152.86000061035156,5716600.0,152.86000061035156
2020-01-29,153.9499969482422,151.47000122070312,153.9199981689453,152.82000732421875,3826200.0,152.82000732421875
