Date,High,Low,Open,Close,Volume,Adj Close
2017-01-30,83.73999786376953,82.66000366210938,83.47000122070312,83.69999694824219,8792800.0,82.03515625
2017-01-31,83.27999877929688,82.0999984741211,82.12999725341797,82.70999908447266,7479400.0,81.06485748291016
2017-02-01,83.08999633789062,82.05000305175781,82.9000015258789,82.44000244140625,7534400.0,80.80023956298828
2017-02-02,82.69999694824219,81.56999969482422,82.13999938964844,82.30000305175781,11142300.0,80.66301727294922
2017-02-03,86.81999969482422,85.11000061035156,85.73999786376953,86.08000183105469,28079600.0,84.3678207397461
2017-02-06,86.0999984741211,85.51000213623047,86.06999969482422,85.83000183105469,9665300.0,84.12281799316406
2017-02-07,86.3499984741211,85.66999816894531,85.95999908447266,85.77999877929688,8600300.0,84.07379150390625
2017-02-08,85.83999633789062,85.08000183105469,85.80000305175781,85.08999633789062,7587700.0,83.39751434326172
2017-02-09,85.7699966430664,84.87999725341797,85.37000274658203,85.58000183105469,6554700.0,83.87777709960938
2017-02-10,86.13999938964844,85.2300033569336,85.80000305175781,85.9000015258789,10432000.0,84.19140625
2017-02-13,86.69999694824219,86.0,86.19999694824219,86.44000244140625,6046300.0,84.72067260742188
2017-02-14,86.97000122070312,86.26000213623047,86.5199966430664,86.8499984741211,5952000.0,85.12252807617188
2017-02-15,87.54000091552734,86.69999694824219,87.0199966430664,87.54000091552734,8049700.0,85.96211242675781
2017-02-16,87.68000030517578,86.79000091552734,87.55000305175781,87.41000366210938,8680600.0,85.83445739746094
2017-02-17,87.68000030517578,86.9800033569336,87.2699966430664,87.45999908447266,5887200.0,85.883544921875
2017-02-21,88.04000091552734,87.16999816894531,87.51000213623047,87.91999816894531,9301300.0,86.33525848388672
2017-02-22,88.1500015258789,87.51000213623047,87.61000061035156,87.80000305175781,8389900.0,86.2174072265625
2017-02-23,88.48999786376953,87.87000274658203,88.2300033569336,88.18000030517578,6040500.0,86.59056091308594
2017-02-24,88.43000030517578,87.30000305175781,87.36000061035156,88.43000030517578,5151300.0,86.8360595703125
2017-02-27,88.37999725341797,87.91000366210938,88.31999969482422,88.0,6131600.0,86.413818359375
2017-02-28,88.37999725341797,87.76000213623047,88.16000366210938,87.94000244140625,8521900.0,86.35490417480469
2017-03-01,89.13999938964844,88.41999816894531,88.73999786376953,88.98999786376953,11131400.0,87.38597106933594
2017-03-02,89.12999725341797,88.0999984741211,89.0,88.52999877929688,10544200.0,86.93424224853516
2017-03-03,88.91000366210938,88.18000030517578,88.30999755859375,88.79000091552734,5700600.0,87.1895751953125
2017-03-06,89.2699966430664,88.2699966430664,88.52999877929688,88.94000244140625,7347600.0,87.33686828613281
2017-03-07,89.30000305175781,88.8499984741211,88.98999786376953,89.05999755859375,5688400.0,87.45469665527344
2017-03-08,89.30000305175781,88.87000274658203,89.16999816894531,88.95999908447266,5866800.0,87.35651397705078
2017-03-09,89.5,88.70999908447266,89.0199966430664,89.11000061035156,5953900.0,87.50381469726562
2017-03-10,89.86000061035156,89.0999984741211,89.5,89.7300033569336,12246700.0,88.11263275146484
2017-03-13,90.30999755859375,89.61000061035156,89.80000305175781,90.11000061035156,8944100.0,88.48577880859375
2017-03-14,90.02999877929688,89.23999786376953,89.93000030517578,89.55000305175781,6009400.0,87.93588256835938
2017-03-15,90.0999984741211,89.41000366210938,89.75,89.91999816894531,6350700.0,88.29920959472656
2017-03-16,90.33000183105469,89.47000122070312,90.30999755859375,90.04000091552734,9174400.0,88.41704559326172
2017-03-17,90.62999725341797,90.16999816894531,90.25,90.23999786376953,8613400.0,88.61344146728516
2017-03-20,92.05000305175781,88.97000122070312,90.29000091552734,89.18000030517578,9438000.0,87.57254028320312
2017-03-21,89.70999908447266,88.0,89.48999786376953,88.05999755859375,11092100.0,86.47272491455078
2017-03-22,89.04000091552734,87.8499984741211,87.8499984741211,88.5199966430664,7828600.0,86.92443084716797
2017-03-23,89.38999938964844,88.41999816894531,88.47000122070312,88.86000061035156,7710700.0,87.25831604003906
2017-03-24,89.61000061035156,88.97000122070312,89.05999755859375,89.19000244140625,7597600.0,87.58235931396484
2017-03-27,88.98999786376953,88.06999969482422,88.30999755859375,88.94999694824219,5230000.0,87.3466796875
2017-03-28,89.41999816894531,88.48999786376953,89.12000274658203,89.12000274658203,7045500.0,87.51362609863281
2017-03-29,89.38999938964844,88.55999755859375,88.98999786376953,89.18000030517578,4738000.0,87.57254028320312
2017-03-30,89.0999984741211,88.5999984741211,89.08000183105469,89.01000213623047,6227100.0,87.40560913085938
2017-03-31,89.3499984741211,88.87000274658203,88.9800033569336,88.87000274658203,6429800.0,87.26813507080078
2017-04-03,89.45999908447266,88.4000015258789,89.13999938964844,89.36000061035156,9125800.0,87.74930572509766
2017-04-04,89.33000183105469,88.66000366210938,89.01000213623047,88.77999877929688,4859900.0,87.17974853515625
2017-04-05,90.19999694824219,88.94999694824219,89.12999725341797,89.02999877929688,7251600.0,87.42524719238281
2017-04-06,89.26000213623047,88.77999877929688,89.0,89.08999633789062,8473900.0,87.48416900634766
2017-04-07,89.23999786376953,88.5199966430664,88.97000122070312,88.73999786376953,5439500.0,87.14046478271484
2017-04-10,89.25,88.5199966430664,88.62000274658203,88.86000061035156,5999400.0,87.25831604003906
2017-04-11,88.8499984741211,88.12999725341797,88.5999984741211,88.8499984741211,7058500.0,87.24848937988281
2017-04-12,89.20999908447266,88.55999755859375,88.69999694824219,88.68000030517578,5912500.0,87.08155059814453
2017-04-13,89.77999877929688,88.43000030517578,88.47000122070312,88.87000274658203,7242700.0,87.26813507080078
2017-04-17,89.9000015258789,88.75,89.08999633789062,89.80999755859375,6122800.0,88.19120025634766
2017-04-18,89.91999816894531,89.23999786376953,89.63999938964844,89.7300033569336,6823500.0,88.11263275146484
2017-04-19,90.62000274658203,89.5999984741211,90.08999633789062,89.75,7301300.0,88.13226318359375
2017-04-20,91.5,89.9000015258789,90.13999938964844,91.1500015258789,12178300.0,89.50704193115234
2017-04-21,92.80000305175781,91.0199966430664,92.7699966430664,91.1500015258789,19442600.0,89.50704193115234
2017-04-24,92.5,91.01000213623047,92.1500015258789,91.8499984741211,11705400.0,90.19441986083984
2017-04-25,92.3499984741211,91.58000183105469,91.98999786376953,92.11000061035156,7769200.0,90.4497299194336
2017-04-26,92.4800033569336,91.75,92.0199966430664,91.81999969482422,11295200.0,90.16495513916016
2017-04-27,92.0,91.27999877929688,91.94999694824219,91.5999984741211,5856800.0,89.94893646240234
2017-04-28,91.55000305175781,90.9800033569336,91.38999938964844,91.22000122070312,6888500.0,89.5757827758789
2017-05-01,91.66999816894531,91.13999938964844,91.29000091552734,91.26000213623047,9042100.0,89.61505889892578
2017-05-02,92.75,91.52999877929688,91.62000274658203,92.54000091552734,11627700.0,90.87196350097656
2017-05-03,92.55000305175781,91.9800033569336,92.4000015258789,92.44000244140625,4909000.0,90.7737808227539
2017-05-04,92.8499984741211,92.25,92.69999694824219,92.62000274658203,5257000.0,90.9505386352539
2017-05-05,92.9800033569336,91.76000213623047,92.9000015258789,92.08999633789062,8844500.0,90.43008422851562
2017-05-08,92.16000366210938,91.5199966430664,92.05000305175781,91.91999816894531,5223600.0,90.26316833496094
2017-05-09,92.13999938964844,91.83000183105469,91.9000015258789,92.0,3969500.0,90.34172058105469
2017-05-10,92.41000366210938,91.68000030517578,91.69999694824219,92.25,6747600.0,90.58719635009766
2017-05-11,92.30999755859375,91.62000274658203,92.12000274658203,92.0999984741211,7052200.0,90.43991088867188
2017-05-12,92.77999877929688,91.9800033569336,92.19000244140625,92.7300033569336,5898800.0,91.05856323242188
2017-05-15,93.41999816894531,92.72000122070312,92.7300033569336,93.2300033569336,7040100.0,91.54954528808594
2017-05-16,93.72000122070312,92.97000122070312,93.3499984741211,93.1500015258789,5497400.0,91.47098541259766
2017-05-17,92.76000213623047,91.70999908447266,92.4800033569336,91.76000213623047,8240200.0,90.26591491699219
2017-05-18,92.4800033569336,91.36000061035156,91.36000061035156,91.70999908447266,8239800.0,90.21674346923828
2017-05-19,92.80999755859375,91.70999908447266,91.9800033569336,92.4800033569336,9361300.0,90.97420501708984
2017-05-22,93.5999984741211,92.43000030517578,92.52999877929688,93.30999755859375,9186200.0,91.79068756103516
2017-05-23,94.06999969482422,93.47000122070312,93.55999755859375,93.86000061035156,7616100.0,92.33173370361328
2017-05-24,94.98999786376953,94.0199966430664,94.0199966430664,94.80999755859375,6825300.0,93.26627349853516
2017-05-25,95.37999725341797,94.88999938964844,95.08999633789062,95.04000091552734,7262400.0,93.49251556396484
2017-05-26,95.12000274658203,94.38999938964844,95.0,94.66999816894531,4133900.0,93.1285400390625
2017-05-30,94.87999725341797,94.33999633789062,94.66000366210938,94.72000122070312,6292700.0,93.17774200439453
2017-05-31,95.52999877929688,94.45999908447266,95.08000183105469,95.2300033569336,9866000.0,93.679443359375
2017-06-01,95.44999694824219,94.61000061035156,95.4000015258789,95.4000015258789,8911900.0,93.84666442871094
2017-06-02,96.19000244140625,95.41000366210938,95.41000366210938,96.1500015258789,8570200.0,94.58443450927734
2017-06-05,96.58999633789062,96.11000061035156,96.31999969482422,96.55000305175781,14510500.0,94.9779281616211
2017-06-06,96.5999984741211,95.55999755859375,96.2699966430664,95.79000091552734,7030300.0,94.23030853271484
2017-06-07,96.22000122070312,95.76000213623047,96.02999877929688,96.08999633789062,6720300.0,94.52542114257812
2017-06-08,96.12000274658203,95.29000091552734,95.87000274658203,96.08999633789062,7720300.0,94.52542114257812
2017-06-09,96.25,93.70999908447266,96.08999633789062,94.55999755859375,16887100.0,93.02034759521484
2017-06-12,94.04000091552734,92.80000305175781,93.69000244140625,93.5,15610000.0,91.97760772705078
2017-06-13,95.33999633789062,93.97000122070312,94.0,95.08000183105469,8700100.0,93.53187561035156
2017-06-14,96.0,94.94999694824219,95.31999969482422,95.31999969482422,6347000.0,93.76795196533203
2017-06-15,94.52999877929688,93.52999877929688,94.44000244140625,94.16999816894531,12793900.0,92.6366958618164
2017-06-16,94.44000244140625,93.73999786376953,94.30999755859375,94.16999816894531,14705100.0,92.6366958618164
2017-06-19,94.8499984741211,94.25,94.75,94.79000091552734,5984300.0,93.24659729003906
2017-06-20,94.95999908447266,94.33000183105469,94.79000091552734,94.37999725341797,5626700.0,92.84327697753906
2017-06-21,94.7699966430664,94.06999969482422,94.61000061035156,94.54000091552734,5611400.0,93.00067901611328
2017-06-22,94.51000213623047,93.87000274658203,94.48999786376953,93.94999694824219,5846500.0,92.42024993896484
2017-06-23,95.6500015258789,93.88999938964844,94.16000366210938,95.58000183105469,11637300.0,94.02373504638672
2017-06-26,96.2699966430664,95.0999984741211,95.80000305175781,95.22000122070312,6970800.0,93.66959381103516
2017-06-27,95.33999633789062,94.62999725341797,95.1500015258789,94.9000015258789,6283600.0,93.35481262207031
2017-06-28,96.4000015258789,94.66000366210938,95.1500015258789,96.2300033569336,5571300.0,94.66314697265625
2017-06-29,95.79000091552734,94.01000213623047,95.79000091552734,94.41999816894531,8872500.0,92.88262176513672
2017-06-30,94.62000274658203,93.77999877929688,94.37999725341797,93.77999877929688,9036600.0,92.25304412841797
2017-07-03,94.41000366210938,93.3499984741211,94.37999725341797,93.3499984741211,6197700.0,91.83004760742188
2017-07-05,94.4000015258789,93.72000122070312,93.75,94.01000213623047,9339600.0,92.47930908203125
2017-07-06,93.97000122070312,93.19000244140625,93.44999694824219,93.25,8215700.0,91.73167419433594
2017-07-07,94.41000366210938,93.5,93.5,93.91999816894531,6175800.0,92.3907470703125
2017-07-10,95.37000274658203,94.1500015258789,94.1500015258789,95.08999633789062,8851800.0,93.54171752929688
2017-07-11,95.62999725341797,94.93000030517578,95.08000183105469,95.41000366210938,5554100.0,93.85649871826172
2017-07-12,96.44999694824219,95.62999725341797,95.9800033569336,96.18000030517578,5974800.0,94.61396026611328
2017-07-13,96.6500015258789,95.7699966430664,96.41999816894531,95.94000244140625,6721700.0,94.37786865234375
2017-07-14,97.37000274658203,96.12000274658203,96.13999938964844,96.93000030517578,6195800.0,95.35173797607422
2017-07-17,97.29000091552734,96.58999633789062,97.11000061035156,96.83000183105469,5914900.0,95.25337982177734
2017-07-18,97.75,96.61000061035156,96.8499984741211,97.58000183105469,7435000.0,95.99117279052734
2017-07-19,98.33000183105469,97.55000305175781,97.63999938964844,98.25,6390400.0,96.65025329589844
2017-07-20,99.13999938964844,97.93000030517578,99.11000061035156,98.11000061035156,8572900.0,96.51253509521484
2017-07-21,100.48999786376953,99.08999633789062,99.5999984741211,99.5999984741211,17400200.0,97.97826385498047
2017-07-24,100.41999816894531,99.13999938964844,99.55000305175781,100.37000274658203,9186000.0,98.7357406616211
2017-07-25,100.8499984741211,99.80000305175781,100.6500015258789,99.98999786376953,6774900.0,98.36192321777344
2017-07-26,100.98999786376953,99.86000061035156,100.01000213623047,100.8499984741211,7205400.0,99.20792388916016
2017-07-27,101.18000030517578,98.55000305175781,100.97000122070312,99.56999969482422,10543900.0,97.9487533569336
2017-07-28,99.58999633789062,98.51000213623047,99.12000274658203,99.1500015258789,6558800.0,97.53560638427734
2017-07-31,100.0,99.13999938964844,99.5,99.55999755859375,7576600.0,97.93893432617188
2017-08-01,101.06999969482422,99.95999908447266,100.36000061035156,100.87000274658203,6018100.0,99.22758483886719
2017-08-02,101.27999877929688,100.23999786376953,101.02999877929688,101.27999877929688,5955600.0,99.63092041015625
2017-08-03,101.0999984741211,100.33000183105469,100.94000244140625,100.58999633789062,5697500.0,98.9521484375
2017-08-04,101.33999633789062,100.61000061035156,100.95999908447266,100.88999938964844,4618000.0,99.24727630615234
2017-08-07,101.54000091552734,100.58999633789062,100.91999816894531,101.48999786376953,7047100.0,99.83750915527344
2017-08-08,101.72000122070312,100.93000030517578,101.5,101.27999877929688,6283700.0,99.63092041015625
2017-08-09,101.30000305175781,100.5999984741211,100.76000213623047,100.97000122070312,6902100.0,99.32597351074219
2017-08-10,100.87999725341797,99.43000030517578,100.54000091552734,99.48999786376953,8560800.0,97.87006378173828
2017-08-11,100.30000305175781,99.52999877929688,99.55000305175781,100.08999633789062,5268200.0,98.46028900146484
2017-08-14,102.11000061035156,100.75,100.9800033569336,101.87000274658203,5657600.0,100.2113265991211
2017-08-15,102.77999877929688,101.97000122070312,102.36000061035156,102.62999725341797,5386000.0,100.95893859863281
2017-08-16,103.93000030517578,102.63999938964844,102.76000213623047,103.31999969482422,13408300.0,101.8013687133789
2017-08-17,103.52999877929688,102.16000366210938,103.33000183105469,102.16000366210938,7381600.0,100.65843963623047
2017-08-18,103.08999633789062,101.94000244140625,102.08000183105469,102.51000213623047,5670900.0,101.0032730102539
2017-08-21,103.3499984741211,102.33000183105469,102.62000274658203,103.22000122070312,5395000.0,101.70285034179688
2017-08-22,104.19999694824219,103.13999938964844,103.44000244140625,104.06999969482422,5481000.0,102.54035186767578
2017-08-23,103.97000122070312,102.98999786376953,103.7699966430664,103.18000030517578,5057200.0,101.6634292602539
2017-08-24,103.5,102.63999938964844,103.31999969482422,103.22000122070312,4082300.0,101.70285034179688
2017-08-25,103.87999725341797,103.16000366210938,103.6500015258789,103.3499984741211,4467400.0,101.8309326171875
2017-08-28,103.83000183105469,103.26000213623047,103.6500015258789,103.77999877929688,3919900.0,102.25460052490234
2017-08-29,104.06999969482422,102.63999938964844,102.91999816894531,103.7699966430664,7135300.0,102.24475860595703
2017-08-30,104.0,103.5199966430664,103.69999694824219,103.7300033569336,8712700.0,102.20536041259766
2017-08-31,104.19000244140625,103.02999877929688,104.05999755859375,103.5199966430664,13766000.0,101.99842071533203
2017-09-01,104.08000183105469,103.44000244140625,104.04000091552734,103.9000015258789,4466800.0,102.37284851074219
2017-09-05,103.45999908447266,102.26000213623047,103.4000015258789,103.01000213623047,6337500.0,101.49593353271484
2017-09-06,103.75,103.0999984741211,103.33999633789062,103.18000030517578,6372200.0,101.6634292602539
2017-09-07,105.44000244140625,103.61000061035156,103.70999908447266,104.55999755859375,6508600.0,103.02315521240234
2017-09-08,104.7699966430664,104.05999755859375,104.33000183105469,104.43000030517578,5787200.0,102.89505767822266
2017-09-11,106.1500015258789,105.1500015258789,105.4800033569336,106.1500015258789,6956000.0,104.58978271484375
2017-09-12,106.63999938964844,105.76000213623047,106.63999938964844,106.20999908447266,5212400.0,104.64889526367188
2017-09-13,106.26000213623047,105.23999786376953,106.26000213623047,105.83000183105469,6215700.0,104.27447509765625
2017-09-14,106.83999633789062,105.5,105.5,106.08000183105469,8154000.0,104.52080535888672
2017-09-15,106.13999938964844,104.94999694824219,105.73999786376953,105.30000305175781,12622900.0,103.75228118896484
2017-09-18,105.5199966430664,104.62000274658203,105.3499984741211,104.83000183105469,7330300.0,103.28919219970703
2017-09-19,105.93000030517578,104.83000183105469,105.12999725341797,105.41000366210938,9754400.0,103.86066436767578
2017-09-20,105.7699966430664,104.45999908447266,105.5,104.97000122070312,8198600.0,103.42711639404297
2017-09-21,105.61000061035156,104.6500015258789,105.0,105.30999755859375,4777600.0,103.76213073730469
2017-09-22,105.68000030517578,105.05999755859375,105.20999908447266,105.55999755859375,4959400.0,104.0084457397461
2017-09-25,105.6500015258789,102.75,105.5,103.0199966430664,9395300.0,101.50577545166016
2017-09-26,104.0199966430664,102.87999725341797,103.11000061035156,102.94000244140625,6263600.0,101.42697143554688
2017-09-27,104.12000274658203,102.9000015258789,103.06999969482422,103.88999938964844,8337400.0,102.36299133300781
2017-09-28,104.9800033569336,103.73999786376953,103.75,104.58000183105469,5947800.0,103.04285430908203
2017-09-29,105.43000030517578,104.69000244140625,104.75,105.23999786376953,7676300.0,103.69315338134766
2017-10-02,105.98999786376953,105.0999984741211,105.54000091552734,105.44000244140625,4885600.0,103.89022064208984
2017-10-03,105.9000015258789,105.29000091552734,105.6500015258789,105.58999633789062,4411100.0,104.03801727294922
2017-10-04,105.73999786376953,104.9000015258789,105.70999908447266,105.30999755859375,4146800.0,103.76213073730469
2017-10-05,106.25,105.1500015258789,105.5999984741211,106.23999786376953,4396100.0,104.67845153808594
2017-10-06,106.95999908447266,105.87000274658203,106.29000091552734,106.7300033569336,4587000.0,105.1612548828125
2017-10-09,107.6500015258789,106.54000091552734,106.5999984741211,107.01000213623047,4787000.0,105.4371337890625
2017-10-10,107.5999984741211,106.81999969482422,107.58000183105469,107.30999755859375,4015600.0,105.73271942138672
2017-10-11,108.58999633789062,107.5999984741211,107.69999694824219,108.44000244140625,6473100.0,106.84612274169922
2017-10-12,108.70999908447266,107.9000015258789,108.5,108.11000061035156,6496100.0,106.5209732055664
2017-10-13,109.26000213623047,108.4000015258789,108.5,108.66000366210938,5154600.0,107.06289672851562
2017-10-16,109.05000305175781,107.16000366210938,108.79000091552734,108.30000305175781,5552200.0,106.70817565917969
2017-10-17,108.41999816894531,107.30000305175781,108.25,107.54000091552734,5979400.0,105.9593505859375
2017-10-18,108.0,107.45999908447266,107.62000274658203,107.80000305175781,4817300.0,106.21552276611328
2017-10-19,107.77999877929688,106.9000015258789,107.2699966430664,107.0199966430664,10840200.0,105.44698333740234
2017-10-20,107.69999694824219,106.97000122070312,107.69999694824219,107.55000305175781,7848900.0,105.96920013427734
2017-10-23,108.2300033569336,107.0999984741211,108.05000305175781,107.52999877929688,6316700.0,105.94949340820312
2017-10-24,108.63999938964844,107.18000030517578,107.55999755859375,108.41000366210938,10511200.0,106.81656646728516
2017-10-25,110.61000061035156,108.0,109.41000366210938,109.48999786376953,13261300.0,107.88069152832031
2017-10-26,110.73999786376953,109.66999816894531,110.37999725341797,109.80000305175781,7380100.0,108.18614196777344
2017-10-27,110.12999725341797,108.69000244140625,110.06999969482422,109.70999908447266,7862700.0,108.09744262695312
2017-10-30,110.23999786376953,108.91999816894531,109.66999816894531,110.04000091552734,5148600.0,108.422607421875
2017-10-31,110.69000244140625,108.66000366210938,110.58000183105469,109.9800033569336,8002500.0,108.36348724365234
2017-11-01,111.4000015258789,110.41999816894531,110.5,111.06999969482422,6167300.0,109.43746948242188
2017-11-02,111.37000274658203,110.19999694824219,111.0199966430664,110.9800033569336,5506600.0,109.34878540039062
2017-11-03,111.41999816894531,110.51000213623047,110.94000244140625,111.36000061035156,3757600.0,109.72320556640625
2017-11-06,112.1500015258789,111.19999694824219,111.36000061035156,111.91999816894531,4094700.0,110.27497863769531
2017-11-07,112.47000122070312,111.55999755859375,112.25,112.08999633789062,3697900.0,110.44247436523438
2017-11-08,112.91000366210938,111.81999969482422,112.01000213623047,112.47000122070312,4417800.0,110.81689453125
2017-11-09,112.22000122070312,110.93000030517578,111.80000305175781,112.13999938964844,4334700.0,110.49173736572266
2017-11-10,111.9800033569336,111.27999877929688,111.70999908447266,111.87999725341797,4198900.0,110.23554992675781
2017-11-13,111.86000061035156,111.33999633789062,111.55000305175781,111.4000015258789,7185600.0,109.76261138916016
2017-11-14,112.04000091552734,110.80999755859375,111.08000183105469,111.9800033569336,5679600.0,110.33409118652344
2017-11-15,111.87000274658203,110.13999938964844,111.33999633789062,110.25,6895100.0,108.62950897216797
2017-11-16,111.44000244140625,110.56999969482422,110.75,111.0199966430664,5655100.0,109.5820083618164
2017-11-17,110.91000366210938,109.69999694824219,110.69000244140625,109.81999969482422,8812400.0,108.39755249023438
2017-11-20,110.68000030517578,109.69000244140625,109.94999694824219,109.94999694824219,6873200.0,108.52587890625
2017-11-21,111.48999786376953,110.30000305175781,110.44999694824219,111.44999694824219,6456500.0,110.0064468383789
2017-11-22,111.66000366210938,110.69999694824219,111.5,110.81999969482422,4067600.0,109.38461303710938
2017-11-24,112.16000366210938,111.13999938964844,111.30999755859375,111.97000122070312,3045600.0,110.51972198486328
2017-11-27,112.54000091552734,111.91000366210938,112.0,112.37999725341797,6620500.0,110.92440032958984
2017-11-28,113.62000274658203,112.55999755859375,112.5999984741211,113.36000061035156,6671300.0,111.89170837402344
2017-11-29,113.62000274658203,106.9000015258789,113.62000274658203,109.86000061035156,14505400.0,108.43704223632812
2017-11-30,112.58999633789062,110.02999877929688,110.5,112.58999633789062,18533300.0,111.13168334960938
2017-12-01,112.44000244140625,109.76000213623047,112.37999725341797,110.7300033569336,13101800.0,109.2957763671875
2017-12-04,111.44999694824219,106.97000122070312,111.33000183105469,107.43000030517578,18909100.0,106.03851318359375
2017-12-05,109.23999786376953,106.5999984741211,108.88999938964844,108.58000183105469,12081500.0,107.17361450195312
2017-12-06,110.16999816894531,108.26000213623047,108.48999786376953,109.73999786376953,7532100.0,108.31859588623047
2017-12-07,111.41000366210938,109.44999694824219,109.7699966430664,111.4000015258789,7384900.0,109.95709228515625
2017-12-08,112.61000061035156,111.81999969482422,112.12999725341797,112.5999984741211,7594900.0,111.14154815673828
2017-12-11,113.3499984741211,112.16000366210938,112.5,112.37000274658203,7538600.0,110.91452026367188
2017-12-12,113.7300033569336,112.0,112.37000274658203,113.45999908447266,8754400.0,111.99040222167969
2017-12-13,114.37000274658203,113.19000244140625,113.75,113.30999755859375,8088900.0,111.84234619140625
2017-12-14,114.08999633789062,112.91999816894531,113.55000305175781,112.91999816894531,9815600.0,111.4573974609375
2017-12-15,114.19999694824219,112.38999938964844,113.97000122070312,113.81999969482422,16388000.0,112.34574890136719
2017-12-18,114.75,113.25,114.69000244140625,113.55000305175781,8961800.0,112.0792465209961
2017-12-19,113.27999877929688,112.08000183105469,113.27999877929688,112.13999938964844,7899400.0,110.68751525878906
2017-12-20,113.0999984741211,111.98999786376953,112.72000122070312,112.12000274658203,6201900.0,110.66776275634766
2017-12-21,113.0999984741211,112.31999969482422,112.5999984741211,112.41000366210938,8866400.0,110.95401000976562
2017-12-22,113.11000061035156,112.25,112.38999938964844,112.69000244140625,6190100.0,111.23039245605469
2017-12-26,113.44000244140625,112.06999969482422,112.06999969482422,112.98999786376953,3948900.0,111.52649688720703
2017-12-27,114.06999969482422,112.6500015258789,112.69000244140625,114.0199966430664,7073100.0,112.54315185546875
2017-12-28,114.91999816894531,113.98999786376953,114.30000305175781,114.3499984741211,6937100.0,112.86888122558594
2017-12-29,114.88999938964844,114.0199966430664,114.75,114.0199966430664,5249000.0,112.54315185546875
2018-01-02,115.08000183105469,113.94999694824219,114.56999969482422,114.51000213623047,6080900.0,113.02681732177734
2018-01-03,115.79000091552734,114.66000366210938,114.94999694824219,115.6500015258789,6946100.0,114.15203857421875
2018-01-04,117.36000061035156,116.02999877929688,116.25,116.08000183105469,7805300.0,114.57648468017578
2018-01-05,119.0,116.41999816894531,116.98999786376953,118.86000061035156,8590500.0,117.32046508789062
2018-01-08,120.4800033569336,118.06999969482422,118.61000061035156,119.33999633789062,6660700.0,117.79424285888672
2018-01-09,119.97000122070312,118.66000366210938,119.97000122070312,119.11000061035156,6562400.0,117.56723022460938
2018-01-10,119.05000305175781,117.45999908447266,118.69000244140625,118.9800033569336,7490300.0,117.43891906738281
2018-01-11,119.9800033569336,118.68000030517578,118.80000305175781,119.83999633789062,5982100.0,118.28776550292969
2018-01-12,120.3499984741211,119.70999908447266,120.12000274658203,120.08999633789062,5585800.0,118.53453063964844
2018-01-16,121.94000244140625,119.91000366210938,121.18000030517578,120.38999938964844,8803800.0,118.83065032958984
2018-01-17,122.16000366210938,120.7300033569336,121.19999694824219,121.9800033569336,7991500.0,120.40005493164062
2018-01-18,123.19999694824219,122.02999877929688,122.5199966430664,123.11000061035156,8661000.0,121.51542663574219
2018-01-19,123.6500015258789,121.91999816894531,123.05000305175781,122.69999694824219,8250700.0,121.11073303222656
2018-01-22,124.33000183105469,122.4000015258789,122.87000274658203,124.33000183105469,9355000.0,122.71961975097656
2018-01-23,125.51000213623047,124.20999908447266,124.5999984741211,124.6500015258789,5683300.0,123.03547668457031
2018-01-24,125.44999694824219,123.70999908447266,125.05000305175781,124.55000305175781,6425200.0,122.93675994873047
2018-01-25,125.47000122070312,124.62999725341797,125.0,125.22000122070312,7166400.0,123.59809112548828
2018-01-26,126.37999725341797,124.76000213623047,125.7699966430664,126.31999969482422,5604900.0,124.68385314941406
2018-01-29,126.87999725341797,124.69000244140625,126.73999786376953,124.83999633789062,6257900.0,123.2229995727539
2018-01-30,124.29000091552734,122.83999633789062,123.81999969482422,123.55000305175781,8154400.0,121.9497299194336
2018-01-31,124.4800033569336,123.04000091552734,123.77999877929688,124.2300033569336,7338200.0,122.62091827392578
2018-02-01,126.26000213623047,124.0999984741211,124.73999786376953,125.72000122070312,11169700.0,124.09161376953125
2018-02-02,123.72000122070312,120.69999694824219,123.72000122070312,120.91000366210938,13937700.0,119.34391021728516
2018-02-05,121.12999725341797,115.01000213623047,118.69999694824219,116.2699966430664,16623900.0,114.7640151977539
2018-02-06,120.30000305175781,113.25,115.19999694824219,119.97000122070312,19053300.0,118.41609191894531
2018-02-07,122.45999908447266,119.20999908447266,120.08999633789062,119.6500015258789,9294000.0,118.1002426147461
2018-02-08,119.81999969482422,113.54000091552734,119.52999877929688,113.86000061035156,12673400.0,112.38522338867188
2018-02-09,117.20999908447266,111.0199966430664,114.55000305175781,116.31999969482422,17695500.0,114.81336212158203
2018-02-12,118.83999633789062,116.87999725341797,117.79000091552734,118.47000122070312,11526300.0,116.9355239868164
2018-02-13,118.80000305175781,117.12999725341797,117.8499984741211,118.3499984741211,7803900.0,116.81707763671875
2018-02-14,120.94999694824219,117.5,117.62000274658203,120.83000183105469,9206400.0,119.26495361328125
2018-02-15,122.30999755859375,119.97000122070312,121.69999694824219,122.27999877929688,6921300.0,120.90630340576172
2018-02-16,122.98999786376953,121.56999969482422,121.62999725341797,121.8499984741211,6371400.0,120.48113250732422
2018-02-20,123.05000305175781,121.0199966430664,121.3499984741211,122.01000213623047,6182800.0,120.63932800292969
2018-02-21,122.83000183105469,120.41000366210938,122.05000305175781,120.43000030517578,7676100.0,119.07708740234375
2018-02-22,121.37999725341797,119.62000274658203,120.66999816894531,120.37999725341797,4994000.0,119.02764892578125
2018-02-23,122.95999908447266,121.22000122070312,121.56999969482422,122.93000030517578,5036900.0,121.54899597167969
2018-02-26,124.5999984741211,123.31999969482422,123.58000183105469,124.58999633789062,6270500.0,123.19034576416016
2018-02-27,125.30000305175781,123.3499984741211,124.69999694824219,123.37000274658203,7287200.0,121.98406219482422
2018-02-28,124.9800033569336,122.87999725341797,123.6500015258789,122.94000244140625,6780900.0,121.55888366699219
2018-03-01,124.0,119.62000274658203,123.26000213623047,120.4000015258789,8819600.0,119.04741668701172
2018-03-02,120.9800033569336,117.86000061035156,119.08999633789062,120.7699966430664,7581900.0,119.41325378417969
2018-03-05,122.30999755859375,119.44000244140625,120.44999694824219,121.87999725341797,5810200.0,120.51080322265625
2018-03-06,123.23999786376953,120.66999816894531,122.83000183105469,121.05999755859375,7464400.0,119.69999694824219
2018-03-07,122.23999786376953,119.69999694824219,120.02999877929688,121.8499984741211,7254100.0,120.48113250732422
2018-03-08,122.81999969482422,121.16999816894531,121.95999908447266,122.22000122070312,6948900.0,120.84697723388672
2018-03-09,124.79000091552734,122.87000274658203,123.25,124.51000213623047,6397700.0,123.11125183105469
2018-03-12,124.9800033569336,123.4800033569336,124.75,124.23999786376953,8636000.0,122.84428405761719
2018-03-13,125.0,122.9000015258789,124.25,123.19999694824219,9479500.0,121.81596374511719
2018-03-14,124.04000091552734,121.9000015258789,124.04000091552734,122.58000183105469,7855000.0,121.20291900634766
2018-03-15,124.41999816894531,122.69999694824219,123.12999725341797,123.41000366210938,5861900.0,122.02362060546875
2018-03-16,125.05000305175781,123.33000183105469,123.8499984741211,124.52999877929688,9447100.0,123.13102722167969
2018-03-19,124.30999755859375,122.27999877929688,123.94000244140625,123.20999908447266,17387800.0,121.82585144042969
2018-03-20,125.16999816894531,123.30000305175781,123.37999725341797,124.91000366210938,7779700.0,123.50675964355469
2018-03-21,125.44000244140625,123.06999969482422,124.9000015258789,123.22000122070312,7359500.0,121.83573150634766
2018-03-22,122.68000030517578,119.69999694824219,122.19999694824219,119.98999786376953,10501500.0,118.64202880859375
2018-03-23,120.33000183105469,116.76000213623047,119.88999938964844,117.0,10024300.0,115.68561553955078
2018-03-26,120.73999786376953,117.80000305175781,119.08999633789062,120.63999938964844,8735400.0,119.28472137451172
2018-03-27,121.5999984741211,116.73999786376953,121.5199966430664,117.4000015258789,9008600.0,116.08111572265625
2018-03-28,118.06999969482422,116.02999877929688,116.93000030517578,116.98999786376953,9420400.0,115.67573547363281
2018-03-29,120.58999633789062,117.04000091552734,117.68000030517578,119.62000274658203,12918100.0,118.27619171142578
2018-04-02,119.83000183105469,116.76000213623047,119.2699966430664,118.38999938964844,9877100.0,117.05998992919922
2018-04-03,119.98999786376953,117.48999786376953,118.88999938964844,119.19999694824219,7084800.0,117.86088562011719
2018-04-04,120.12000274658203,116.70999908447266,116.9000015258789,119.80999755859375,8425700.0,118.46404266357422
2018-04-05,122.01000213623047,120.37000274658203,121.0,121.19000244140625,6816000.0,119.82855224609375
2018-04-06,120.55999755859375,117.12000274658203,120.18000030517578,117.69999694824219,8383800.0,116.37774658203125
2018-04-09,120.66999816894531,118.62999725341797,118.62999725341797,118.79000091552734,7024800.0,117.45551300048828
2018-04-10,121.16000366210938,119.63999938964844,120.55999755859375,120.72000122070312,8947200.0,119.36382293701172
2018-04-11,121.66000366210938,119.62000274658203,119.98999786376953,119.77999877929688,5874900.0,118.43438720703125
2018-04-12,121.9800033569336,120.38999938964844,120.4000015258789,121.06999969482422,5666000.0,119.70989990234375
2018-04-13,122.47000122070312,120.6500015258789,121.7300033569336,120.75,9174300.0,119.39349365234375
2018-04-16,122.87000274658203,121.51000213623047,122.11000061035156,121.87999725341797,6903200.0,120.51080322265625
2018-04-17,124.26000213623047,122.5199966430664,122.91000366210938,123.80000305175781,5979600.0,122.40921020507812
2018-04-18,124.87000274658203,123.37999725341797,124.05999755859375,124.4800033569336,5171000.0,123.08158874511719
2018-04-19,124.72000122070312,123.1500015258789,124.30999755859375,123.95999908447266,7294100.0,122.56742095947266
2018-04-20,124.81999969482422,123.30999755859375,124.05999755859375,124.19999694824219,7479400.0,122.80472564697266
2018-04-23,124.97000122070312,123.9000015258789,124.30000305175781,124.45999908447266,8004300.0,123.06180572509766
2018-04-24,125.04000091552734,120.55000305175781,124.87000274658203,121.2699966430664,9434400.0,119.90763854980469
2018-04-25,121.3499984741211,119.37000274658203,121.13999938964844,121.20999908447266,8001200.0,119.84832000732422
2018-04-26,127.58999633789062,123.77999877929688,125.13999938964844,127.08000183105469,14345800.0,125.65237426757812
2018-04-27,127.05999755859375,125.38999938964844,126.44000244140625,126.01000213623047,6842700.0,124.59439849853516
2018-04-30,127.9000015258789,126.66000366210938,126.73999786376953,126.87999725341797,8449200.0,125.45462036132812
2018-05-01,127.56999969482422,125.51000213623047,126.86000061035156,127.51000213623047,6407300.0,126.07754516601562
2018-05-02,128.10000610351562,126.0,127.87999725341797,126.37999725341797,8515300.0,124.96023559570312
2018-05-03,127.45999908447266,125.31999969482422,125.80999755859375,127.18000030517578,6778600.0,125.75123596191406
2018-05-04,128.36000061035156,126.06999969482422,126.33000183105469,128.16000366210938,5798400.0,126.72025299072266
2018-05-07,129.52000427246094,128.25,128.39999389648438,129.25999450683594,5737300.0,127.80787658691406
2018-05-08,129.97000122070312,128.30999755859375,129.13999938964844,129.89999389648438,5044700.0,128.44065856933594
2018-05-09,131.0,129.58999633789062,130.00999450683594,130.83999633789062,6119400.0,129.37013244628906
2018-05-10,131.75,130.72000122070312,131.2899932861328,131.0,6585800.0,129.52833557128906
2018-05-11,132.08999633789062,130.22999572753906,131.0,131.82000732421875,5437100.0,130.33914184570312
2018-05-14,132.5,130.6699981689453,132.42999267578125,131.2100067138672,5017000.0,129.73599243164062
2018-05-15,131.39999389648438,129.89999389648438,130.55999755859375,131.10000610351562,5532300.0,129.62722778320312
2018-05-16,131.39999389648438,130.5399932861328,131.08999633789062,130.88999938964844,5124200.0,129.41958618164062
2018-05-17,130.8000030517578,129.61000061035156,130.5800018310547,129.92999267578125,4911700.0,128.6768035888672
2018-05-18,130.33999633789062,129.07000732421875,129.6199951171875,129.92999267578125,6082700.0,128.6768035888672
2018-05-21,131.50999450683594,129.99000549316406,130.9499969482422,130.66000366210938,5591800.0,129.39976501464844
2018-05-22,131.77999877929688,130.5,131.0,130.7100067138672,6645500.0,129.44927978515625
2018-05-23,131.91000366210938,129.8000030517578,130.05999755859375,131.8800048828125,6569100.0,130.60800170898438
2018-05-24,132.2100067138672,130.5,131.82000732421875,131.88999938964844,6035200.0,130.61790466308594
2018-05-25,132.10000610351562,130.92999267578125,131.8800048828125,131.27999877929688,7509600.0,130.01376342773438
2018-05-29,131.0500030517578,129.05999755859375,130.38999938964844,129.69000244140625,10401900.0,128.43911743164062
2018-05-30,131.10000610351562,129.8699951171875,130.1999969482422,130.63999938964844,10631300.0,129.37994384765625
2018-05-31,131.5800018310547,129.97999572753906,130.64999389648438,130.72000122070312,11086000.0,129.4591827392578
2018-06-01,132.50999450683594,130.36000061035156,131.83999633789062,130.85000610351562,8323400.0,129.5879364013672
2018-06-04,133.57000732421875,131.42999267578125,131.94000244140625,133.07000732421875,7178000.0,131.78651428222656
2018-06-05,133.6199951171875,132.6999969482422,133.3800048828125,133.55999755859375,6198200.0,132.27178955078125
2018-06-06,136.30999755859375,133.61000061035156,134.0,136.27999877929688,8065800.0,134.96556091308594
2018-06-07,136.5800018310547,133.0500030517578,136.36000061035156,133.83999633789062,8309200.0,132.54908752441406
2018-06-08,134.9199981689453,133.22999572753906,133.44000244140625,134.74000549316406,5261000.0,133.44041442871094
2018-06-11,135.19000244140625,133.80999755859375,134.89999389648438,133.91000366210938,7988700.0,132.61842346191406
2018-06-12,135.1300048828125,133.5399932861328,134.0399932861328,134.86000061035156,5743300.0,133.5592498779297
2018-06-13,135.77000427246094,134.30999755859375,135.17999267578125,134.39999389648438,4881600.0,133.1036834716797
2018-06-14,135.6999969482422,134.75,134.9600067138672,135.0,6464100.0,133.69790649414062
2018-06-15,135.72999572753906,134.0,135.10000610351562,135.10000610351562,10044500.0,133.7969512939453
2018-06-18,136.30999755859375,134.1199951171875,134.3699951171875,136.1999969482422,8713300.0,134.88632202148438
2018-06-19,135.24000549316406,133.57000732421875,134.55999755859375,135.11000061035156,6557600.0,133.80685424804688
2018-06-20,136.69000244140625,135.5,135.52000427246094,135.5,7192000.0,134.19308471679688
2018-06-21,136.1199951171875,134.25999450683594,135.27000427246094,134.52999877929688,8689800.0,133.23243713378906
2018-06-22,135.85000610351562,134.25999450683594,135.60000610351562,135.3300018310547,6031900.0,134.02471923828125
2018-06-25,134.91000366210938,129.52999877929688,134.91000366210938,130.92999267578125,10086200.0,129.6671600341797
2018-06-26,133.7899932861328,131.61000061035156,132.11000061035156,132.5500030517578,7733900.0,131.27151489257812
2018-06-27,133.66000366210938,131.00999450683594,133.00999450683594,131.02000427246094,7282100.0,129.7563018798828
2018-06-28,133.1199951171875,130.64999389648438,131.0,132.74000549316406,6576500.0,131.45970153808594
2018-06-29,134.19000244140625,132.4499969482422,133.27999877929688,132.4499969482422,7259000.0,131.17247009277344
2018-07-02,133.0500030517578,131.14999389648438,131.9600067138672,132.5,7554400.0,131.22201538085938
2018-07-03,133.41000366210938,131.4199981689453,133.00999450683594,131.4499969482422,3621600.0,130.18214416503906
2018-07-05,133.3300018310547,131.8300018310547,132.1300048828125,133.2899932861328,4729300.0,132.00439453125
2018-07-06,134.27999877929688,132.5,133.5800018310547,134.08999633789062,4839800.0,132.7966766357422
2018-07-09,135.97000122070312,134.7899932861328,134.94000244140625,135.52000427246094,8960700.0,134.212890625
2018-07-10,137.3300018310547,135.33999633789062,135.57000732421875,136.69000244140625,6561900.0,135.37159729003906
2018-07-11,138.80999755859375,136.60000610351562,136.6300048828125,138.14999389648438,10648700.0,136.8175506591797
2018-07-12,139.9499969482422,138.66000366210938,139.00999450683594,139.89999389648438,11816100.0,138.55062866210938
2018-07-13,140.02999877929688,137.5399932861328,139.7899932861328,139.4199981689453,7865700.0,138.0752716064453
2018-07-16,139.5500030517578,138.16000366210938,139.4199981689453,138.4600067138672,4969900.0,137.12454223632812
2018-07-17,139.91000366210938,137.4199981689453,138.17999267578125,139.63999938964844,5412600.0,138.29315185546875
2018-07-18,141.1699981689453,139.3699951171875,139.91000366210938,140.89999389648438,7008600.0,139.54100036621094
2018-07-19,140.99000549316406,139.92999267578125,140.9499969482422,140.1300048828125,7937000.0,138.77842712402344
2018-07-20,141.47000122070312,139.9199981689453,140.0,140.99000549316406,7153600.0,139.63014221191406
2018-07-23,140.97000122070312,139.63999938964844,140.66000366210938,140.02999877929688,7723600.0,138.67938232421875
2018-07-24,141.47000122070312,139.50999450683594,140.99000549316406,140.02999877929688,8336700.0,138.67938232421875
2018-07-25,142.77000427246094,139.89999389648438,140.33999633789062,142.63999938964844,8376000.0,141.2642059326172
2018-07-26,142.7899932861328,139.52999877929688,141.61000061035156,142.5,10520800.0,141.1255645751953
2018-07-27,143.13999938964844,139.2100067138672,143.0800018310547,140.7100067138672,7014900.0,139.3528289794922
2018-07-30,140.4199981689453,135.30999755859375,140.1300048828125,136.47999572753906,12812400.0,135.1636199951172
2018-07-31,138.02000427246094,135.6300048828125,137.1300048828125,136.74000549316406,7683300.0,135.42112731933594
2018-08-01,138.74000549316406,137.41000366210938,137.74000549316406,138.25,7087700.0,136.91656494140625
2018-08-02,139.19000244140625,137.0,137.4499969482422,138.9199981689453,12300000.0,137.580078125
2018-08-03,139.86000061035156,137.94000244140625,139.2899932861328,139.82000732421875,4617500.0,138.47142028808594
2018-08-06,140.25999450683594,139.0500030517578,139.64999389648438,139.7100067138672,5143000.0,138.3624725341797
2018-08-07,140.69000244140625,139.8699951171875,139.97999572753906,140.27999877929688,10034500.0,138.92698669433594
2018-08-08,140.99000549316406,139.8300018310547,139.97999572753906,140.67999267578125,5389500.0,139.3231201171875
2018-08-09,141.24000549316406,139.89999389648438,140.72999572753906,140.00999450683594,5679300.0,138.65957641601562
2018-08-10,140.74000549316406,139.25,139.8800048828125,139.72999572753906,6523500.0,138.38226318359375
2018-08-13,141.24000549316406,139.8300018310547,140.52999877929688,140.2100067138672,4817500.0,138.857666015625
2018-08-14,140.99000549316406,139.8800048828125,140.3000030517578,140.75999450683594,5888700.0,139.40235900878906
2018-08-15,140.69000244140625,138.83999633789062,140.35000610351562,139.9199981689453,5288400.0,138.57044982910156
2018-08-16,141.49000549316406,140.4199981689453,141.07000732421875,140.64999389648438,5931700.0,139.50277709960938
2018-08-17,141.7100067138672,140.57000732421875,140.77999877929688,141.3300018310547,7699600.0,140.17723083496094
2018-08-20,141.60000610351562,140.6999969482422,141.5399932861328,140.94000244140625,4662200.0,139.79042053222656
2018-08-21,141.4600067138672,139.8000030517578,141.0,140.0399932861328,6854300.0,138.8977508544922
2018-08-22,141.52999877929688,139.85000610351562,139.85000610351562,141.13999938964844,4191700.0,139.98878479003906
2018-08-23,142.4499969482422,140.77000427246094,141.00999450683594,142.10000610351562,4426800.0,140.94094848632812
2018-08-24,144.3800048828125,142.32000732421875,142.32000732421875,144.1999969482422,5714000.0,143.02381896972656
2018-08-27,145.60000610351562,144.7100067138672,144.99000549316406,145.39999389648438,7194900.0,144.21405029296875
2018-08-28,146.1699981689453,144.8699951171875,145.6300048828125,145.1999969482422,4925700.0,144.0156707763672
2018-08-29,147.3000030517578,145.4199981689453,145.4600067138672,147.02999877929688,5192900.0,145.8307342529297
2018-08-30,147.7100067138672,146.36000061035156,146.82000732421875,146.74000549316406,7804600.0,145.54310607910156
2018-08-31,147.63999938964844,146.5,146.74000549316406,146.88999938964844,5786600.0,145.69187927246094
2018-09-04,147.86000061035156,146.6699981689453,146.92999267578125,147.8000030517578,7638100.0,146.59446716308594
2018-09-05,147.82000732421875,142.5500030517578,147.0,142.6699981689453,11363400.0,141.5063018798828
2018-09-06,144.6999969482422,142.5399932861328,143.2899932861328,144.5,9589200.0,143.32138061523438
2018-09-07,144.44000244140625,142.75,143.99000549316406,143.1999969482422,13626200.0,142.031982421875
2018-09-10,144.44000244140625,143.2100067138672,144.1300048828125,144.0800018310547,5362700.0,142.90480041503906
2018-09-11,145.52000427246094,143.25,143.4600067138672,145.49000549316406,9895900.0,144.30331420898438
2018-09-12,146.8000030517578,145.07000732421875,145.85000610351562,146.57000732421875,6964100.0,145.37449645996094
2018-09-13,148.07000732421875,147.08999633789062,147.14999389648438,147.6300048828125,5803400.0,146.42584228515625
2018-09-14,148.3699951171875,147.35000610351562,147.91000366210938,147.83999633789062,4928300.0,146.63412475585938
2018-09-17,147.89999389648438,145.8300018310547,147.8300018310547,146.17999267578125,7708600.0,144.9876708984375
2018-09-18,148.08999633789062,145.9499969482422,146.1999969482422,147.6300048828125,5692100.0,146.42584228515625
2018-09-19,148.82000732421875,147.25,148.27999877929688,147.4199981689453,7432300.0,146.21755981445312
2018-09-20,149.49000549316406,147.1999969482422,147.99000549316406,149.24000549316406,7172700.0,148.02273559570312
2018-09-21,150.25999450683594,149.35000610351562,149.9499969482422,150.0500030517578,15628100.0,148.82611083984375
2018-09-24,149.64999389648438,147.27000427246094,149.16000366210938,149.11000061035156,6706700.0,147.89378356933594
2018-09-25,149.9600067138672,149.10000610351562,149.7100067138672,149.5800018310547,4230700.0,148.35995483398438
2018-09-26,150.4199981689453,149.0399932861328,150.0,149.27000427246094,5852400.0,148.05245971679688
2018-09-27,150.63999938964844,149.55999755859375,149.89999389648438,150.02000427246094,5868500.0,148.79635620117188
2018-09-28,150.3699951171875,149.5500030517578,149.80999755859375,150.08999633789062,6035900.0,148.8657684326172
2018-10-01,151.55999755859375,150.61000061035156,150.88999938964844,150.7899932861328,9802100.0,149.56008911132812
2018-10-02,150.83999633789062,149.1699981689453,150.83999633789062,149.6699981689453,8047500.0,148.44921875
2018-10-03,150.7100067138672,149.19000244140625,150.7100067138672,149.3699951171875,7521100.0,148.15164184570312
2018-10-04,149.27999877929688,146.10000610351562,149.17999267578125,146.75999450683594,9208900.0,145.5629425048828
2018-10-05,147.41000366210938,144.39999389648438,146.63999938964844,145.36000061035156,7085700.0,144.1743621826172
2018-10-08,145.00999450683594,140.17999267578125,145.00999450683594,141.88999938964844,11637300.0,140.732666015625
2018-10-09,143.2899932861328,141.1199951171875,141.4600067138672,142.30999755859375,10798000.0,141.1492462158203
2018-10-10,142.69000244140625,135.2100067138672,142.57000732421875,135.52000427246094,15450100.0,134.41461181640625
2018-10-11,137.24000549316406,132.25999450683594,134.08999633789062,133.72999572753906,15657200.0,132.6392059326172
2018-10-12,140.97999572753906,137.42999267578125,138.47999572753906,140.05999755859375,12993300.0,138.9176025390625
2018-10-15,140.05999755859375,137.22000122070312,139.89999389648438,137.22999572753906,7953000.0,136.1106719970703
2018-10-16,142.13999938964844,138.67999267578125,138.7100067138672,141.74000549316406,11059500.0,140.58389282226562
2018-10-17,142.86000061035156,140.72999572753906,142.33999633789062,142.4499969482422,9170600.0,141.28810119628906
2018-10-18,142.4600067138672,137.9499969482422,142.4600067138672,139.2899932861328,10222600.0,138.1538543701172
2018-10-19,142.19000244140625,139.3800048828125,139.89999389648438,140.0800018310547,8696900.0,138.93743896484375
2018-10-22,141.5399932861328,139.50999450683594,140.97000122070312,140.63999938964844,6099500.0,139.4928741455078
2018-10-23,140.0399932861328,135.58999633789062,136.88999938964844,139.1199951171875,10736100.0,137.98524475097656
2018-10-24,140.17999267578125,134.0,139.6999969482422,134.25999450683594,13849600.0,133.1649169921875
2018-10-25,140.89999389648438,132.5,135.4499969482422,140.52000427246094,14985900.0,139.37384033203125
2018-10-26,139.8699951171875,136.05999755859375,137.97999572753906,137.74000549316406,12034900.0,136.6165313720703
2018-10-29,141.50999450683594,132.27000427246094,139.61000061035156,134.3300018310547,12768200.0,133.23434448242188
2018-10-30,134.86000061035156,129.7899932861328,133.0800018310547,132.75999450683594,15107600.0,131.67710876464844
2018-10-31,139.1199951171875,134.99000549316406,134.99000549316406,137.85000610351562,13205300.0,136.7256317138672
2018-11-01,140.8699951171875,137.49000549316406,139.0,140.8300018310547,16024000.0,139.6813201904297
2018-11-02,141.4499969482422,137.85000610351562,141.11000061035156,139.77999877929688,17063100.0,138.63987731933594
2018-11-05,140.2100067138672,138.07000732421875,139.8000030517578,139.8000030517578,6280000.0,138.6597137451172
2018-11-06,140.91000366210938,139.72000122070312,139.8000030517578,140.7899932861328,4732700.0,139.6416473388672
2018-11-07,144.89999389648438,142.32000732421875,142.33999633789062,144.77999877929688,20502100.0,143.59909057617188
2018-11-08,145.4600067138672,143.64999389648438,144.60000610351562,145.22999572753906,5927400.0,144.04542541503906
2018-11-09,144.57000732421875,142.36000061035156,144.1999969482422,143.92999267578125,8339800.0,142.75601196289062
2018-11-12,143.63999938964844,139.1699981689453,143.4199981689453,139.72000122070312,11335100.0,138.5803680419922
2018-11-13,141.89999389648438,139.00999450683594,140.35000610351562,139.72000122070312,6287000.0,138.5803680419922
2018-11-14,142.60000610351562,138.41000366210938,142.02000427246094,139.49000549316406,6613900.0,138.35223388671875
2018-11-15,141.91000366210938,137.92999267578125,138.85000610351562,141.83999633789062,8565000.0,140.93568420410156
2018-11-16,141.83999633789062,139.9199981689453,140.4199981689453,140.17999267578125,8628000.0,139.2862548828125
2018-11-19,140.57000732421875,134.25,140.47000122070312,134.75999450683594,16253000.0,133.9008026123047
2018-11-20,134.52999877929688,129.5399932861328,130.30999755859375,133.3699951171875,12720200.0,132.51966857910156
2018-11-21,135.77999877929688,133.6300048828125,134.36000061035156,134.4199981689453,7416300.0,133.56297302246094
2018-11-23,134.25,132.49000549316406,132.58999633789062,132.8699951171875,3676000.0,132.02285766601562
2018-11-26,136.52000427246094,134.25,134.60000610351562,135.94000244140625,9144600.0,135.0732879638672
2018-11-27,136.30999755859375,134.1199951171875,135.27999877929688,135.91000366210938,7877900.0,135.04347229003906
2018-11-28,141.5399932861328,136.8699951171875,137.07000732421875,141.3800048828125,11265100.0,140.47862243652344
2018-11-29,140.6999969482422,138.7100067138672,140.69000244140625,139.10000610351562,8751500.0,138.21311950683594
2018-11-30,142.25999450683594,138.6300048828125,139.00999450683594,141.7100067138672,11362800.0,140.8065185546875
2018-12-03,145.72000122070312,143.85000610351562,145.0,145.0,11285600.0,144.07553100585938
2018-12-04,144.35000610351562,138.5,143.1300048828125,138.63999938964844,13988900.0,137.75608825683594
2018-12-06,141.11000061035156,133.47999572753906,135.0399932861328,141.0500030517578,16391900.0,140.1507110595703
2018-12-07,142.1300048828125,135.99000549316406,140.82000732421875,137.11000061035156,14007700.0,136.23582458496094
2018-12-10,138.27000427246094,134.86000061035156,136.25,137.8800048828125,15744300.0,137.00091552734375
2018-12-11,140.0500030517578,135.9199981689453,139.94000244140625,136.80999755859375,12466300.0,135.937744140625
2018-12-12,140.8800048828125,137.75,139.3000030517578,137.8000030517578,10387200.0,136.9214324951172
2018-12-13,139.1300048828125,136.14999389648438,138.3000030517578,137.5399932861328,8780900.0,136.66307067871094
2018-12-14,136.72000122070312,134.5500030517578,135.69000244140625,135.08999633789062,9351200.0,134.2287139892578
2018-12-17,134.42999267578125,130.69000244140625,134.2100067138672,131.39999389648438,11796200.0,130.5622100830078
2018-12-18,134.1699981689453,131.8000030517578,132.2899932861328,132.66000366210938,12761900.0,131.814208984375
2018-12-19,135.8699951171875,129.52000427246094,132.92999267578125,131.25999450683594,13819000.0,130.42311096191406
2018-12-20,132.00999450683594,127.1500015258789,130.16000366210938,128.75999450683594,18091700.0,127.93905639648438
2018-12-21,130.3300018310547,122.94999694824219,127.18000030517578,124.26000213623047,25448600.0,123.46775817871094
2018-12-24,125.20999908447266,121.5999984741211,122.08000183105469,121.7300033569336,8617700.0,120.95388793945312
2018-12-26,130.24000549316406,123.0,123.0199966430664,130.22999572753906,13499500.0,129.39968872070312
2018-12-27,132.00999450683594,126.5199966430664,127.98999786376953,132.00999450683594,10883000.0,131.16835021972656
2018-12-28,133.6199951171875,129.66000366210938,133.0800018310547,130.94000244140625,7381300.0,130.10516357421875
2018-12-31,132.44000244140625,130.22999572753906,131.67999267578125,131.94000244140625,7976000.0,131.09878540039062
2019-01-02,133.74000549316406,129.60000610351562,130.0,132.9199981689453,8788000.0,132.07252502441406
2019-01-03,131.27999877929688,127.87999725341797,131.2100067138672,128.1300048828125,9428300.0,127.3130874633789
2019-01-04,134.58999633789062,130.1300048828125,130.44000244140625,133.64999389648438,11065800.0,132.79788208007812
2019-01-07,137.1699981689453,134.0399932861328,134.4499969482422,136.05999755859375,12928000.0,135.19252014160156
2019-01-08,138.19000244140625,135.9600067138672,137.97000122070312,136.8000030517578,9243000.0,135.9278106689453
2019-01-09,139.47999572753906,137.6199951171875,138.3000030517578,138.41000366210938,9987600.0,137.5275421142578
2019-01-10,138.82000732421875,136.36000061035156,136.80999755859375,138.6699981689453,12514900.0,137.78587341308594
2019-01-11,138.60000610351562,137.41000366210938,137.75,138.05999755859375,5860100.0,137.1797637939453
2019-01-14,138.1300048828125,136.64999389648438,136.99000549316406,137.10000610351562,8666700.0,136.2259063720703
2019-01-15,137.72000122070312,135.25,136.9600067138672,137.33999633789062,7594900.0,136.46434020996094
2019-01-16,138.8699951171875,137.07000732421875,138.39999389648438,137.33999633789062,7258000.0,136.46434020996094
2019-01-17,137.91000366210938,136.58999633789062,136.97000122070312,137.27999877929688,5864900.0,136.40475463867188
2019-01-18,138.60000610351562,136.63999938964844,138.30999755859375,138.5,10263500.0,137.61697387695312
2019-01-22,139.52000427246094,136.97999572753906,137.89999389648438,138.0500030517578,8102300.0,137.16983032226562
2019-01-23,138.97999572753906,136.14999389648438,138.77000427246094,137.00999450683594,5465800.0,136.13645935058594
2019-01-24,138.32000732421875,136.52000427246094,137.11000061035156,137.6999969482422,4924800.0,136.82205200195312
2019-01-25,139.89999389648438,137.6999969482422,139.0,138.6699981689453,9756300.0,137.78587341308594
2019-01-28,137.50999450683594,134.80999755859375,137.50999450683594,135.99000549316406,9857200.0,135.1229705810547
2019-01-29,136.69000244140625,134.11000061035156,136.58999633789062,135.0,7457700.0,134.1392822265625
2019-01-30,137.89999389648438,135.50999450683594,136.10000610351562,137.60000610351562,8078100.0,136.7227020263672
2019-01-31,135.72999572753906,133.3000030517578,134.38999938964844,135.00999450683594,20095700.0,134.1492156982422
2019-02-01,140.35000610351562,135.25999450683594,135.38999938964844,140.14999389648438,13248300.0,139.25645446777344
2019-02-04,141.52000427246094,139.17999267578125,139.7899932861328,141.5,11882700.0,140.5978546142578
2019-02-05,142.9499969482422,141.8300018310547,142.0,142.52999877929688,8455700.0,141.6212615966797
2019-02-06,142.4199981689453,141.0500030517578,141.9600067138672,141.49000549316406,6146900.0,140.58790588378906
2019-02-07,141.05999755859375,139.2100067138672,139.9199981689453,140.1699981689453,10675300.0,139.2763214111328
2019-02-08,140.39999389648438,138.52000427246094,138.69000244140625,140.3800048828125,5950700.0,139.48500061035156
2019-02-11,142.2899932861328,140.4499969482422,141.25999450683594,140.8000030517578,7600100.0,139.9022979736328
2019-02-12,142.8000030517578,141.25,141.7899932861328,141.99000549316406,6090000.0,141.08470153808594
2019-02-13,144.6999969482422,142.8699951171875,142.88999938964844,143.49000549316406,6885600.0,142.57516479492188
2019-02-14,143.47999572753906,142.39999389648438,142.97999572753906,143.16000366210938,6314000.0,142.4955291748047
2019-02-15,144.91000366210938,143.82000732421875,144.5500030517578,144.91000366210938,6536000.0,144.23741149902344
2019-02-19,144.8800048828125,144.02000427246094,144.4199981689453,144.44000244140625,8406700.0,143.7695770263672
2019-02-20,144.83999633789062,143.52000427246094,144.35000610351562,144.72999572753906,5283100.0,144.05824279785156
2019-02-21,145.02999877929688,143.17999267578125,144.35000610351562,144.0,8573400.0,143.33163452148438
2019-02-22,146.27999877929688,144.4199981689453,144.4199981689453,145.8699951171875,9680800.0,145.19293212890625
2019-02-25,147.1999969482422,145.80999755859375,146.91000366210938,146.05999755859375,9731200.0,145.38204956054688
2019-02-26,147.39999389648438,145.02000427246094,145.1999969482422,147.0399932861328,7332500.0,146.3574981689453
2019-02-27,147.49000549316406,145.9199981689453,146.5,147.22000122070312,9731200.0,146.53668212890625
2019-02-28,148.82000732421875,147.22999572753906,147.25999450683594,148.1199951171875,6250200.0,147.4324951171875
2019-03-01,149.92999267578125,148.3800048828125,149.4600067138672,149.47000122070312,7016800.0,148.7762451171875
2019-03-04,150.19000244140625,146.9499969482422,150.07000732421875,147.9600067138672,6979700.0,147.27325439453125
2019-03-05,149.2899932861328,147.8300018310547,148.0,147.9499969482422,9678600.0,147.26329040527344
2019-03-06,148.52000427246094,147.4199981689453,148.0,147.80999755859375,8186400.0,147.12393188476562
2019-03-07,147.80999755859375,146.0399932861328,147.25999450683594,146.8300018310547,8761700.0,146.1484832763672
2019-03-08,147.47999572753906,144.5,145.44000244140625,147.35000610351562,5168100.0,146.6660919189453
2019-03-11,150.97000122070312,148.02000427246094,148.11000061035156,150.6699981689453,9361500.0,149.97067260742188
2019-03-12,153.13999938964844,150.8699951171875,151.0,151.72999572753906,9465100.0,151.02574157714844
2019-03-13,154.0399932861328,152.0399932861328,152.3000030517578,152.47000122070312,8308900.0,151.76231384277344
2019-03-14,154.69000244140625,152.3000030517578,152.55999755859375,154.1999969482422,9364900.0,153.48428344726562
2019-03-15,156.82000732421875,153.36000061035156,153.72000122070312,155.4600067138672,20162000.0,154.73843383789062
2019-03-18,156.41000366210938,154.4199981689453,155.9199981689453,154.9600067138672,9689400.0,154.24075317382812
2019-03-19,155.9499969482422,154.13999938964844,155.9499969482422,154.58999633789062,9236100.0,153.87245178222656
2019-03-20,154.8699951171875,152.7100067138672,154.33999633789062,153.75,6391400.0,153.03636169433594
2019-03-21,156.67999267578125,153.30999755859375,153.32000732421875,155.8000030517578,7027100.0,155.0768585205078
2019-03-22,155.67999267578125,152.85000610351562,154.99000549316406,153.07000732421875,8119800.0,152.35952758789062
2019-03-25,154.05999755859375,151.5399932861328,152.36000061035156,153.02999877929688,7568000.0,152.3197021484375
2019-03-26,155.60000610351562,153.77000427246094,153.77000427246094,155.3000030517578,15594400.0,154.5791778564453
2019-03-27,155.86000061035156,153.36000061035156,155.47000122070312,154.22000122070312,12253800.0,153.5041961669922
2019-03-28,155.0800018310547,153.61000061035156,154.92999267578125,154.6699981689453,16902200.0,153.9521026611328
2019-03-29,156.2899932861328,154.92999267578125,155.72999572753906,156.19000244140625,12164400.0,155.4650421142578
2019-04-01,157.72999572753906,156.5500030517578,157.52999877929688,157.25999450683594,6420100.0,156.5300750732422
2019-04-02,158.14999389648438,156.75,157.66000366210938,157.77999877929688,6215100.0,157.0476531982422
2019-04-03,159.11000061035156,157.85000610351562,158.5500030517578,158.4600067138672,8211700.0,157.72451782226562
2019-04-04,158.69000244140625,156.52999877929688,158.52999877929688,157.63999938964844,5100200.0,156.90830993652344
2019-04-05,158.6300048828125,157.22999572753906,158.0,157.64999389648438,4178300.0,156.9182586669922
2019-04-08,157.85000610351562,156.32000732421875,157.5500030517578,157.75,5604700.0,157.01779174804688
2019-04-09,157.99000549316406,156.47000122070312,156.55999755859375,157.49000549316406,6364100.0,156.75901794433594
2019-04-10,158.77999877929688,157.52000427246094,157.99000549316406,158.55999755859375,3918600.0,157.8240509033203
2019-04-11,159.3000030517578,157.44000244140625,159.11000061035156,157.86000061035156,5771400.0,157.12728881835938
2019-04-12,159.63999938964844,157.86000061035156,158.7100067138672,159.63999938964844,6745100.0,158.89903259277344
2019-04-15,160.47999572753906,159.19000244140625,159.8300018310547,160.44000244140625,8142800.0,159.69532775878906
2019-04-16,161.10000610351562,159.5500030517578,161.0399932861328,160.22999572753906,6021400.0,159.4862823486328
2019-04-17,161.07000732421875,160.30999755859375,160.8699951171875,160.44000244140625,4609100.0,159.69532775878906
2019-04-18,161.10000610351562,159.0,160.92999267578125,160.16000366210938,7859400.0,159.4166259765625
2019-04-22,160.47999572753906,159.07000732421875,159.1999969482422,160.39999389648438,4602600.0,159.65550231933594
2019-04-23,161.8800048828125,159.8699951171875,161.0,161.66000366210938,6522900.0,160.90966796875
2019-04-24,162.02999877929688,160.64999389648438,161.75,161.49000549316406,7376500.0,160.74046325683594
2019-04-25,161.60000610351562,158.5500030517578,160.52000427246094,161.02000427246094,8862500.0,160.2726287841797
2019-04-26,163.02999877929688,160.39999389648438,161.25999450683594,162.92999267578125,7525400.0,162.1737518310547
2019-04-29,164.5,163.10000610351562,163.2100067138672,164.14999389648438,10003600.0,163.38809204101562
2019-04-30,165.6999969482422,163.9199981689453,164.97999572753906,164.42999267578125,6432700.0,163.66677856445312
2019-05-01,165.74000549316406,162.75,165.5399932861328,162.7899932861328,5248100.0,162.03440856933594
2019-05-02,163.0800018310547,160.42999267578125,162.10000610351562,161.1199951171875,6054900.0,160.3721466064453
2019-05-03,162.74000549316406,161.17999267578125,162.3000030517578,162.0399932861328,4317500.0,161.28790283203125
2019-05-06,162.64999389648438,158.1999969482422,158.2100067138672,162.27999877929688,10442400.0,161.52676391601562
2019-05-07,161.77999877929688,158.67999267578125,160.9499969482422,160.2100067138672,6413600.0,159.4663848876953
2019-05-08,161.6999969482422,159.52000427246094,159.77000427246094,160.75999450683594,5445900.0,160.01380920410156
2019-05-09,159.85000610351562,157.1699981689453,158.86000061035156,159.80999755859375,6813700.0,159.0682373046875
2019-05-10,161.39999389648438,157.27000427246094,158.86000061035156,160.7100067138672,5192500.0,159.9640655517578
2019-05-13,158.72000122070312,156.4199981689453,157.19000244140625,157.3300018310547,9730000.0,156.59976196289062
2019-05-14,161.52000427246094,157.94000244140625,158.10000610351562,160.2100067138672,9756700.0,159.4663848876953
2019-05-15,163.16000366210938,159.10000610351562,159.32000732421875,162.7899932861328,7547000.0,162.03440856933594
2019-05-16,165.60000610351562,162.86000061035156,163.4499969482422,164.8699951171875,9745500.0,164.35716247558594
2019-05-17,165.1999969482422,163.1999969482422,163.2899932861328,164.08999633789062,4582500.0,163.57958984375
2019-05-20,164.74000549316406,162.3300018310547,163.35000610351562,163.47000122070312,4747400.0,162.96151733398438
2019-05-21,164.86000061035156,163.19000244140625,164.5800018310547,163.86000061035156,9095700.0,163.3502960205078
2019-05-22,165.6300048828125,163.4499969482422,163.60000610351562,164.24000549316406,5416400.0,163.72914123535156
2019-05-23,164.25,160.82000732421875,163.5,161.50999450683594,6138000.0,161.00759887695312
2019-05-24,163.41000366210938,161.72000122070312,162.75,162.63999938964844,4105600.0,162.1341094970703
2019-05-28,165.77000427246094,163.3300018310547,163.39999389648438,163.7100067138672,10202300.0,163.20079040527344
2019-05-29,163.5,161.47999572753906,163.3000030517578,162.72999572753906,6456000.0,162.22381591796875
2019-05-30,163.5,161.94000244140625,162.8000030517578,162.75999450683594,4750600.0,162.2537078857422
2019-05-31,162.1300048828125,160.55999755859375,160.91000366210938,161.3300018310547,5079000.0,160.8281707763672
2019-06-03,162.8300018310547,156.75,161.5399932861328,158.60000610351562,8034600.0,158.10667419433594
2019-06-04,162.3699951171875,158.64999389648438,160.2899932861328,162.3300018310547,6684800.0,161.8250732421875
2019-06-05,165.39999389648438,162.69000244140625,163.5,165.38999938964844,7769300.0,164.87554931640625
2019-06-06,167.39999389648438,164.94000244140625,165.8800048828125,166.9199981689453,13738500.0,166.40077209472656
2019-06-07,171.61000061035156,167.8000030517578,168.0,170.0500030517578,10528800.0,169.52105712890625
2019-06-10,172.02000427246094,170.50999450683594,171.83999633789062,170.82000732421875,7565900.0,170.28866577148438
2019-06-11,172.17999267578125,168.4199981689453,171.9499969482422,170.30999755859375,6082900.0,169.7802276611328
2019-06-12,171.6199951171875,169.6999969482422,170.3800048828125,171.58999633789062,6756200.0,171.05624389648438
2019-06-13,172.1999969482422,168.72000122070312,172.13999938964844,169.35000610351562,6901400.0,168.82322692871094
2019-06-14,170.63999938964844,168.83999633789062,169.77000427246094,169.66000366210938,4999900.0,169.13226318359375
2019-06-17,170.4199981689453,169.02999877929688,169.72999572753906,169.55999755859375,6410200.0,169.03256225585938
2019-06-18,170.6699981689453,167.5500030517578,170.64999389648438,169.27999877929688,6969300.0,168.75344848632812
2019-06-19,171.1999969482422,169.2100067138672,169.38999938964844,170.69000244140625,6323900.0,170.1590576171875
2019-06-20,173.94000244140625,171.75,172.50999450683594,173.74000549316406,11474100.0,173.19956970214844
2019-06-21,174.80999755859375,173.16000366210938,173.27000427246094,173.44000244140625,11728200.0,172.9005126953125
2019-06-24,174.72999572753906,172.72000122070312,174.60000610351562,173.85000610351562,5554900.0,173.30923461914062
2019-06-25,174.94000244140625,170.58999633789062,174.80999755859375,171.27999877929688,9899900.0,170.74722290039062
2019-06-26,172.38999938964844,170.82000732421875,171.38999938964844,171.05999755859375,7129900.0,170.5279083251953
2019-06-27,172.39999389648438,170.32000732421875,172.1199951171875,171.22999572753906,5873400.0,170.69737243652344
2019-06-28,173.5500030517578,170.52000427246094,171.9600067138672,173.5500030517578,8442700.0,173.01016235351562
2019-07-01,175.5399932861328,172.74000549316406,175.3300018310547,173.94000244140625,6122000.0,173.39895629882812
2019-07-02,175.32000732421875,173.3000030517578,174.10000610351562,175.27999877929688,5238100.0,174.73477172851562
2019-07-03,176.99000549316406,175.72000122070312,176.0,176.8699951171875,4066600.0,176.31982421875
2019-07-05,177.02999877929688,174.50999450683594,175.86000061035156,176.66000366210938,5840400.0,176.11048889160156
2019-07-08,176.61000061035156,175.39999389648438,176.3000030517578,176.19000244140625,6720300.0,175.64195251464844
2019-07-09,177.88999938964844,175.3000030517578,175.42999267578125,177.72999572753906,4894300.0,177.17715454101562
2019-07-10,180.25999450683594,178.5800018310547,178.5800018310547,179.30999755859375,5110600.0,178.7522430419922
2019-07-11,180.94000244140625,179.4600067138672,180.1199951171875,180.74000549316406,6986600.0,180.17779541015625
2019-07-12,181.35000610351562,178.9199981689453,181.35000610351562,180.3300018310547,7196700.0,179.76907348632812
2019-07-15,181.07000732421875,179.94000244140625,180.55999755859375,180.57000732421875,4490400.0,180.0083465576172
2019-07-16,180.8800048828125,178.72999572753906,180.3699951171875,179.30999755859375,6800200.0,178.7522430419922
2019-07-17,180.2100067138672,179.00999450683594,179.55999755859375,179.14999389648438,3994200.0,178.59274291992188
2019-07-18,180.6199951171875,178.5800018310547,178.6300048828125,180.52999877929688,4738500.0,179.96844482421875
2019-07-19,181.83999633789062,179.13999938964844,181.83999633789062,179.24000549316406,5327100.0,178.68246459960938
2019-07-22,180.97999572753906,179.13999938964844,179.63999938964844,180.57000732421875,4862100.0,180.0083465576172
2019-07-23,181.27000427246094,179.05999755859375,180.88999938964844,180.89999389648438,7193000.0,180.3372802734375
2019-07-24,183.42999267578125,179.25,180.7899932861328,183.3300018310547,8169300.0,182.75975036621094
2019-07-25,183.99000549316406,181.3000030517578,183.8699951171875,181.58999633789062,6085800.0,181.025146484375
2019-07-26,183.82000732421875,182.2100067138672,182.41000366210938,183.69000244140625,5056300.0,183.11862182617188
2019-07-29,184.07000732421875,182.72999572753906,183.88999938964844,183.2100067138672,4621800.0,182.64012145996094
2019-07-30,183.3800048828125,181.27000427246094,182.5399932861328,181.52999877929688,5220400.0,180.96534729003906
2019-07-31,182.0500030517578,176.05999755859375,181.7899932861328,178.0,7981200.0,177.44631958007812
2019-08-01,182.39999389648438,178.1699981689453,179.19000244140625,179.1699981689453,8417300.0,178.61268615722656
2019-08-02,178.27000427246094,174.69000244140625,178.0,177.4199981689453,8264600.0,176.8681182861328
2019-08-05,173.5,166.97999572753906,172.00999450683594,168.86000061035156,16858300.0,168.33474731445312
2019-08-06,172.9499969482422,170.1300048828125,171.7899932861328,172.47999572753906,10281300.0,171.9434814453125
2019-08-07,175.72999572753906,170.33999633789062,171.5,175.32000732421875,8292800.0,174.774658203125
2019-08-08,179.9499969482422,176.57000732421875,177.4600067138672,179.89999389648438,7602800.0,179.3404083251953
2019-08-09,180.10000610351562,177.85000610351562,179.6699981689453,179.0500030517578,5373700.0,178.49305725097656
2019-08-12,178.64999389648438,175.60000610351562,177.44000244140625,176.33999633789062,7394400.0,175.79147338867188
2019-08-13,178.9199981689453,174.2100067138672,174.38999938964844,178.61000061035156,6667700.0,178.05442810058594
2019-08-14,177.25,173.16000366210938,176.24000549316406,173.50999450683594,7293500.0,172.97027587890625
2019-08-15,177.02000427246094,173.52000427246094,174.25999450683594,176.27000427246094,6698000.0,175.97525024414062
2019-08-16,178.75,177.1999969482422,178.0,178.22999572753906,8312200.0,177.9319610595703
2019-08-19,180.4199981689453,178.1199951171875,180.4199981689453,179.74000549316406,5285000.0,179.439453125
2019-08-20,180.6300048828125,178.49000549316406,179.42999267578125,179.24000549316406,3793600.0,178.94029235839844
2019-08-21,181.69000244140625,180.24000549316406,180.69000244140625,180.94000244140625,3695900.0,180.637451171875
2019-08-22,182.3300018310547,178.61000061035156,181.9499969482422,180.08999633789062,6659900.0,179.7888641357422
2019-08-23,180.5,174.24000549316406,179.5500030517578,175.22999572753906,7051900.0,174.93698120117188
2019-08-26,177.6699981689453,175.35000610351562,176.41000366210938,177.58999633789062,7754400.0,177.2930450439453
2019-08-27,179.19000244140625,176.94000244140625,178.32000732421875,178.3800048828125,4022100.0,178.08172607421875
2019-08-28,178.99000549316406,176.02999877929688,176.99000549316406,178.6699981689453,4401900.0,178.37123107910156
2019-08-29,181.38999938964844,179.30999755859375,180.39999389648438,181.1699981689453,4679200.0,180.86705017089844
2019-08-30,182.17999267578125,179.6699981689453,181.99000549316406,180.82000732421875,4061200.0,180.5176544189453
2019-09-03,181.25,179.10000610351562,180.52000427246094,179.1999969482422,4644000.0,178.9003448486328
2019-09-04,182.1999969482422,180.0500030517578,180.89999389648438,181.77000427246094,4154800.0,181.466064453125
2019-09-05,185.67999267578125,183.3800048828125,183.72999572753906,184.72999572753906,6386800.0,184.4210968017578
2019-09-06,186.7100067138672,184.5500030517578,184.74000549316406,185.74000549316406,7990900.0,185.42942810058594
2019-09-09,187.0500030517578,179.50999450683594,186.9199981689453,181.5500030517578,7290500.0,181.24642944335938
2019-09-10,179.6999969482422,173.80999755859375,179.41000366210938,176.35000610351562,15255200.0,176.0551300048828
2019-09-11,177.92999267578125,174.4499969482422,177.39999389648438,174.97999572753906,9113600.0,174.68740844726562
2019-09-12,179.41000366210938,176.67999267578125,176.85000610351562,177.97999572753906,7748800.0,177.68238830566406
2019-09-13,178.77000427246094,176.02000427246094,178.64999389648438,177.27000427246094,6103200.0,176.9735870361328
2019-09-16,177.1999969482422,175.50999450683594,176.1699981689453,176.11000061035156,4253600.0,175.81552124023438
2019-09-17,178.25999450683594,175.0399932861328,176.8300018310547,176.4499969482422,5924700.0,176.1549530029297
2019-09-18,177.17999267578125,172.8300018310547,177.08999633789062,175.2899932861328,9542500.0,174.99688720703125
2019-09-19,177.41000366210938,175.61000061035156,176.1999969482422,175.9600067138672,6964500.0,175.665771484375
2019-09-20,177.6300048828125,173.9499969482422,177.39999389648438,174.05999755859375,12820400.0,173.76893615722656
2019-09-23,175.25,172.7899932861328,172.89999389648438,174.91000366210938,8803500.0,174.61752319335938
2019-09-24,177.1999969482422,173.39999389648438,176.11000061035156,174.47999572753906,10039900.0,174.188232421875
2019-09-25,175.6699981689453,172.38999938964844,173.8000030517578,175.27999877929688,7797300.0,174.98690795898438
2019-09-26,176.4499969482422,174.61000061035156,175.64999389648438,175.64999389648438,10419000.0,175.3562774658203
2019-09-27,176.8300018310547,172.36000061035156,176.6999969482422,174.0,9212600.0,173.70904541015625
2019-09-30,175.4499969482422,172.00999450683594,174.1699981689453,172.00999450683594,16464000.0,171.7223663330078
2019-10-01,174.82000732421875,172.82000732421875,173.02000427246094,174.2899932861328,8146200.0,173.99855041503906
2019-10-02,172.94000244140625,168.58999633789062,172.63999938964844,169.8300018310547,10596200.0,169.5460205078125
2019-10-03,173.13999938964844,168.6300048828125,169.91000366210938,172.8699951171875,7242800.0,172.5809326171875
2019-10-04,176.52000427246094,174.44000244140625,174.67999267578125,175.97999572753906,6027600.0,175.68572998046875
2019-10-07,175.69000244140625,173.8000030517578,174.66000366210938,174.89999389648438,5248300.0,174.60752868652344
2019-10-08,174.63999938964844,171.8800048828125,173.57000732421875,172.4199981689453,5336500.0,172.13168334960938
2019-10-09,175.99000549316406,173.63999938964844,174.11000061035156,174.8800048828125,6277300.0,174.58758544921875
2019-10-10,175.89999389648438,173.58999633789062,173.88999938964844,174.8800048828125,4762400.0,174.58758544921875
2019-10-11,179.1999969482422,176.85000610351562,176.8699951171875,177.05999755859375,8754400.0,176.76393127441406
2019-10-14,178.41000366210938,177.11000061035156,177.3800048828125,177.36000061035156,7240900.0,177.0634307861328
2019-10-15,179.42999267578125,177.5500030517578,178.1300048828125,178.75,4400200.0,178.45111083984375
2019-10-16,178.25999450683594,176.27000427246094,177.9199981689453,177.8699951171875,6509000.0,177.57257080078125
2019-10-17,179.19000244140625,177.5,178.88999938964844,177.94000244140625,4887900.0,177.6424560546875
2019-10-18,178.1999969482422,174.5500030517578,177.89999389648438,175.7100067138672,6311900.0,175.41619873046875
2019-10-21,176.72999572753906,174.61000061035156,176.0,176.42999267578125,4898200.0,176.13497924804688
2019-10-22,177.7899932861328,170.77999877929688,177.0,170.86000061035156,10094700.0,170.5742950439453
2019-10-23,172.1699981689453,170.17999267578125,170.99000549316406,171.32000732421875,7122300.0,171.03353881835938
2019-10-24,176.8699951171875,173.39999389648438,173.4199981689453,176.16000366210938,7872600.0,175.8654327392578
2019-10-25,179.14999389648438,173.5,174.92999267578125,177.85000610351562,10130100.0,177.5526123046875
2019-10-28,180.17999267578125,178.35000610351562,178.92999267578125,179.83999633789062,10086500.0,179.53927612304688
2019-10-29,180.0,177.3699951171875,179.8000030517578,177.6300048828125,7572800.0,177.33297729492188
2019-10-30,179.4199981689453,176.38999938964844,177.7899932861328,179.25,5374800.0,178.9502716064453
2019-10-31,179.6999969482422,178.00999450683594,179.25,178.86000061035156,6830800.0,178.5609130859375
2019-11-01,181.32000732421875,179.55999755859375,180.1300048828125,180.92999267578125,7000100.0,180.62745666503906
2019-11-04,182.39999389648438,178.80999755859375,182.0800018310547,178.9499969482422,7154800.0,178.65077209472656
2019-11-05,179.55999755859375,175.17999267578125,179.07000732421875,176.3699951171875,7447500.0,176.0750732421875
2019-11-06,178.19000244140625,176.13999938964844,176.3699951171875,176.77000427246094,6992500.0,176.4744110107422
2019-11-07,180.64999389648438,176.85000610351562,177.35000610351562,178.42999267578125,7227200.0,178.1316375732422
2019-11-08,179.4499969482422,177.8000030517578,178.3800048828125,178.97000122070312,3894100.0,178.6707305908203
2019-11-11,180.36000061035156,178.1999969482422,178.5,179.5399932861328,3617300.0,179.23977661132812
2019-11-12,181.05999755859375,178.8800048828125,179.94000244140625,179.74000549316406,6118700.0,179.439453125
2019-11-13,180.8800048828125,177.89999389648438,179.39999389648438,179.41000366210938,6138300.0,179.11000061035156
2019-11-14,179.77000427246094,178.05999755859375,179.0,179.75,9811000.0,179.75
2019-11-15,180.67999267578125,179.0800018310547,180.02999877929688,179.77000427246094,7808800.0,179.77000427246094
2019-11-18,180.32000732421875,178.97999572753906,179.57000732421875,179.66000366210938,7173700.0,179.66000366210938
2019-11-19,182.97999572753906,180.1999969482422,180.38999938964844,182.77000427246094,8549900.0,182.77000427246094
2019-11-20,183.22000122070312,180.35000610351562,182.30999755859375,181.66000366210938,6040500.0,181.66000366210938
2019-11-21,181.80999755859375,179.32000732421875,181.1699981689453,179.88999938964844,5112200.0,179.88999938964844
2019-11-22,180.47000122070312,178.35000610351562,180.1300048828125,179.47000122070312,6865600.0,179.47000122070312
2019-11-25,181.35000610351562,180.11000061035156,180.39999389648438,180.97000122070312,5457800.0,180.97000122070312
2019-11-26,182.9199981689453,181.2100067138672,181.4600067138672,182.5500030517578,7079000.0,182.5500030517578
2019-11-27,184.5399932861328,182.25999450683594,183.0,184.3699951171875,11452700.0,184.3699951171875
2019-11-29,184.85000610351562,183.36000061035156,183.92999267578125,184.50999450683594,3139100.0,184.50999450683594
2019-12-02,184.3699951171875,179.8699951171875,184.24000549316406,181.7899932861328,6883200.0,181.7899932861328
2019-12-03,182.13999938964844,179.66000366210938,179.89999389648438,181.89999389648438,4543300.0,181.89999389648438
2019-12-04,182.66000366210938,180.47000122070312,182.66000366210938,180.60000610351562,10650400.0,180.60000610351562
2019-12-05,182.02999877929688,180.07000732421875,181.25,181.88999938964844,4638600.0,181.88999938964844
2019-12-06,183.27999877929688,181.33999633789062,182.74000549316406,182.1699981689453,14526700.0,182.1699981689453
2019-12-09,183.25999450683594,181.3000030517578,181.89999389648438,182.9199981689453,10233100.0,182.9199981689453
2019-12-10,183.14999389648438,181.89999389648438,182.5500030517578,182.25999450683594,8625700.0,182.25999450683594
2019-12-11,183.0800018310547,181.19000244140625,183.07000732421875,182.00999450683594,7138800.0,182.00999450683594
2019-12-12,183.3300018310547,180.8300018310547,181.66000366210938,182.63999938964844,11192100.0,182.63999938964844
2019-12-13,185.52000427246094,182.0399932861328,182.5,185.13999938964844,8558100.0,185.13999938964844
2019-12-16,186.82000732421875,185.77000427246094,186.3300018310547,186.24000549316406,8249900.0,186.24000549316406
2019-12-17,186.77999877929688,184.10000610351562,186.5,185.52000427246094,10208700.0,185.52000427246094
2019-12-18,186.44000244140625,184.89999389648438,185.52000427246094,184.89999389648438,8968500.0,184.89999389648438
2019-12-19,186.5800018310547,184.5,184.5,186.5399932861328,5854200.0,186.5399932861328
2019-12-20,188.1699981689453,186.3000030517578,187.60000610351562,188.0,11259500.0,188.0
2019-12-23,188.41000366210938,187.0,188.14999389648438,187.0800018310547,5831700.0,187.0800018310547
2019-12-24,188.02000427246094,186.91000366210938,187.10000610351562,187.57000732421875,2420900.0,187.57000732421875
2019-12-26,189.17999267578125,187.6999969482422,187.88999938964844,189.16000366210938,5237000.0,189.16000366210938
2019-12-27,189.88999938964844,188.47000122070312,189.74000549316406,189.38999938964844,5448600.0,189.38999938964844
2019-12-30,189.47999572753906,187.1199951171875,189.30999755859375,187.8300018310547,4833600.0,187.8300018310547
2019-12-31,188.0,186.5399932861328,187.05999755859375,187.89999389648438,5273000.0,187.89999389648438
2020-01-02,191.13999938964844,188.72000122070312,189.0,191.1199951171875,8733000.0,191.1199951171875
2020-01-03,190.9600067138672,187.9199981689453,188.41000366210938,189.60000610351562,4899700.0,189.60000610351562
2020-01-06,189.2100067138672,187.16000366210938,188.0,189.19000244140625,10109500.0,189.19000244140625
2020-01-07,190.10000610351562,188.60000610351562,189.58999633789062,188.69000244140625,4392300.0,188.69000244140625
2020-01-08,192.5,188.8000030517578,189.49000549316406,191.9199981689453,5712000.0,191.9199981689453
2020-01-09,193.9199981689453,192.52000427246094,193.0,193.25,6748000.0,193.25
2020-01-10,194.57000732421875,193.11000061035156,193.5,193.77000427246094,6586400.0,193.77000427246094
2020-01-13,195.60000610351562,194.27999877929688,194.44000244140625,195.3300018310547,11290500.0,195.3300018310547
2020-01-14,196.9499969482422,195.13999938964844,196.74000549316406,196.0500030517578,6236500.0,196.0500030517578
2020-01-15,200.14999389648438,196.32000732421875,197.0,199.8000030517578,10831100.0,199.8000030517578
2020-01-16,201.5,199.77999877929688,201.0,200.9499969482422,9983700.0,200.9499969482422
2020-01-17,204.75,199.97999572753906,201.75999450683594,204.6999969482422,12518900.0,204.6999969482422
2020-01-21,208.38999938964844,203.8000030517578,204.1300048828125,207.2899932861328,14861700.0,207.2899932861328
2020-01-22,210.1300048828125,207.2899932861328,207.50999450683594,207.89999389648438,8065000.0,207.89999389648438
2020-01-23,208.39999389648438,205.3000030517578,207.89999389648438,206.52000427246094,8520800.0,206.52000427246094
2020-01-24,207.99000549316406,204.2100067138672,207.4199981689453,205.0,7812900.0,205.0
2020-01-27,203.3300018310547,199.10000610351562,200.0,201.69000244140625,7198900.0,201.69000244140625
2020-01-28,203.83999633789062,201.77999877929688,202.38999938964844,202.85000610351562,7215700.0,202.85000610351562
2020-01-29,205.9199981689453,202.50999450683594,204.3000030517578,204.86000061035156,7041700.0,204.86000061035156
