Date,High,Low,Open,Close,Volume,Adj Close
2017-02-03,48.619998931884766,48.33000183105469,48.45000076293945,48.58000183105469,15166400.0,42.44710159301758
2017-02-06,48.66999816894531,47.939998626708984,48.66999816894531,48.029998779296875,16151400.0,41.96652603149414
2017-02-07,48.15999984741211,47.79999923706055,48.130001068115234,48.040000915527344,12771900.0,41.97526931762695
2017-02-08,48.56999969482422,48.099998474121094,48.150001525878906,48.369998931884766,13962800.0,42.26361083984375
2017-02-09,48.959999084472656,48.369998931884766,48.369998931884766,48.810001373291016,13577300.0,42.64806365966797
2017-02-10,49.119998931884766,48.689998626708984,48.939998626708984,48.97999954223633,12317400.0,42.796592712402344
2017-02-13,48.619998931884766,48.08000183105469,48.27000045776367,48.54999923706055,18305300.0,42.42088317871094
2017-02-14,48.470001220703125,47.9900016784668,48.310001373291016,48.27000045776367,20847200.0,42.17622756958008
2017-02-15,48.099998474121094,47.79999923706055,48.0,48.08000183105469,19297100.0,42.010223388671875
2017-02-16,48.52000045776367,47.88999938964844,48.029998779296875,48.459999084472656,18706900.0,42.342247009277344
2017-02-17,49.29999923706055,48.130001068115234,48.310001373291016,49.189998626708984,23190700.0,42.9800910949707
2017-02-21,49.689998626708984,49.22999954223633,49.5099983215332,49.43000030517578,19206000.0,43.18979263305664
2017-02-22,49.70000076293945,49.47999954223633,49.5,49.66999816894531,13653400.0,43.39949035644531
2017-02-23,50.5,49.66999816894531,49.97999954223633,50.310001373291016,16212000.0,43.958702087402344
2017-02-24,50.95000076293945,50.279998779296875,50.279998779296875,50.599998474121094,14357900.0,44.21208572387695
2017-02-27,50.54999923706055,49.79999923706055,50.4900016784668,49.939998626708984,14029500.0,43.635398864746094
2017-02-28,50.029998779296875,49.40999984741211,49.959999084472656,49.630001068115234,17699200.0,43.36453628540039
2017-03-01,49.97999954223633,49.369998931884766,49.560001373291016,49.810001373291016,16095600.0,43.52182388305664
2017-03-02,50.02000045776367,49.599998474121094,49.689998626708984,49.97999954223633,10773400.0,43.67035675048828
2017-03-03,50.13999938964844,49.79999923706055,49.97999954223633,50.09000015258789,11071600.0,43.7664680480957
2017-03-06,50.150001525878906,49.84000015258789,50.029998779296875,50.029998779296875,10827300.0,43.714046478271484
2017-03-07,50.060001373291016,49.36000061035156,50.0,49.439998626708984,12896900.0,43.198524475097656
2017-03-08,49.33000183105469,48.900001525878906,49.29999923706055,49.15999984741211,14206500.0,42.95387649536133
2017-03-09,49.45000076293945,49.08000183105469,49.22999954223633,49.279998779296875,10590000.0,43.0587272644043
2017-03-10,49.52000045776367,49.099998474121094,49.5,49.349998474121094,11181600.0,43.11988830566406
2017-03-13,49.529998779296875,49.130001068115234,49.33000183105469,49.470001220703125,10488800.0,43.22474670410156
2017-03-14,49.630001068115234,49.25,49.439998626708984,49.36000061035156,8496600.0,43.12863540649414
2017-03-15,50.25,49.2599983215332,49.2599983215332,50.13999938964844,12660800.0,43.81016159057617
2017-03-16,50.25,49.849998474121094,50.02000045776367,50.040000915527344,10861200.0,43.72278594970703
2017-03-17,50.43000030517578,50.02000045776367,50.189998626708984,50.38999938964844,21071300.0,44.02859115600586
2017-03-20,50.61000061035156,50.13999938964844,50.41999816894531,50.2400016784668,9456000.0,43.89753723144531
2017-03-21,50.630001068115234,50.119998931884766,50.47999954223633,50.15999984741211,15196500.0,43.827640533447266
2017-03-22,50.279998779296875,49.40999984741211,50.130001068115234,49.709999084472656,14950400.0,43.434444427490234
2017-03-23,49.880001068115234,49.41999816894531,49.75,49.63999938964844,9644900.0,43.37328338623047
2017-03-24,49.83000183105469,49.5,49.70000076293945,49.68000030517578,9310700.0,43.40823745727539
2017-03-27,49.7599983215332,48.91999816894531,49.68000030517578,49.13999938964844,13270900.0,42.93639373779297
2017-03-28,49.349998474121094,48.66999816894531,49.0099983215332,49.29999923706055,12856300.0,43.07619857788086
2017-03-29,49.369998931884766,49.029998779296875,49.279998779296875,49.130001068115234,11160800.0,42.92766189575195
2017-03-30,49.2400016784668,48.900001525878906,49.0,49.060001373291016,11623000.0,42.86650466918945
2017-03-31,49.099998474121094,48.75,49.099998474121094,48.75,19299100.0,42.59563446044922
2017-04-03,49.25,48.59000015258789,48.72999954223633,49.18000030517578,14307400.0,42.971351623535156
2017-04-04,49.31999969482422,48.880001068115234,49.099998474121094,49.310001373291016,8952800.0,43.08494186401367
2017-04-05,49.54999923706055,49.0099983215332,49.43000030517578,49.02000045776367,14327600.0,42.83155059814453
2017-04-06,48.599998474121094,48.16999816894531,48.52000045776367,48.43000030517578,18456100.0,42.820499420166016
2017-04-07,48.91999816894531,48.2599983215332,48.47999954223633,48.65999984741211,17269600.0,43.023860931396484
2017-04-10,48.880001068115234,48.45000076293945,48.720001220703125,48.540000915527344,10859400.0,42.91775894165039
2017-04-11,48.75,48.29999923706055,48.5099983215332,48.70000076293945,13096200.0,43.059226989746094
2017-04-12,48.939998626708984,48.34000015258789,48.529998779296875,48.91999816894531,10455800.0,43.25374221801758
2017-04-13,48.91999816894531,48.56999969482422,48.79999923706055,48.619998931884766,9487000.0,42.988494873046875
2017-04-17,49.099998474121094,48.68000030517578,48.68000030517578,48.810001373291016,10507100.0,43.15648651123047
2017-04-18,49.4900016784668,48.540000915527344,48.619998931884766,49.220001220703125,19691300.0,43.51899719238281
2017-04-19,49.54999923706055,48.88999938964844,49.439998626708984,48.939998626708984,18837300.0,43.27143096923828
2017-04-20,48.619998931884766,47.709999084472656,47.91999816894531,48.40999984741211,30398200.0,42.80281448364258
2017-04-21,48.16999816894531,47.130001068115234,47.91999816894531,47.25,31278300.0,41.77717590332031
2017-04-24,47.36000061035156,46.959999084472656,47.130001068115234,47.04999923706055,23161900.0,41.600345611572266
2017-04-25,47.27000045776367,46.58000183105469,46.959999084472656,46.70000076293945,30033500.0,41.29087829589844
2017-04-26,47.529998779296875,46.619998931884766,46.75,47.36000061035156,29343800.0,41.874427795410156
2017-04-27,47.38999938964844,46.65999984741211,47.36000061035156,46.66999816894531,16838500.0,41.264347076416016
2017-04-28,46.63999938964844,45.88999938964844,46.63999938964844,45.90999984741211,25922800.0,40.59237289428711
2017-05-01,46.150001525878906,45.880001068115234,46.060001373291016,45.880001068115234,14455200.0,40.56585693359375
2017-05-02,46.099998474121094,45.7599983215332,46.0,45.90999984741211,13397800.0,40.59237289428711
2017-05-03,46.25,45.83000183105469,46.02000045776367,46.150001525878906,19568100.0,40.804588317871094
2017-05-04,46.18000030517578,45.7599983215332,46.18000030517578,45.880001068115234,20767700.0,40.56585693359375
2017-05-05,46.72999954223633,46.0,46.08000183105469,46.689998626708984,17133000.0,41.28203201293945
2017-05-08,46.7400016784668,46.290000915527344,46.720001220703125,46.630001068115234,15561700.0,41.22898483276367
2017-05-09,46.59000015258789,46.15999984741211,46.52000045776367,46.41999816894531,14349000.0,41.043312072753906
2017-05-10,46.630001068115234,46.310001373291016,46.400001525878906,46.380001068115234,12669600.0,41.00794219970703
2017-05-11,46.369998931884766,45.97999954223633,46.310001373291016,46.02000045776367,12435800.0,40.68964767456055
2017-05-12,46.15999984741211,45.810001373291016,46.119998931884766,45.84000015258789,14470900.0,40.53049087524414
2017-05-15,45.939998626708984,45.25,45.90999984741211,45.380001068115234,20379700.0,40.12377166748047
2017-05-16,45.650001525878906,45.25,45.34000015258789,45.310001373291016,14813500.0,40.06188201904297
2017-05-17,45.310001373291016,44.459999084472656,45.310001373291016,44.47999954223633,21333500.0,39.32802200317383
2017-05-18,45.290000915527344,44.470001220703125,44.5,45.040000915527344,15648700.0,39.823158264160156
2017-05-19,45.439998626708984,44.7599983215332,45.15999984741211,45.41999816894531,12787800.0,40.15913772583008
2017-05-22,45.560001373291016,45.279998779296875,45.38999938964844,45.47999954223633,9290100.0,40.21218490600586
2017-05-23,45.58000183105469,45.400001525878906,45.47999954223633,45.47999954223633,8066300.0,40.21218490600586
2017-05-24,45.4900016784668,44.849998474121094,45.45000076293945,45.040000915527344,15846000.0,39.823158264160156
2017-05-25,45.380001068115234,45.0099983215332,45.04999923706055,45.310001373291016,11206400.0,40.06188201904297
2017-05-26,45.439998626708984,45.2400016784668,45.25,45.31999969482422,5999900.0,40.070716857910156
2017-05-30,46.33000183105469,45.2599983215332,45.2599983215332,46.20000076293945,16442300.0,40.84878921508789
2017-05-31,46.95000076293945,46.2599983215332,46.43000030517578,46.63999938964844,22811100.0,41.237831115722656
2017-06-01,46.709999084472656,46.099998474121094,46.709999084472656,46.5099983215332,14219400.0,41.12287902832031
2017-06-02,47.189998626708984,46.31999969482422,46.630001068115234,46.439998626708984,18552800.0,41.06099319458008
2017-06-05,46.41999816894531,46.02000045776367,46.16999816894531,46.369998931884766,8538200.0,40.99909973144531
2017-06-06,46.810001373291016,46.2400016784668,46.369998931884766,46.439998626708984,11610500.0,41.06099319458008
2017-06-07,46.70000076293945,46.36000061035156,46.52000045776367,46.5,8648100.0,41.114044189453125
2017-06-08,46.560001373291016,46.0,46.5,46.189998626708984,11717800.0,40.83995056152344
2017-06-09,46.779998779296875,46.0099983215332,46.16999816894531,46.720001220703125,11698800.0,41.30856704711914
2017-06-12,47.5,46.720001220703125,46.720001220703125,47.189998626708984,18929100.0,41.72412872314453
2017-06-13,47.310001373291016,46.400001525878906,47.29999923706055,46.459999084472656,15194600.0,41.078678131103516
2017-06-14,46.779998779296875,46.40999984741211,46.630001068115234,46.689998626708984,9817600.0,41.28203201293945
2017-06-15,46.83000183105469,46.5,46.58000183105469,46.63999938964844,10984100.0,41.237831115722656
2017-06-16,47.0,46.33000183105469,46.86000061035156,46.630001068115234,22573900.0,41.22898483276367
2017-06-19,46.630001068115234,46.290000915527344,46.630001068115234,46.56999969482422,9773500.0,41.17593765258789
2017-06-20,46.40999984741211,45.7400016784668,46.400001525878906,45.939998626708984,16756100.0,40.61891174316406
2017-06-21,46.02000045776367,45.09000015258789,45.95000076293945,45.40999984741211,15027200.0,40.150291442871094
2017-06-22,45.59000015258789,45.18000030517578,45.470001220703125,45.41999816894531,10511300.0,40.15913772583008
2017-06-23,45.459999084472656,45.29999923706055,45.43000030517578,45.38999938964844,10069700.0,40.13261032104492
2017-06-26,45.97999954223633,45.45000076293945,45.45000076293945,45.75,10105500.0,40.4509162902832
2017-06-27,45.150001525878906,44.810001373291016,44.970001220703125,44.84000015258789,20187200.0,39.64631652832031
2017-06-28,45.22999954223633,44.68000030517578,44.97999954223633,44.84000015258789,18703600.0,39.64631652832031
2017-06-29,44.900001525878906,44.38999938964844,44.79999923706055,44.40999984741211,17913000.0,39.2661247253418
2017-06-30,44.75,44.36000061035156,44.619998931884766,44.65999984741211,13368900.0,39.48716735839844
2017-07-03,45.08000183105469,44.5099983215332,44.61000061035156,45.0,9732000.0,39.78778839111328
2017-07-05,45.060001373291016,44.439998626708984,45.04999923706055,44.650001525878906,14853400.0,39.478328704833984
2017-07-06,44.09000015258789,43.52000045776367,43.970001220703125,43.52000045776367,16854300.0,38.9834098815918
2017-07-07,43.599998474121094,43.209999084472656,43.529998779296875,43.47999954223633,12198500.0,38.94758987426758
2017-07-10,43.5099983215332,43.18000030517578,43.47999954223633,43.20000076293945,12272500.0,38.69676971435547
2017-07-11,43.220001220703125,42.79999923706055,43.209999084472656,42.88999938964844,13249500.0,38.41909408569336
2017-07-12,43.380001068115234,43.0,43.040000915527344,43.220001220703125,11388900.0,38.71468734741211
2017-07-13,43.540000915527344,43.040000915527344,43.150001525878906,43.4900016784668,12140500.0,38.956546783447266
2017-07-14,43.81999969482422,43.40999984741211,43.630001068115234,43.560001373291016,11986800.0,39.019248962402344
2017-07-17,43.86000061035156,43.560001373291016,43.630001068115234,43.65999984741211,10804200.0,39.10882568359375
2017-07-18,43.790000915527344,43.2599983215332,43.65999984741211,43.36000061035156,15417100.0,38.84009552001953
2017-07-19,43.540000915527344,43.20000076293945,43.349998474121094,43.45000076293945,13940800.0,38.92071533203125
2017-07-20,44.58000183105469,43.47999954223633,43.5,44.220001220703125,19309100.0,39.61045455932617
2017-07-21,44.310001373291016,43.81999969482422,44.22999954223633,44.22999954223633,11426600.0,39.619407653808594
2017-07-24,44.209999084472656,43.68000030517578,44.150001525878906,43.709999084472656,11895200.0,39.15361404418945
2017-07-25,44.16999816894531,43.810001373291016,43.900001525878906,43.97999954223633,9818800.0,39.39546585083008
2017-07-26,44.83000183105469,44.279998779296875,44.79999923706055,44.400001525878906,19045200.0,39.77168273925781
2017-07-27,47.84000015258789,45.95000076293945,46.2599983215332,47.810001373291016,44702500.0,42.82622528076172
2017-07-28,48.380001068115234,47.119998931884766,47.70000076293945,47.939998626708984,25296500.0,42.94266891479492
2017-07-31,48.56999969482422,47.47999954223633,47.849998474121094,48.400001525878906,28456800.0,43.35472106933594
2017-08-01,49.630001068115234,48.529998779296875,48.68000030517578,48.88999938964844,33498200.0,43.79364013671875
2017-08-02,48.93000030517578,47.900001525878906,48.900001525878906,48.209999084472656,19233400.0,43.18452072143555
2017-08-03,48.61000061035156,47.939998626708984,48.09000015258789,48.61000061035156,15190100.0,43.5428352355957
2017-08-04,48.90999984741211,48.13999938964844,48.54999923706055,48.90999984741211,13841700.0,43.81155776977539
2017-08-07,48.959999084472656,48.68000030517578,48.790000915527344,48.86000061035156,10448700.0,43.76677322387695
2017-08-08,48.95000076293945,48.43000030517578,48.75,48.599998474121094,10901200.0,43.533870697021484
2017-08-09,48.63999938964844,48.08000183105469,48.52000045776367,48.220001220703125,18887100.0,43.19348907470703
2017-08-10,48.209999084472656,47.86000061035156,48.18000030517578,48.02000045776367,13005200.0,43.01433563232422
2017-08-11,48.22999954223633,47.70000076293945,48.20000076293945,48.060001373291016,10420500.0,43.0501594543457
2017-08-14,48.79999923706055,48.150001525878906,48.16999816894531,48.779998779296875,11064600.0,43.69511032104492
2017-08-15,48.59000015258789,48.189998626708984,48.560001373291016,48.47999954223633,11164800.0,43.4263801574707
2017-08-16,48.529998779296875,48.220001220703125,48.369998931884766,48.40999984741211,9447000.0,43.36368179321289
2017-08-17,48.45000076293945,47.88999938964844,48.369998931884766,47.88999938964844,10638000.0,42.897884368896484
2017-08-18,47.95000076293945,47.5099983215332,47.849998474121094,47.689998626708984,16919100.0,42.71873092651367
2017-08-21,48.5,47.689998626708984,47.83000183105469,48.13999938964844,10556800.0,43.121822357177734
2017-08-22,48.439998626708984,47.779998779296875,48.130001068115234,48.349998474121094,11005500.0,43.309932708740234
2017-08-23,48.66999816894531,48.189998626708984,48.2599983215332,48.279998779296875,8909200.0,43.247222900390625
2017-08-24,48.560001373291016,48.18000030517578,48.349998474121094,48.310001373291016,8898200.0,43.274105072021484
2017-08-25,48.97999954223633,48.43000030517578,48.47999954223633,48.68000030517578,9846700.0,43.60552978515625
2017-08-28,48.75,48.310001373291016,48.650001525878906,48.61000061035156,6329400.0,43.5428352355957
2017-08-29,48.7599983215332,48.33000183105469,48.36000061035156,48.5099983215332,6044100.0,43.45325469970703
2017-08-30,48.369998931884766,48.0,48.33000183105469,48.119998931884766,10758400.0,43.103904724121094
2017-08-31,48.400001525878906,47.93000030517578,48.2599983215332,47.970001220703125,14237700.0,42.969547271728516
2017-09-01,48.06999969482422,47.77000045776367,48.02000045776367,47.91999816894531,11455200.0,42.92475891113281
2017-09-05,47.91999816894531,47.29999923706055,47.779998779296875,47.36000061035156,10005100.0,42.423133850097656
2017-09-06,47.560001373291016,46.619998931884766,47.470001220703125,46.90999984741211,14081900.0,42.020042419433594
2017-09-07,47.209999084472656,46.06999969482422,47.0,46.20000076293945,16591100.0,41.38405990600586
2017-09-08,46.38999938964844,45.709999084472656,46.18000030517578,46.11000061035156,14152000.0,41.303436279296875
2017-09-11,46.34000015258789,46.119998931884766,46.22999954223633,46.29999923706055,11073700.0,41.473628997802734
2017-09-12,46.95000076293945,46.380001068115234,46.5,46.790000915527344,11173200.0,41.91254806518555
2017-09-13,47.2599983215332,46.68000030517578,46.779998779296875,47.25,12772700.0,42.3245964050293
2017-09-14,47.59000015258789,47.0099983215332,47.2400016784668,47.18000030517578,11808500.0,42.261898040771484
2017-09-15,47.900001525878906,47.060001373291016,47.41999816894531,47.86000061035156,24626500.0,42.87101364135742
2017-09-18,48.25,47.5099983215332,47.90999984741211,48.09000015258789,18810200.0,43.0770378112793
2017-09-19,49.54999923706055,48.0099983215332,48.09000015258789,49.34000015258789,30818000.0,44.19673156738281
2017-09-20,49.63999938964844,49.08000183105469,49.29999923706055,49.47999954223633,18755900.0,44.32213592529297
2017-09-21,49.439998626708984,48.84000015258789,49.369998931884766,48.939998626708984,14315800.0,43.83842849731445
2017-09-22,50.08000183105469,49.02000045776367,49.189998626708984,49.900001525878906,20646400.0,44.6983528137207
2017-09-25,50.31999969482422,49.75,49.869998931884766,49.900001525878906,13698600.0,44.6983528137207
2017-09-26,50.08000183105469,49.400001525878906,49.959999084472656,49.5099983215332,12007500.0,44.3490104675293
2017-09-27,49.72999954223633,49.119998931884766,49.189998626708984,49.5099983215332,14270800.0,44.3490104675293
2017-09-28,49.56999969482422,49.13999938964844,49.2400016784668,49.40999984741211,8231800.0,44.25943374633789
2017-09-29,49.83000183105469,49.0099983215332,49.29999923706055,49.4900016784668,13021700.0,44.33110046386719
2017-10-02,49.70000076293945,49.25,49.38999938964844,49.36000061035156,9525800.0,44.21464920043945
2017-10-03,50.02000045776367,49.43000030517578,49.45000076293945,49.849998474121094,10218600.0,44.65357208251953
2017-10-04,50.08000183105469,49.380001068115234,49.63999938964844,49.900001525878906,9887500.0,44.6983528137207
2017-10-05,50.029998779296875,49.68000030517578,49.959999084472656,49.77000045776367,12230600.0,44.5819091796875
2017-10-06,49.20000076293945,48.65999984741211,49.040000915527344,48.810001373291016,13239600.0,44.24650573730469
2017-10-09,49.09000015258789,48.650001525878906,48.88999938964844,49.04999923706055,10702900.0,44.46406173706055
2017-10-10,49.4900016784668,49.060001373291016,49.279998779296875,49.13999938964844,10843900.0,44.545650482177734
2017-10-11,49.31999969482422,48.5099983215332,49.13999938964844,48.86000061035156,10335100.0,44.29182815551758
2017-10-12,48.849998474121094,48.130001068115234,48.439998626708984,48.349998474121094,17087900.0,43.82951354980469
2017-10-13,48.47999954223633,47.83000183105469,48.34000015258789,47.86000061035156,20105100.0,43.38532638549805
2017-10-16,48.349998474121094,47.70000076293945,47.900001525878906,48.09000015258789,10394700.0,43.593814849853516
2017-10-17,48.4900016784668,47.869998931884766,48.09000015258789,48.400001525878906,14842800.0,43.87483215332031
2017-10-18,48.849998474121094,47.7599983215332,48.33000183105469,48.650001525878906,20410400.0,44.101463317871094
2017-10-19,51.18000030517578,49.04999923706055,50.04999923706055,49.209999084472656,29173900.0,44.609100341796875
2017-10-20,49.59000015258789,48.93000030517578,49.45000076293945,49.529998779296875,16259600.0,44.89918518066406
2017-10-23,49.689998626708984,48.90999984741211,49.470001220703125,48.9900016784668,15660000.0,44.40967559814453
2017-10-24,49.279998779296875,48.720001220703125,49.15999984741211,48.939998626708984,11527900.0,44.36434555053711
2017-10-25,48.790000915527344,48.150001525878906,48.68000030517578,48.63999938964844,19256800.0,44.0923957824707
2017-10-26,49.43000030517578,48.75,48.86000061035156,48.88999938964844,14420100.0,44.31901931762695
2017-10-27,49.38999938964844,48.529998779296875,48.720001220703125,48.869998931884766,12423400.0,44.30088806152344
2017-10-30,49.119998931884766,47.41999816894531,48.880001068115234,47.83000183105469,24587400.0,43.35812759399414
2017-10-31,48.18000030517578,47.709999084472656,47.939998626708984,47.869998931884766,15910000.0,43.39439010620117
2017-11-01,48.16999816894531,47.560001373291016,48.150001525878906,47.83000183105469,11046600.0,43.35812759399414
2017-11-02,47.939998626708984,47.18000030517578,47.880001068115234,47.459999084472656,13126900.0,43.02272415161133
2017-11-03,47.7400016784668,47.2400016784668,47.65999984741211,47.41999816894531,8038200.0,42.9864616394043
2017-11-06,46.349998474121094,44.84000015258789,46.310001373291016,45.529998779296875,36443300.0,41.273162841796875
2017-11-07,45.59000015258789,44.68000030517578,45.209999084472656,45.56999969482422,25789600.0,41.309425354003906
2017-11-08,45.52000045776367,45.13999938964844,45.40999984741211,45.459999084472656,17414800.0,41.20970916748047
2017-11-09,45.43000030517578,44.810001373291016,45.290000915527344,45.06999969482422,21078700.0,40.856170654296875
2017-11-10,45.11000061035156,44.75,45.11000061035156,44.880001068115234,17075000.0,40.68394088745117
2017-11-13,45.08000183105469,44.70000076293945,44.91999816894531,44.75,16673900.0,40.566097259521484
2017-11-14,44.849998474121094,44.150001525878906,44.689998626708984,44.220001220703125,20829900.0,40.08565139770508
2017-11-15,44.380001068115234,43.970001220703125,44.33000183105469,44.11000061035156,15726500.0,39.98592758178711
2017-11-16,44.880001068115234,44.11000061035156,44.209999084472656,44.77000045776367,13818000.0,40.584224700927734
2017-11-17,45.77000045776367,44.619998931884766,44.630001068115234,45.41999816894531,18933200.0,41.1734504699707
2017-11-20,46.349998474121094,45.5,45.79999923706055,46.20000076293945,18227400.0,41.88052749633789
2017-11-21,46.45000076293945,46.0099983215332,46.34000015258789,46.18000030517578,13598000.0,41.862396240234375
2017-11-22,47.41999816894531,46.2400016784668,46.25,47.099998474121094,15825100.0,42.69637680053711
2017-11-24,47.18000030517578,46.849998474121094,47.060001373291016,47.0099983215332,5097200.0,42.61479187011719
2017-11-27,47.900001525878906,47.349998474121094,47.369998931884766,47.65999984741211,17548300.0,43.20402526855469
2017-11-28,48.84000015258789,47.529998779296875,47.70000076293945,48.81999969482422,20982500.0,44.25556564331055
2017-11-29,50.4900016784668,48.84000015258789,48.84000015258789,49.900001525878906,31034500.0,45.23459243774414
2017-11-30,51.09000015258789,49.9900016784668,50.0,50.88999938964844,33268500.0,46.13203430175781
2017-12-01,51.54999923706055,50.33000183105469,50.900001525878906,51.25,23909000.0,46.458377838134766
2017-12-04,52.33000183105469,51.5,51.52000045776367,51.720001220703125,19371000.0,46.884429931640625
2017-12-05,51.88999938964844,50.779998779296875,51.25,50.91999816894531,17574100.0,46.15922164916992
2017-12-06,50.84000015258789,50.2400016784668,50.400001525878906,50.68000030517578,17296600.0,45.941673278808594
2017-12-07,50.7400016784668,50.20000076293945,50.59000015258789,50.41999816894531,11986700.0,45.70597457885742
2017-12-08,51.18000030517578,50.36000061035156,50.540000915527344,51.09000015258789,13639900.0,46.31333923339844
2017-12-11,51.93000030517578,50.970001220703125,51.290000915527344,51.84000015258789,13542500.0,46.99321365356445
2017-12-12,53.34000015258789,52.33000183105469,53.150001525878906,53.189998626708984,22901200.0,48.21699523925781
2017-12-13,53.189998626708984,52.279998779296875,52.9900016784668,52.88999938964844,17705500.0,47.94504165649414
2017-12-14,52.7400016784668,52.09000015258789,52.599998474121094,52.34000015258789,18775400.0,47.446468353271484
2017-12-15,52.88999938964844,52.38999938964844,52.56999969482422,52.66999816894531,28935600.0,47.74561309814453
2017-12-18,53.38999938964844,52.65999984741211,52.939998626708984,53.25,15874300.0,48.271385192871094
2017-12-19,53.59000015258789,52.70000076293945,53.27000045776367,52.83000183105469,14239500.0,47.890655517578125
2017-12-20,53.349998474121094,52.68000030517578,53.11000061035156,52.77000045776367,11643500.0,47.83626174926758
2017-12-21,53.599998474121094,52.61000061035156,52.810001373291016,53.0099983215332,12778100.0,48.0538215637207
2017-12-22,53.630001068115234,53.060001373291016,53.11000061035156,53.189998626708984,13657800.0,48.21699523925781
2017-12-26,53.689998626708984,53.130001068115234,53.130001068115234,53.220001220703125,6595800.0,48.24419403076172
2017-12-27,53.5,53.09000015258789,53.40999984741211,53.279998779296875,8361900.0,48.298583984375
2017-12-28,53.54999923706055,53.15999984741211,53.40999984741211,53.43000030517578,6726300.0,48.43455505371094
2017-12-29,53.459999084472656,52.93000030517578,53.369998931884766,52.93000030517578,9994700.0,47.98130416870117
2018-01-02,53.56999969482422,52.79999923706055,53.15999984741211,53.529998779296875,16045300.0,48.525203704833984
2018-01-03,53.34000015258789,52.18000030517578,53.29999923706055,52.43000030517578,16662400.0,47.528053283691406
2018-01-04,52.88999938964844,51.83000183105469,52.369998931884766,52.599998474121094,12062800.0,47.68215560913086
2018-01-05,52.880001068115234,52.349998474121094,52.79999923706055,52.47999954223633,13348900.0,47.57337188720703
2018-01-08,52.75,52.040000915527344,52.560001373291016,52.38999938964844,16212700.0,47.491783142089844
2018-01-09,52.439998626708984,51.54999923706055,52.119998931884766,51.61000061035156,14677800.0,47.31759262084961
2018-01-10,51.72999954223633,51.150001525878906,51.38999938964844,51.689998626708984,12593400.0,47.390933990478516
2018-01-11,52.18000030517578,51.63999938964844,51.88999938964844,52.11000061035156,15568200.0,47.77601623535156
2018-01-12,52.2400016784668,51.779998779296875,51.939998626708984,51.86000061035156,17673700.0,47.54679870605469
2018-01-16,52.02000045776367,51.41999816894531,51.68000030517578,51.65999984741211,14739200.0,47.363433837890625
2018-01-17,51.900001525878906,51.209999084472656,51.810001373291016,51.720001220703125,11591500.0,47.41844177246094
2018-01-18,53.29999923706055,51.38999938964844,51.900001525878906,51.54999923706055,29442600.0,47.2625846862793
2018-01-19,51.91999816894531,51.15999984741211,51.7400016784668,51.90999984741211,23761300.0,47.59264373779297
2018-01-22,53.4900016784668,52.0099983215332,52.04999923706055,53.459999084472656,27691300.0,49.013729095458984
2018-01-23,54.599998474121094,52.810001373291016,54.599998474121094,53.22999954223633,33000500.0,48.802852630615234
2018-01-24,54.439998626708984,53.5,53.81999969482422,54.220001220703125,21080400.0,49.71051788330078
2018-01-25,54.77000045776367,54.0099983215332,54.279998779296875,54.290000915527344,18638700.0,49.774696350097656
2018-01-26,54.75,54.34000015258789,54.4900016784668,54.720001220703125,13077600.0,50.16893768310547
2018-01-29,54.58000183105469,53.400001525878906,53.58000183105469,54.130001068115234,17052600.0,49.62800216674805
2018-01-30,54.5,53.790000915527344,54.29999923706055,53.900001525878906,15401500.0,49.41713333129883
2018-01-31,54.41999816894531,53.529998779296875,53.9900016784668,54.06999969482422,17827000.0,49.572994232177734
2018-02-01,54.75,54.0099983215332,54.4900016784668,54.29999923706055,18646100.0,49.78386688232422
2018-02-02,54.27000045776367,52.900001525878906,54.27000045776367,52.97999954223633,15574000.0,48.573646545410156
2018-02-05,53.189998626708984,50.5,52.52000045776367,50.5,22239600.0,46.2999153137207
2018-02-06,51.0,49.06999969482422,49.439998626708984,50.83000183105469,34543900.0,46.60247039794922
2018-02-07,51.93000030517578,50.5,50.630001068115234,51.0099983215332,16066600.0,46.76749038696289
2018-02-08,51.08000183105469,49.0,50.88999938964844,49.040000915527344,23308900.0,44.96133804321289
2018-02-09,50.29999923706055,48.369998931884766,49.599998474121094,49.880001068115234,27707900.0,45.731475830078125
2018-02-12,50.65999984741211,49.58000183105469,50.220001220703125,50.11000061035156,16903000.0,45.94234848022461
2018-02-13,50.2599983215332,49.16999816894531,49.90999984741211,50.08000183105469,11871700.0,45.91484451293945
2018-02-14,50.099998474121094,49.31999969482422,49.7599983215332,49.5099983215332,17559200.0,45.39224624633789
2018-02-15,49.779998779296875,48.95000076293945,49.54999923706055,49.7400016784668,18902700.0,45.60312271118164
2018-02-16,50.459999084472656,49.689998626708984,49.689998626708984,50.150001525878906,12264000.0,45.979026794433594
2018-02-20,49.88999938964844,48.7599983215332,49.84000015258789,48.91999816894531,21330400.0,44.851318359375
2018-02-21,48.86000061035156,47.939998626708984,48.79999923706055,47.959999084472656,20889900.0,43.971160888671875
2018-02-22,48.70000076293945,47.779998779296875,48.25,47.869998931884766,21198300.0,43.88864517211914
2018-02-23,48.29999923706055,47.540000915527344,48.09000015258789,48.290000915527344,26371400.0,44.27372360229492
2018-02-26,49.150001525878906,48.45000076293945,48.720001220703125,49.09000015258789,20853900.0,45.00718307495117
2018-02-27,49.16999816894531,48.040000915527344,49.02000045776367,48.040000915527344,23234700.0,44.04451370239258
2018-02-28,48.959999084472656,47.720001220703125,48.7599983215332,47.7400016784668,22159100.0,43.76945877075195
2018-03-01,48.599998474121094,47.5099983215332,47.689998626708984,47.959999084472656,28950200.0,43.971160888671875
2018-03-02,48.33000183105469,47.7599983215332,47.83000183105469,48.2599983215332,17449900.0,44.246212005615234
2018-03-05,48.939998626708984,48.02000045776367,48.150001525878906,48.709999084472656,15348400.0,44.65878677368164
2018-03-06,48.88999938964844,48.29999923706055,48.75,48.88999938964844,13526900.0,44.82381820678711
2018-03-07,49.209999084472656,48.459999084472656,48.540000915527344,48.84000015258789,16738200.0,44.77797317504883
2018-03-08,49.029998779296875,48.31999969482422,48.88999938964844,49.0099983215332,17038500.0,44.933834075927734
2018-03-09,49.22999954223633,48.349998474121094,49.20000076293945,49.0099983215332,14927100.0,44.933834075927734
2018-03-12,49.2599983215332,48.66999816894531,49.029998779296875,48.79999923706055,12526300.0,44.74129867553711
2018-03-13,49.2599983215332,48.5,49.0,48.650001525878906,12840200.0,44.60377883911133
2018-03-14,49.099998474121094,48.36000061035156,48.93000030517578,48.45000076293945,11930400.0,44.420406341552734
2018-03-15,48.77000045776367,48.13999938964844,48.529998779296875,48.290000915527344,9537400.0,44.27372360229492
2018-03-16,48.779998779296875,48.220001220703125,48.40999984741211,48.560001373291016,26838100.0,44.52125930786133
2018-03-19,48.61000061035156,48.119998931884766,48.529998779296875,48.310001373291016,12980800.0,44.29205322265625
2018-03-20,48.59000015258789,47.58000183105469,48.400001525878906,47.689998626708984,10765500.0,43.72361755371094
2018-03-21,47.959999084472656,47.27000045776367,47.689998626708984,47.279998779296875,11062500.0,43.347713470458984
2018-03-22,47.52000045776367,46.77000045776367,47.099998474121094,46.880001068115234,14270800.0,42.980987548828125
2018-03-23,47.459999084472656,46.20000076293945,47.060001373291016,46.290000915527344,15955100.0,42.4400634765625
2018-03-26,47.16999816894531,46.59000015258789,46.779998779296875,47.06999969482422,15435500.0,43.155181884765625
2018-03-27,47.900001525878906,46.84000015258789,47.099998474121094,47.310001373291016,14544700.0,43.375221252441406
2018-03-28,48.560001373291016,47.83000183105469,47.88999938964844,48.0,17728000.0,44.00783157348633
2018-03-29,48.72999954223633,47.56999969482422,48.20000076293945,47.81999969482422,17305500.0,43.84280014038086
2018-04-02,47.939998626708984,46.720001220703125,47.619998931884766,47.15999984741211,16511200.0,43.23769760131836
2018-04-03,47.529998779296875,46.709999084472656,47.220001220703125,47.5,14841300.0,43.54942321777344
2018-04-04,47.9900016784668,46.900001525878906,47.15999984741211,47.93000030517578,12376400.0,43.943660736083984
2018-04-05,48.349998474121094,47.68000030517578,47.97999954223633,48.2400016784668,13201300.0,44.22787857055664
2018-04-06,48.279998779296875,47.27000045776367,48.099998474121094,47.47999954223633,16071600.0,43.53108596801758
2018-04-09,47.5,46.79999923706055,47.029998779296875,46.91999816894531,13475300.0,43.558929443359375
2018-04-10,48.970001220703125,46.9900016784668,47.20000076293945,48.27000045776367,24309300.0,44.81222915649414
2018-04-11,47.9900016784668,47.47999954223633,47.93000030517578,47.58000183105469,11695600.0,44.171661376953125
2018-04-12,48.13999938964844,47.439998626708984,47.869998931884766,47.7400016784668,8837900.0,44.32019805908203
2018-04-13,47.97999954223633,47.5099983215332,47.90999984741211,47.65999984741211,7302000.0,44.24592590332031
2018-04-16,48.459999084472656,47.86000061035156,47.95000076293945,48.38999938964844,8885500.0,44.92362594604492
2018-04-17,49.040000915527344,48.310001373291016,48.59000015258789,48.849998474121094,11575500.0,45.350677490234375
2018-04-18,49.060001373291016,48.56999969482422,49.0,48.619998931884766,8347700.0,45.13715744018555
2018-04-19,48.959999084472656,48.380001068115234,48.599998474121094,48.43000030517578,11174200.0,44.96076965332031
2018-04-20,48.619998931884766,47.209999084472656,48.310001373291016,47.900001525878906,18224700.0,44.46873474121094
2018-04-23,48.720001220703125,47.970001220703125,48.20000076293945,48.65999984741211,14211600.0,45.17428970336914
2018-04-24,50.38999938964844,49.13999938964844,49.91999816894531,49.66999816894531,20920400.0,46.1119384765625
2018-04-25,50.15999984741211,49.2400016784668,50.060001373291016,50.099998474121094,19893200.0,46.511138916015625
2018-04-26,50.040000915527344,49.439998626708984,49.599998474121094,49.7599983215332,14121900.0,46.195491790771484
2018-04-27,51.689998626708984,50.15999984741211,50.25,51.56999969482422,25986200.0,47.87583541870117
2018-04-30,51.650001525878906,49.34000015258789,51.400001525878906,49.349998474121094,28938900.0,45.81486511230469
2018-05-01,49.650001525878906,48.2400016784668,49.4900016784668,48.81999969482422,16101400.0,45.32283401489258
2018-05-02,48.86000061035156,47.4900016784668,48.790000915527344,47.75,18515900.0,44.3294792175293
2018-05-03,47.86000061035156,47.36000061035156,47.720001220703125,47.84000015258789,16114100.0,44.413028717041016
2018-05-04,48.31999969482422,47.4900016784668,47.5,48.189998626708984,10669300.0,44.73795700073242
2018-05-07,48.31999969482422,47.56999969482422,48.18000030517578,47.72999954223633,12892100.0,44.3109130859375
2018-05-08,47.599998474121094,46.72999954223633,47.540000915527344,47.02000045776367,16716900.0,43.651771545410156
2018-05-09,47.18000030517578,46.09000015258789,47.0,46.380001068115234,23083300.0,43.0576171875
2018-05-10,47.290000915527344,46.52000045776367,46.68000030517578,47.20000076293945,15727500.0,43.81888198852539
2018-05-11,49.06999969482422,47.91999816894531,48.06999969482422,48.619998931884766,22872800.0,45.13715744018555
2018-05-14,48.900001525878906,48.279998779296875,48.66999816894531,48.4900016784668,10362600.0,45.0164680480957
2018-05-15,48.290000915527344,47.619998931884766,48.150001525878906,47.790000915527344,12655400.0,44.366615295410156
2018-05-16,48.09000015258789,47.65999984741211,47.790000915527344,47.86000061035156,9798800.0,44.43160629272461
2018-05-17,48.040000915527344,47.65999984741211,47.86000061035156,47.849998474121094,8907500.0,44.42230987548828
2018-05-18,47.88999938964844,47.31999969482422,47.84000015258789,47.7400016784668,11384400.0,44.32019805908203
2018-05-21,48.5,47.7400016784668,47.790000915527344,48.43000030517578,8588800.0,44.96076965332031
2018-05-22,49.310001373291016,48.2599983215332,48.33000183105469,48.810001373291016,18539800.0,45.31354904174805
2018-05-23,48.97999954223633,48.33000183105469,48.7400016784668,48.59000015258789,14027800.0,45.10930633544922
2018-05-24,49.0,48.470001220703125,48.88999938964844,48.63999938964844,13580400.0,45.15572738647461
2018-05-25,48.650001525878906,48.2400016784668,48.59000015258789,48.52000045776367,7948000.0,45.04431915283203
2018-05-29,48.459999084472656,47.86000061035156,48.29999923706055,48.20000076293945,13035300.0,44.74724578857422
2018-05-30,48.720001220703125,48.2400016784668,48.4900016784668,48.599998474121094,10459100.0,45.11858367919922
2018-05-31,48.529998779296875,47.52000045776367,48.52000045776367,47.66999816894531,27288300.0,44.25520324707031
2018-06-01,48.0,47.61000061035156,47.88999938964844,47.810001373291016,9967100.0,44.38518142700195
2018-06-04,48.15999984741211,47.72999954223633,48.04999923706055,47.81999969482422,9012600.0,44.39446258544922
2018-06-05,48.189998626708984,47.77000045776367,47.779998779296875,47.970001220703125,10378000.0,44.533721923828125
2018-06-06,48.439998626708984,47.790000915527344,48.15999984741211,48.40999984741211,12924800.0,44.94219970703125
2018-06-07,49.2599983215332,47.849998474121094,47.959999084472656,49.0099983215332,19674300.0,45.49922180175781
2018-06-08,49.20000076293945,48.43000030517578,48.45000076293945,49.18000030517578,15399300.0,45.65704345703125
2018-06-11,49.79999923706055,49.2599983215332,49.4900016784668,49.29999923706055,14143700.0,45.7684440612793
2018-06-12,49.63999938964844,48.65999984741211,49.58000183105469,48.810001373291016,15597900.0,45.31354904174805
2018-06-13,48.54999923706055,47.380001068115234,48.45000076293945,47.400001525878906,30809400.0,44.004554748535156
2018-06-14,47.88999938964844,47.29999923706055,47.7599983215332,47.81999969482422,17568400.0,44.39446258544922
2018-06-15,48.060001373291016,47.619998931884766,47.77000045776367,48.060001373291016,31398000.0,44.61726760864258
2018-06-18,48.0,47.130001068115234,47.900001525878906,47.459999084472656,15330400.0,44.06024932861328
2018-06-19,48.779998779296875,47.52000045776367,47.66999816894531,48.5,25070000.0,45.0257568359375
2018-06-20,48.65999984741211,47.810001373291016,48.63999938964844,48.09000015258789,11996800.0,44.64512252807617
2018-06-21,49.0,48.380001068115234,48.869998931884766,48.630001068115234,14854600.0,45.14643859863281
2018-06-22,49.93000030517578,48.84000015258789,48.959999084472656,49.7599983215332,31911000.0,46.195491790771484
2018-06-25,50.040000915527344,49.290000915527344,49.84000015258789,49.599998474121094,19301900.0,46.04695129394531
2018-06-26,49.75,49.06999969482422,49.619998931884766,49.29999923706055,13597000.0,45.7684440612793
2018-06-27,49.72999954223633,49.0099983215332,49.18000030517578,49.310001373291016,14144300.0,45.777732849121094
2018-06-28,51.04999923706055,49.40999984741211,49.43000030517578,50.86000061035156,21605500.0,47.21670150756836
2018-06-29,50.849998474121094,50.08000183105469,50.72999954223633,50.310001373291016,18023100.0,46.70609664916992
2018-07-02,50.439998626708984,49.70000076293945,50.25,50.41999816894531,13141200.0,46.80820846557617
2018-07-03,51.09000015258789,50.29999923706055,50.459999084472656,50.70000076293945,8441100.0,47.06816101074219
2018-07-05,51.29999923706055,50.52000045776367,50.9900016784668,51.279998779296875,11279600.0,47.60661315917969
2018-07-06,51.65999984741211,51.22999954223633,51.41999816894531,51.47999954223633,10203800.0,47.79228210449219
2018-07-09,51.11000061035156,50.68000030517578,51.029998779296875,50.7400016784668,10491200.0,47.65141677856445
2018-07-10,51.41999816894531,50.7400016784668,50.79999923706055,51.34000015258789,9614600.0,48.21489334106445
2018-07-11,51.75,51.150001525878906,51.220001220703125,51.34000015258789,14348100.0,48.21489334106445
2018-07-12,51.58000183105469,50.959999084472656,51.5,51.2400016784668,10583900.0,48.12097930908203
2018-07-13,51.45000076293945,50.93000030517578,51.099998474121094,51.40999984741211,11175100.0,48.28063201904297
2018-07-16,51.720001220703125,51.130001068115234,51.36000061035156,51.59000015258789,9633400.0,48.449676513671875
2018-07-17,51.939998626708984,51.41999816894531,51.540000915527344,51.43000030517578,10636100.0,48.29941177368164
2018-07-18,51.4900016784668,50.880001068115234,51.40999984741211,51.13999938964844,11734900.0,48.027069091796875
2018-07-19,51.099998474121094,50.599998474121094,51.099998474121094,50.75,9524200.0,47.66080856323242
2018-07-20,50.9900016784668,50.349998474121094,50.529998779296875,50.619998931884766,12026500.0,47.538719177246094
2018-07-23,50.97999954223633,50.27000045776367,50.689998626708984,50.75,11703200.0,47.66080856323242
2018-07-24,51.869998931884766,50.04999923706055,51.25,51.5099983215332,23265200.0,48.374542236328125
2018-07-25,52.04999923706055,50.810001373291016,51.689998626708984,50.90999984741211,15702800.0,47.811065673828125
2018-07-26,51.61000061035156,51.11000061035156,51.130001068115234,51.18000030517578,11162000.0,48.06463623046875
2018-07-27,52.380001068115234,51.47999954223633,51.47999954223633,52.0099983215332,14073700.0,48.84410858154297
2018-07-30,53.0,52.08000183105469,52.27000045776367,52.4900016784668,16725000.0,49.29489517211914
2018-07-31,52.66999816894531,51.4900016784668,52.599998474121094,51.63999938964844,16924200.0,48.49663162231445
2018-08-01,52.11000061035156,51.45000076293945,52.02000045776367,51.72999954223633,12789400.0,48.581153869628906
2018-08-02,52.0099983215332,51.43000030517578,51.7400016784668,51.97999954223633,12337500.0,48.81593322753906
2018-08-03,52.45000076293945,51.869998931884766,52.0,52.27000045776367,7769900.0,49.08828353881836
2018-08-06,52.720001220703125,51.7599983215332,52.130001068115234,52.47999954223633,10768400.0,49.28549575805664
2018-08-07,52.72999954223633,52.220001220703125,52.47999954223633,52.459999084472656,7106900.0,49.26671600341797
2018-08-08,52.880001068115234,52.40999984741211,52.54999923706055,52.70000076293945,9457300.0,49.49211120605469
2018-08-09,53.27000045776367,52.65999984741211,52.65999984741211,53.0099983215332,10768100.0,49.78323745727539
2018-08-10,52.93000030517578,52.27000045776367,52.93000030517578,52.470001220703125,7979600.0,49.27611541748047
2018-08-13,52.779998779296875,52.20000076293945,52.7400016784668,52.220001220703125,9919400.0,49.041324615478516
2018-08-14,52.939998626708984,52.310001373291016,52.310001373291016,52.869998931884766,11454400.0,49.651756286621094
2018-08-15,53.369998931884766,52.459999084472656,52.72999954223633,53.2400016784668,16473300.0,49.999244689941406
2018-08-16,54.41999816894531,53.20000076293945,53.25,54.27000045776367,16265400.0,50.9665412902832
2018-08-17,55.209999084472656,54.099998474121094,54.2599983215332,54.790000915527344,19102700.0,51.454891204833984
2018-08-20,55.08000183105469,54.20000076293945,54.93000030517578,54.650001525878906,10747400.0,51.32341766357422
2018-08-21,55.06999969482422,54.470001220703125,54.900001525878906,54.90999984741211,11961200.0,51.56758499145508
2018-08-22,55.0099983215332,53.939998626708984,54.84000015258789,54.13999938964844,13911400.0,50.84445571899414
2018-08-23,54.54999923706055,54.04999923706055,54.15999984741211,54.279998779296875,8354400.0,50.97593307495117
2018-08-24,54.83000183105469,54.220001220703125,54.2599983215332,54.779998779296875,8499900.0,51.445499420166016
2018-08-27,55.060001373291016,54.650001525878906,54.97999954223633,54.849998474121094,9539600.0,51.511234283447266
2018-08-28,54.900001525878906,54.459999084472656,54.81999969482422,54.650001525878906,11864600.0,51.32341766357422
2018-08-29,54.959999084472656,54.5,54.779998779296875,54.56999969482422,9801900.0,51.24828338623047
2018-08-30,54.79999923706055,54.2400016784668,54.400001525878906,54.75,9696500.0,51.41732406616211
2018-08-31,54.65999984741211,54.040000915527344,54.5099983215332,54.369998931884766,14605400.0,51.060447692871094
2018-09-04,53.720001220703125,52.84000015258789,53.54999923706055,53.189998626708984,19898600.0,49.9522819519043
2018-09-05,53.970001220703125,52.900001525878906,53.02000045776367,53.81999969482422,15301200.0,50.5439338684082
2018-09-06,54.470001220703125,53.70000076293945,53.939998626708984,54.290000915527344,10521900.0,50.98532485961914
2018-09-07,54.38999938964844,53.880001068115234,54.130001068115234,54.0,11746500.0,50.71297836303711
2018-09-10,54.68000030517578,53.9900016784668,54.31999969482422,54.119998931884766,10781900.0,50.8256721496582
2018-09-11,54.959999084472656,54.11000061035156,54.290000915527344,54.720001220703125,12298800.0,51.38915252685547
2018-09-12,55.41999816894531,54.560001373291016,54.75,54.970001220703125,13130800.0,51.623931884765625
2018-09-13,55.08000183105469,54.27000045776367,55.08000183105469,54.939998626708984,12559900.0,51.59575653076172
2018-09-14,54.9900016784668,54.18000030517578,54.90999984741211,54.54999923706055,13454700.0,51.229496002197266
2018-09-17,55.02000045776367,54.43000030517578,54.790000915527344,54.70000076293945,11013700.0,51.37036895751953
2018-09-18,54.810001373291016,54.290000915527344,54.38999938964844,54.38999938964844,13891100.0,51.0792350769043
2018-09-19,54.70000076293945,53.369998931884766,54.619998931884766,53.5,17471000.0,50.243412017822266
2018-09-20,54.150001525878906,53.31999969482422,53.599998474121094,53.95000076293945,14473400.0,50.666019439697266
2018-09-21,54.810001373291016,54.119998931884766,54.22999954223633,54.41999816894531,48954100.0,51.1074104309082
2018-09-24,54.4900016784668,53.529998779296875,54.310001373291016,53.540000915527344,14029600.0,50.28097915649414
2018-09-25,53.65999984741211,52.91999816894531,53.5,53.04999923706055,13604900.0,49.82080078125
2018-09-26,53.58000183105469,53.08000183105469,53.290000915527344,53.13999938964844,13308300.0,49.90532684326172
2018-09-27,53.869998931884766,53.150001525878906,53.150001525878906,53.59000015258789,13348100.0,50.32793426513672
2018-09-28,53.560001373291016,53.27000045776367,53.470001220703125,53.38999938964844,12634500.0,50.140106201171875
2018-10-01,53.91999816894531,53.5,53.61000061035156,53.84000015258789,10682000.0,50.56271743774414
2018-10-02,54.439998626708984,53.599998474121094,53.79999923706055,54.41999816894531,12482900.0,51.1074104309082
2018-10-03,54.939998626708984,54.13999938964844,54.7400016784668,54.290000915527344,14939100.0,50.98532485961914
2018-10-04,55.029998779296875,53.959999084472656,54.349998474121094,55.02000045776367,15788400.0,51.670894622802734
2018-10-05,55.439998626708984,54.779998779296875,55.060001373291016,54.939998626708984,14044900.0,51.59575653076172
2018-10-08,55.209999084472656,54.45000076293945,55.0,55.02000045776367,16703700.0,51.670894622802734
2018-10-09,55.13999938964844,54.029998779296875,54.47999954223633,54.9900016784668,16962400.0,52.21449661254883
2018-10-10,55.900001525878906,54.290000915527344,54.9900016784668,54.33000183105469,22025500.0,51.587806701660156
2018-10-11,55.15999984741211,52.84000015258789,54.5099983215332,53.33000183105469,26336200.0,50.63827896118164
2018-10-12,53.88999938964844,52.81999969482422,53.81999969482422,53.72999954223633,18866600.0,51.01808547973633
2018-10-15,54.25,53.599998474121094,53.880001068115234,53.599998474121094,13022000.0,50.894649505615234
2018-10-16,53.79999923706055,53.2599983215332,53.459999084472656,53.70000076293945,15981200.0,50.98960876464844
2018-10-17,54.380001068115234,53.529998779296875,53.75,53.959999084472656,14528100.0,51.236480712890625
2018-10-18,54.68000030517578,53.779998779296875,53.86000061035156,54.650001525878906,16865100.0,51.891658782958984
2018-10-19,55.5,54.52000045776367,54.619998931884766,54.900001525878906,19103300.0,52.12903594970703
2018-10-22,55.27000045776367,54.61000061035156,55.08000183105469,54.97999954223633,21737500.0,52.20499801635742
2018-10-23,57.470001220703125,56.09000015258789,56.09000015258789,57.209999084472656,29328700.0,54.32244110107422
2018-10-24,58.439998626708984,56.41999816894531,57.0,57.41999816894531,37435600.0,54.52184295654297
2018-10-25,57.630001068115234,56.16999816894531,57.459999084472656,56.43000030517578,25270000.0,53.581809997558594
2018-10-26,56.619998931884766,55.189998626708984,56.2599983215332,55.5099983215332,24973300.0,52.70824432373047
2018-10-29,57.150001525878906,55.720001220703125,55.810001373291016,56.47999954223633,22103700.0,53.62928771972656
2018-10-30,58.79999923706055,56.91999816894531,56.91999816894531,58.18000030517578,25231200.0,55.24348068237305
2018-10-31,58.31999969482422,56.7599983215332,58.31999969482422,57.09000015258789,24214400.0,54.20849609375
2018-11-01,57.279998779296875,55.54999923706055,56.97999954223633,56.04999923706055,22533200.0,53.22098922729492
2018-11-02,57.08000183105469,55.91999816894531,56.34000015258789,56.630001068115234,14734400.0,53.7717170715332
2018-11-05,57.45000076293945,56.5099983215332,56.5099983215332,57.209999084472656,12733800.0,54.32244110107422
2018-11-06,57.349998474121094,56.650001525878906,57.02000045776367,57.209999084472656,12371200.0,54.32244110107422
2018-11-07,57.779998779296875,57.040000915527344,57.54999923706055,57.650001525878906,14891300.0,54.740238189697266
2018-11-08,58.439998626708984,57.65999984741211,57.70000076293945,58.27000045776367,12482400.0,55.328941345214844
2018-11-09,59.20000076293945,57.939998626708984,58.31999969482422,58.459999084472656,17365500.0,55.50934600830078
2018-11-12,59.400001525878906,58.540000915527344,58.84000015258789,58.720001220703125,13236800.0,55.756229400634766
2018-11-13,59.13999938964844,58.31999969482422,59.09000015258789,58.65999984741211,13047900.0,55.699256896972656
2018-11-14,59.31999969482422,58.40999984741211,59.130001068115234,58.939998626708984,18288700.0,55.965126037597656
2018-11-15,59.09000015258789,58.45000076293945,58.849998474121094,59.08000183105469,17147100.0,56.098060607910156
2018-11-16,60.38999938964844,58.90999984741211,59.060001373291016,60.209999084472656,19471000.0,57.171024322509766
2018-11-19,61.31999969482422,60.18000030517578,60.25,60.619998931884766,18405700.0,57.560325622558594
2018-11-20,61.58000183105469,59.16999816894531,61.029998779296875,59.459999084472656,22028900.0,56.45888137817383
2018-11-21,59.900001525878906,58.880001068115234,59.2599983215332,59.15999984741211,18482200.0,56.17402267456055
2018-11-23,59.0,58.290000915527344,58.86000061035156,58.63999938964844,7009100.0,55.68026351928711
2018-11-26,59.5099983215332,58.310001373291016,58.63999938964844,59.16999816894531,12308900.0,56.18351364135742
2018-11-27,60.70000076293945,59.18000030517578,59.209999084472656,60.650001525878906,14115000.0,57.58881759643555
2018-11-28,60.72999954223633,59.63999938964844,60.70000076293945,60.060001373291016,18663000.0,57.028594970703125
2018-11-29,59.790000915527344,59.2599983215332,59.41999816894531,59.45000076293945,14763700.0,56.44938278198242
2018-11-30,60.369998931884766,59.47999954223633,59.56999969482422,60.29999923706055,31142800.0,57.2564811706543
2018-12-03,59.75,57.689998626708984,59.5,58.15999984741211,27800800.0,55.22449493408203
2018-12-04,59.400001525878906,57.959999084472656,58.099998474121094,58.09000015258789,21727400.0,55.15802764892578
2018-12-06,58.63999938964844,57.15999984741211,58.18000030517578,58.08000183105469,26880400.0,55.148536682128906
2018-12-07,58.43000030517578,57.34000015258789,57.90999984741211,57.68000030517578,16948100.0,54.76871871948242
2018-12-10,58.369998931884766,56.869998931884766,57.79999923706055,58.27000045776367,16603400.0,55.328941345214844
2018-12-11,59.400001525878906,58.63999938964844,58.77000045776367,58.849998474121094,14991400.0,55.87966537475586
2018-12-12,58.189998626708984,57.22999954223633,57.790000915527344,57.25,18892200.0,54.360416412353516
2018-12-13,57.5,56.810001373291016,57.0,57.09000015258789,15454700.0,54.20849609375
2018-12-14,57.5,56.75,56.95000076293945,57.08000183105469,13960900.0,54.19900894165039
2018-12-17,57.310001373291016,55.529998779296875,57.060001373291016,55.95000076293945,18902500.0,53.126041412353516
2018-12-18,56.689998626708984,55.310001373291016,55.939998626708984,55.650001525878906,18895800.0,52.84117889404297
2018-12-19,56.91999816894531,55.5,55.720001220703125,55.86000061035156,20968400.0,53.04058074951172
2018-12-20,56.0099983215332,54.2599983215332,55.91999816894531,55.06999969482422,26897000.0,52.29045486450195
2018-12-21,56.529998779296875,54.2400016784668,54.84000015258789,54.91999816894531,55406300.0,52.14802551269531
2018-12-24,55.040000915527344,52.939998626708984,54.68000030517578,53.04999923706055,15077200.0,50.372406005859375
2018-12-26,54.470001220703125,52.400001525878906,53.22999954223633,54.439998626708984,17970500.0,51.6922492980957
2018-12-27,55.16999816894531,53.349998474121094,54.310001373291016,55.150001525878906,17531000.0,52.366416931152344
2018-12-28,55.86000061035156,54.900001525878906,55.369998931884766,55.27000045776367,14771600.0,52.48036193847656
2018-12-31,56.22999954223633,55.06999969482422,55.529998779296875,56.220001220703125,15331800.0,53.382415771484375
2019-01-02,56.15999984741211,55.279998779296875,56.15999984741211,56.02000045776367,13969700.0,53.192508697509766
2019-01-03,56.9900016784668,56.060001373291016,56.29999923706055,56.220001220703125,19245400.0,53.382415771484375
2019-01-04,56.88999938964844,55.95000076293945,56.4900016784668,56.36000061035156,17035800.0,53.51534652709961
2019-01-07,57.2599983215332,56.54999923706055,56.7599983215332,56.720001220703125,16349000.0,53.857177734375
2019-01-08,58.689998626708984,57.04999923706055,57.27000045776367,58.380001068115234,21424600.0,55.43339157104492
2019-01-09,57.720001220703125,56.849998474121094,57.68000030517578,57.04999923706055,18136000.0,54.735408782958984
2019-01-10,57.70000076293945,56.869998931884766,57.290000915527344,57.599998474121094,14259900.0,55.263092041015625
2019-01-11,58.2599983215332,57.41999816894531,57.84000015258789,58.02000045776367,15801500.0,55.66604995727539
2019-01-14,58.150001525878906,57.68000030517578,57.83000183105469,58.029998779296875,11342300.0,55.67564392089844
2019-01-15,58.290000915527344,57.58000183105469,57.7400016784668,58.099998474121094,10058000.0,55.742801666259766
2019-01-16,57.93000030517578,57.0,57.93000030517578,57.08000183105469,13411700.0,54.76419448852539
2019-01-17,57.400001525878906,56.209999084472656,57.15999984741211,56.83000183105469,15223900.0,54.52433395385742
2019-01-18,57.470001220703125,56.84000015258789,56.91999816894531,57.09000015258789,16802500.0,54.773780822753906
2019-01-22,57.38999938964844,56.400001525878906,57.22999954223633,56.9900016784668,18284800.0,54.67784118652344
2019-01-23,57.869998931884766,56.93000030517578,56.97999954223633,57.7599983215332,15109000.0,55.41659927368164
2019-01-24,57.650001525878906,56.5,57.61000061035156,57.06999969482422,12494100.0,54.75459289550781
2019-01-25,57.470001220703125,56.22999954223633,57.18000030517578,56.400001525878906,17800300.0,54.11177444458008
2019-01-28,56.220001220703125,54.79999923706055,56.119998931884766,55.06999969482422,25955700.0,52.83573532104492
2019-01-29,54.29999923706055,52.970001220703125,53.619998931884766,53.279998779296875,33789200.0,51.11835861206055
2019-01-30,54.02000045776367,52.279998779296875,53.099998474121094,54.0,27260000.0,51.809146881103516
2019-01-31,55.189998626708984,53.529998779296875,54.04999923706055,55.060001373291016,28585400.0,52.826141357421875
2019-02-01,55.29999923706055,54.470001220703125,55.209999084472656,54.54999923706055,13778000.0,52.336830139160156
2019-02-04,54.689998626708984,53.66999816894531,54.599998474121094,54.040000915527344,15818900.0,51.84752655029297
2019-02-05,54.34000015258789,53.61000061035156,54.099998474121094,54.13999938964844,14124600.0,51.9434700012207
2019-02-06,54.369998931884766,53.68000030517578,54.11000061035156,53.790000915527344,11391400.0,51.607666015625
2019-02-07,53.72999954223633,53.02000045776367,53.61000061035156,53.56999969482422,12436200.0,51.3965950012207
2019-02-08,53.959999084472656,53.29999923706055,53.36000061035156,53.95000076293945,12011700.0,51.76117706298828
2019-02-11,54.369998931884766,53.86000061035156,54.130001068115234,54.04999923706055,9802800.0,51.85711669921875
2019-02-12,54.77000045776367,54.189998626708984,54.45000076293945,54.41999816894531,11227600.0,52.21210861206055
2019-02-13,54.77000045776367,54.279998779296875,54.349998474121094,54.47999954223633,11884800.0,52.269676208496094
2019-02-14,54.52000045776367,53.95000076293945,54.380001068115234,54.029998779296875,11190100.0,51.83793258666992
2019-02-15,55.189998626708984,54.31999969482422,54.47999954223633,55.15999984741211,15719400.0,52.92208480834961
2019-02-19,55.65999984741211,54.81999969482422,55.060001373291016,55.439998626708984,12272700.0,53.19072341918945
2019-02-20,55.90999984741211,55.2400016784668,55.369998931884766,55.7599983215332,11379000.0,53.497737884521484
2019-02-21,56.720001220703125,55.459999084472656,55.54999923706055,56.150001525878906,14680500.0,53.87192153930664
2019-02-22,57.130001068115234,56.400001525878906,56.43000030517578,56.91999816894531,12534300.0,54.61067581176758
2019-02-25,57.27000045776367,56.54999923706055,57.0,56.779998779296875,15051200.0,54.47636032104492
2019-02-26,57.09000015258789,56.459999084472656,56.81999969482422,56.63999938964844,12005600.0,54.342037200927734
2019-02-27,56.72999954223633,56.349998474121094,56.54999923706055,56.720001220703125,8962800.0,54.41879653930664
2019-02-28,57.61000061035156,56.720001220703125,56.7400016784668,56.91999816894531,15743000.0,54.61067581176758
2019-03-01,57.150001525878906,56.349998474121094,57.02000045776367,56.959999084472656,10942700.0,54.64905548095703
2019-03-04,57.349998474121094,55.65999984741211,57.150001525878906,56.2400016784668,13674400.0,53.95827102661133
2019-03-05,56.16999816894531,55.5099983215332,56.09000015258789,56.08000183105469,15749500.0,53.80475997924805
2019-03-06,56.41999816894531,55.45000076293945,56.189998626708984,55.68000030517578,13935500.0,53.42098617553711
2019-03-07,56.400001525878906,55.720001220703125,55.7599983215332,56.29999923706055,12644200.0,54.015830993652344
2019-03-08,56.68000030517578,56.0,56.36000061035156,56.529998779296875,10617300.0,54.23649978637695
2019-03-11,57.619998931884766,56.75,56.7599983215332,57.58000183105469,13627400.0,55.24390411376953
2019-03-12,58.11000061035156,57.36000061035156,57.630001068115234,57.43000030517578,12813000.0,55.0999870300293
2019-03-13,57.7400016784668,57.34000015258789,57.369998931884766,57.65999984741211,14168300.0,55.320655822753906
2019-03-14,58.09000015258789,57.5099983215332,57.709999084472656,57.95000076293945,12148300.0,55.59889221191406
2019-03-15,58.5099983215332,57.93000030517578,58.040000915527344,58.38999938964844,23715300.0,56.02103805541992
2019-03-18,58.31999969482422,57.560001373291016,58.27000045776367,58.06999969482422,12168100.0,55.714019775390625
2019-03-19,58.20000076293945,57.310001373291016,58.099998474121094,57.5,13462700.0,55.167144775390625
2019-03-20,58.060001373291016,57.11000061035156,57.5099983215332,57.66999816894531,11902900.0,55.33024978637695
2019-03-21,58.4900016784668,57.56999969482422,57.58000183105469,58.290000915527344,10920100.0,55.92510223388672
2019-03-22,60.0,58.130001068115234,58.15999984741211,59.7599983215332,25125400.0,57.33545684814453
2019-03-25,60.189998626708984,59.529998779296875,59.630001068115234,60.08000183105469,15463400.0,57.642478942871094
2019-03-26,60.689998626708984,60.18000030517578,60.29999923706055,60.630001068115234,12316900.0,58.170162200927734
2019-03-27,61.189998626708984,60.47999954223633,60.560001373291016,60.880001068115234,13290300.0,58.41001510620117
2019-03-28,60.88999938964844,58.439998626708984,60.880001068115234,59.08000183105469,20547100.0,56.683048248291016
2019-03-29,59.27000045776367,58.31999969482422,59.20000076293945,59.130001068115234,17283900.0,56.73101806640625
2019-04-01,59.40999984741211,58.790000915527344,59.38999938964844,59.09000015258789,16331100.0,56.6926383972168
2019-04-02,59.22999954223633,58.34000015258789,59.220001220703125,58.529998779296875,11408100.0,56.155357360839844
2019-04-03,59.06999969482422,58.40999984741211,58.779998779296875,58.869998931884766,15491700.0,56.481563568115234
2019-04-04,59.099998474121094,58.77000045776367,58.84000015258789,58.9900016784668,8776000.0,56.59669876098633
2019-04-05,59.099998474121094,58.81999969482422,59.02000045776367,59.09000015258789,11497800.0,56.6926383972168
2019-04-08,59.130001068115234,58.720001220703125,59.02000045776367,59.130001068115234,11680500.0,56.73101806640625
2019-04-09,58.560001373291016,58.040000915527344,58.369998931884766,58.400001525878906,10414400.0,56.6074333190918
2019-04-10,58.70000076293945,58.36000061035156,58.400001525878906,58.61000061035156,8782100.0,56.81098556518555
2019-04-11,58.72999954223633,58.20000076293945,58.650001525878906,58.560001373291016,9219900.0,56.76251983642578
2019-04-12,58.790000915527344,58.52000045776367,58.75,58.7400016784668,10847500.0,56.93699645996094
2019-04-15,58.95000076293945,58.59000015258789,58.90999984741211,58.709999084472656,7741500.0,56.90791320800781
2019-04-16,58.97999954223633,58.65999984741211,58.790000915527344,58.790000915527344,10239300.0,56.9854621887207
2019-04-17,58.459999084472656,57.63999938964844,58.400001525878906,57.779998779296875,15498000.0,56.0064582824707
2019-04-18,58.20000076293945,57.279998779296875,57.5099983215332,58.040000915527344,13189000.0,56.25848388671875
2019-04-22,58.4900016784668,57.88999938964844,58.13999938964844,58.369998931884766,11950400.0,56.57835006713867
2019-04-23,57.720001220703125,56.29999923706055,57.619998931884766,57.150001525878906,23488700.0,55.39580154418945
2019-04-24,57.56999969482422,56.72999954223633,57.34000015258789,57.08000183105469,13227100.0,55.32795333862305
2019-04-25,56.900001525878906,55.75,56.81999969482422,55.849998474121094,17425500.0,54.13570022583008
2019-04-26,56.81999969482422,55.83000183105469,56.060001373291016,56.58000183105469,16329700.0,54.843299865722656
2019-04-29,57.16999816894531,56.709999084472656,56.75,56.84000015258789,13985000.0,55.095314025878906
2019-04-30,57.45000076293945,56.7599983215332,56.9900016784668,57.189998626708984,15469000.0,55.4345703125
2019-05-01,57.29999923706055,56.52000045776367,57.22999954223633,56.52000045776367,11627400.0,54.78513717651367
2019-05-02,58.22999954223633,56.68000030517578,56.810001373291016,56.9900016784668,14435400.0,55.2407112121582
2019-05-03,57.36000061035156,56.869998931884766,57.150001525878906,57.2400016784668,9388200.0,55.48303985595703
2019-05-06,57.09000015258789,56.7400016784668,56.83000183105469,56.90999984741211,10066100.0,55.16316604614258
2019-05-07,56.81999969482422,56.33000183105469,56.689998626708984,56.630001068115234,12963800.0,54.891761779785156
2019-05-08,56.70000076293945,56.25,56.65999984741211,56.380001068115234,12086700.0,54.64943313598633
2019-05-09,56.560001373291016,55.93000030517578,56.119998931884766,56.47999954223633,14834900.0,54.74636459350586
2019-05-10,57.040000915527344,56.2599983215332,56.4900016784668,56.90999984741211,10707100.0,55.16316604614258
2019-05-13,57.34000015258789,56.65999984741211,56.720001220703125,56.75,13759000.0,55.00807571411133
2019-05-14,57.189998626708984,56.5,56.7599983215332,56.54999923706055,12776200.0,54.81421661376953
2019-05-15,56.84000015258789,56.16999816894531,56.5099983215332,56.810001373291016,10806300.0,55.06623840332031
2019-05-16,57.79999923706055,56.81999969482422,57.0,57.380001068115234,11695100.0,55.61874008178711
2019-05-17,58.47999954223633,57.0099983215332,57.060001373291016,58.09000015258789,14436700.0,56.30694580078125
2019-05-20,60.540000915527344,58.0,59.150001525878906,59.0099983215332,20910600.0,57.198707580566406
2019-05-21,59.630001068115234,58.7599983215332,59.099998474121094,59.5,14016300.0,57.673667907714844
2019-05-22,59.369998931884766,58.959999084472656,59.09000015258789,59.25,11487100.0,57.431339263916016
2019-05-23,59.279998779296875,58.540000915527344,59.0,58.869998931884766,11706700.0,57.06300354003906
2019-05-24,59.36000061035156,58.66999816894531,59.06999969482422,59.31999969482422,8755200.0,57.49918746948242
2019-05-28,59.869998931884766,58.65999984741211,59.209999084472656,58.72999954223633,21860500.0,56.92729949951172
2019-05-29,58.93000030517578,57.90999984741211,58.66999816894531,58.18000030517578,13418700.0,56.39418029785156
2019-05-30,57.619998931884766,56.560001373291016,57.619998931884766,56.83000183105469,17484900.0,55.08562469482422
2019-05-31,55.439998626708984,54.2599983215332,55.09000015258789,54.349998474121094,29916600.0,52.68174362182617
2019-06-03,56.4900016784668,54.560001373291016,54.68000030517578,56.380001068115234,19518300.0,54.64943313598633
2019-06-04,56.97999954223633,55.93000030517578,56.599998474121094,56.220001220703125,15201200.0,54.494346618652344
2019-06-05,57.380001068115234,56.5,56.52000045776367,57.029998779296875,11522900.0,55.27947998046875
2019-06-06,57.81999969482422,57.0099983215332,57.0099983215332,57.540000915527344,9906900.0,55.77383041381836
2019-06-07,58.13999938964844,57.150001525878906,58.0,57.2400016784668,11656600.0,55.48303985595703
2019-06-10,57.369998931884766,55.95000076293945,57.369998931884766,56.150001525878906,14955400.0,54.42649459838867
2019-06-11,57.400001525878906,56.18000030517578,56.5,56.83000183105469,15378600.0,55.08562469482422
2019-06-12,57.56999969482422,57.0,57.0,57.36000061035156,11910000.0,55.59934997558594
2019-06-13,57.7400016784668,57.369998931884766,57.5,57.619998931884766,9218700.0,55.85137176513672
2019-06-14,58.560001373291016,57.52000045776367,57.68000030517578,58.279998779296875,11826600.0,56.491111755371094
2019-06-17,58.33000183105469,57.2400016784668,58.15999984741211,57.630001068115234,11027000.0,55.86106872558594
2019-06-18,58.0,57.15999984741211,57.81999969482422,57.33000183105469,12257500.0,55.57027816772461
2019-06-19,57.849998474121094,57.18000030517578,57.38999938964844,57.630001068115234,10516400.0,55.86106872558594
2019-06-20,57.95000076293945,56.93000030517578,57.900001525878906,57.34000015258789,15302800.0,55.5799674987793
2019-06-21,57.91999816894531,57.09000015258789,57.09000015258789,57.77000045776367,22474300.0,55.996768951416016
2019-06-24,58.66999816894531,57.93000030517578,57.97999954223633,58.27000045776367,9141800.0,56.48141860961914
2019-06-25,58.2599983215332,57.90999984741211,58.18000030517578,58.0,10571700.0,56.219703674316406
2019-06-26,58.220001220703125,56.91999816894531,58.16999816894531,56.9900016784668,15042100.0,55.2407112121582
2019-06-27,57.369998931884766,56.849998474121094,57.15999984741211,57.25,9123300.0,55.49272537231445
2019-06-28,57.43000030517578,56.83000183105469,57.220001220703125,57.130001068115234,14604000.0,55.37641525268555
2019-07-01,57.41999816894531,56.599998474121094,57.41999816894531,56.65999984741211,15830000.0,54.92083740234375
2019-07-02,58.150001525878906,56.810001373291016,56.880001068115234,58.130001068115234,14985700.0,56.34571838378906
2019-07-03,58.25,57.65999984741211,58.119998931884766,58.130001068115234,8437800.0,56.34571838378906
2019-07-05,58.5099983215332,57.77000045776367,58.08000183105469,58.310001373291016,6938500.0,56.52019500732422
2019-07-08,58.29999923706055,57.810001373291016,57.959999084472656,57.88999938964844,12048200.0,56.11308288574219
2019-07-09,56.9900016784668,56.2599983215332,56.95000076293945,56.40999984741211,16733700.0,55.25405502319336
2019-07-10,57.11000061035156,56.59000015258789,56.70000076293945,57.0,10901500.0,55.831966400146484
2019-07-11,57.38999938964844,56.63999938964844,57.220001220703125,56.91999816894531,10045700.0,55.753604888916016
2019-07-12,57.27000045776367,56.849998474121094,57.060001373291016,57.189998626708984,9669500.0,56.018070220947266
2019-07-15,57.79999923706055,57.189998626708984,57.290000915527344,57.58000183105469,11734300.0,56.400081634521484
2019-07-16,57.72999954223633,57.400001525878906,57.630001068115234,57.40999984741211,10556000.0,56.23356628417969
2019-07-17,57.70000076293945,57.09000015258789,57.560001373291016,57.220001220703125,7916700.0,56.04745864868164
2019-07-18,57.31999969482422,56.779998779296875,57.220001220703125,57.209999084472656,7551100.0,56.037662506103516
2019-07-19,57.459999084472656,56.56999969482422,57.380001068115234,56.59000015258789,12240300.0,55.43036651611328
2019-07-22,56.58000183105469,55.34000015258789,56.560001373291016,55.5,15255800.0,54.36270523071289
2019-07-23,55.63999938964844,54.560001373291016,55.45000076293945,55.47999954223633,14093500.0,54.34311294555664
2019-07-24,56.2400016784668,55.41999816894531,55.61000061035156,55.970001220703125,11173900.0,54.82307434082031
2019-07-25,56.61000061035156,55.939998626708984,56.16999816894531,56.36000061035156,11006100.0,55.205081939697266
2019-07-26,57.22999954223633,56.0,56.47999954223633,57.08000183105469,12333100.0,55.91032791137695
2019-07-29,57.439998626708984,56.83000183105469,57.09000015258789,57.369998931884766,10165700.0,56.19438171386719
2019-07-30,57.599998474121094,56.54999923706055,57.310001373291016,56.630001068115234,13329300.0,55.469547271728516
2019-07-31,56.720001220703125,54.91999816894531,56.54999923706055,55.27000045776367,24396200.0,54.13741683959961
2019-08-01,57.290000915527344,55.22999954223633,57.11000061035156,55.2599983215332,18677000.0,54.127620697021484
2019-08-02,56.29999923706055,54.77000045776367,55.11000061035156,55.59000015258789,17408800.0,54.45085906982422
2019-08-05,55.900001525878906,54.93000030517578,55.29999923706055,55.220001220703125,18941500.0,54.088443756103516
2019-08-06,55.54999923706055,54.470001220703125,55.220001220703125,55.04999923706055,18747900.0,53.92192459106445
2019-08-07,55.52000045776367,54.40999984741211,54.75,55.09000015258789,11865500.0,53.96110534667969
2019-08-08,55.83000183105469,54.9900016784668,55.36000061035156,55.81999969482422,11335900.0,54.6761474609375
2019-08-09,56.060001373291016,55.470001220703125,55.650001525878906,55.779998779296875,8948000.0,54.636966705322266
2019-08-12,55.88999938964844,55.06999969482422,55.849998474121094,55.689998626708984,10407800.0,54.54880905151367
2019-08-13,56.5,55.52000045776367,55.63999938964844,56.369998931884766,11016500.0,55.214874267578125
2019-08-14,56.52000045776367,55.4900016784668,56.040000915527344,55.720001220703125,15041200.0,54.57819747924805
2019-08-15,56.58000183105469,55.41999816894531,55.529998779296875,56.29999923706055,12124000.0,55.14630889892578
2019-08-16,56.689998626708984,56.06999969482422,56.470001220703125,56.650001525878906,11923500.0,55.489139556884766
2019-08-19,57.5,56.689998626708984,56.970001220703125,57.0,11011900.0,55.831966400146484
2019-08-20,57.0,56.2400016784668,56.900001525878906,56.27000045776367,9892600.0,55.11692428588867
2019-08-21,56.779998779296875,56.11000061035156,56.779998779296875,56.59000015258789,7637300.0,55.43036651611328
2019-08-22,56.959999084472656,56.33000183105469,56.650001525878906,56.779998779296875,9272200.0,55.61647415161133
2019-08-23,56.90999984741211,55.619998931884766,56.790000915527344,55.91999816894531,13203000.0,54.77409362792969
2019-08-26,56.72999954223633,55.81999969482422,56.0099983215332,56.709999084472656,9486900.0,55.547908782958984
2019-08-27,57.65999984741211,57.18000030517578,57.5,57.18000030517578,16953900.0,56.008277893066406
2019-08-28,58.119998931884766,57.11000061035156,57.20000076293945,57.95000076293945,15238900.0,56.76250076293945
2019-08-29,58.310001373291016,57.369998931884766,58.2400016784668,57.939998626708984,8538000.0,56.75270080566406
2019-08-30,58.40999984741211,57.900001525878906,57.9900016784668,58.15999984741211,9962200.0,56.968196868896484
2019-09-03,58.189998626708984,57.59000015258789,57.900001525878906,58.040000915527344,10470100.0,56.85065460205078
2019-09-04,58.54999923706055,57.959999084472656,58.2400016784668,58.18000030517578,9232200.0,56.98778533935547
2019-09-05,58.630001068115234,58.189998626708984,58.58000183105469,58.59000015258789,9232300.0,57.38938522338867
2019-09-06,59.099998474121094,58.470001220703125,58.689998626708984,59.060001373291016,8920200.0,57.849754333496094
2019-09-09,59.52000045776367,58.63999938964844,59.4900016784668,58.65999984741211,12848700.0,57.457950592041016
2019-09-10,59.79999923706055,58.790000915527344,59.25,59.709999084472656,13987000.0,58.48643112182617
2019-09-11,60.18000030517578,59.52000045776367,59.900001525878906,60.130001068115234,12241500.0,58.8978271484375
2019-09-12,60.54999923706055,59.97999954223633,60.099998474121094,60.43000030517578,9491400.0,59.191680908203125
2019-09-13,60.45000076293945,59.72999954223633,60.08000183105469,59.959999084472656,10719300.0,58.73130798339844
2019-09-16,59.9900016784668,59.189998626708984,59.93000030517578,59.5,10950500.0,58.280738830566406
2019-09-17,59.900001525878906,59.31999969482422,59.31999969482422,59.869998931884766,8801700.0,58.64315414428711
2019-09-18,59.97999954223633,59.380001068115234,59.61000061035156,59.93000030517578,8451900.0,58.701927185058594
2019-09-19,60.400001525878906,59.79999923706055,59.97999954223633,59.97999954223633,7651700.0,58.75090026855469
2019-09-20,60.380001068115234,59.970001220703125,60.27000045776367,60.290000915527344,21019900.0,59.05455017089844
2019-09-23,60.689998626708984,59.93000030517578,60.130001068115234,60.209999084472656,8437000.0,58.97618865966797
2019-09-24,61.0,60.40999984741211,60.54999923706055,60.5099983215332,12846300.0,59.27003860473633
2019-09-25,60.65999984741211,60.11000061035156,60.58000183105469,60.27000045776367,8088100.0,59.03495788574219
2019-09-26,60.66999816894531,60.06999969482422,60.13999938964844,60.439998626708984,7438800.0,59.201473236083984
2019-09-27,60.70000076293945,60.02000045776367,60.560001373291016,60.29999923706055,7799000.0,59.0643424987793
2019-09-30,60.900001525878906,60.33000183105469,60.4900016784668,60.36000061035156,9709400.0,59.12311553955078
2019-10-01,60.43000030517578,59.810001373291016,60.400001525878906,59.849998474121094,8381600.0,58.62356185913086
2019-10-02,59.720001220703125,58.720001220703125,59.70000076293945,58.90999984741211,12011700.0,57.70282745361328
2019-10-03,59.119998931884766,58.33000183105469,59.0,59.0099983215332,9769300.0,57.800777435302734
2019-10-04,59.97999954223633,58.959999084472656,58.970001220703125,59.900001525878906,9824900.0,58.672542572021484
2019-10-07,60.59000015258789,59.900001525878906,59.91999816894531,60.25,13744600.0,59.0153694152832
2019-10-08,60.189998626708984,59.290000915527344,60.119998931884766,59.720001220703125,13832800.0,58.49623107910156
2019-10-09,59.45000076293945,58.93000030517578,59.400001525878906,59.220001220703125,10609200.0,58.61004638671875
2019-10-10,60.02000045776367,59.20000076293945,59.2599983215332,59.83000183105469,11832100.0,59.21376419067383
2019-10-11,60.380001068115234,59.88999938964844,60.0,59.93000030517578,11349000.0,59.3127326965332
2019-10-14,59.97999954223633,59.560001373291016,59.93000030517578,59.599998474121094,6876100.0,58.98612976074219
2019-10-15,60.689998626708984,59.599998474121094,59.68000030517578,60.54999923706055,11679200.0,59.92634582519531
2019-10-16,60.40999984741211,59.95000076293945,60.13999938964844,60.290000915527344,9298100.0,59.66902542114258
2019-10-17,60.43000030517578,60.15999984741211,60.22999954223633,60.40999984741211,7323700.0,59.78778839111328
2019-10-18,61.29999923706055,60.310001373291016,60.349998474121094,61.04999923706055,12339700.0,60.42119598388672
2019-10-21,61.22999954223633,60.65999984741211,61.0099983215332,60.75,10882300.0,60.12428665161133
2019-10-22,61.22999954223633,60.5099983215332,61.22999954223633,60.77000045776367,9603600.0,60.144081115722656
2019-10-23,61.31999969482422,60.54999923706055,60.599998474121094,60.880001068115234,10375600.0,60.25294876098633
2019-10-24,61.02000045776367,60.40999984741211,60.880001068115234,60.58000183105469,11143800.0,59.95603942871094
2019-10-25,60.880001068115234,59.209999084472656,60.599998474121094,60.369998931884766,15036400.0,59.748199462890625
2019-10-28,60.65999984741211,60.040000915527344,60.45000076293945,60.18000030517578,14621000.0,59.560157775878906
2019-10-29,60.31999969482422,60.06999969482422,60.11000061035156,60.189998626708984,10619900.0,59.57005310058594
2019-10-30,61.06999969482422,60.40999984741211,60.459999084472656,60.81999969482422,12136100.0,60.193565368652344
2019-10-31,60.81999969482422,60.099998474121094,60.79999923706055,60.470001220703125,12226500.0,59.847171783447266
2019-11-01,61.34000015258789,60.15999984741211,61.290000915527344,60.369998931884766,9629100.0,59.748199462890625
2019-11-04,60.61000061035156,59.54999923706055,59.68000030517578,59.869998931884766,10133300.0,59.25334930419922
2019-11-05,59.869998931884766,59.349998474121094,59.70000076293945,59.5,10645400.0,58.88716125488281
2019-11-06,60.130001068115234,59.630001068115234,59.70000076293945,60.130001068115234,9287600.0,59.51067352294922
2019-11-07,60.58000183105469,59.959999084472656,60.2599983215332,60.529998779296875,14604400.0,59.906551361083984
2019-11-08,60.15999984741211,58.959999084472656,60.04999923706055,59.349998474121094,17644600.0,58.738704681396484
2019-11-11,59.689998626708984,59.209999084472656,59.29999923706055,59.61000061035156,7754000.0,58.996028900146484
2019-11-12,59.939998626708984,59.13999938964844,59.90999984741211,59.31999969482422,7709400.0,58.709014892578125
2019-11-13,59.52000045776367,58.79999923706055,59.150001525878906,59.40999984741211,10255600.0,58.79808807373047
2019-11-14,59.34000015258789,58.84000015258789,58.93000030517578,59.34000015258789,9530200.0,58.72880935668945
2019-11-15,59.529998779296875,59.060001373291016,59.47999954223633,59.5099983215332,11758800.0,58.897056579589844
2019-11-18,59.459999084472656,59.04999923706055,59.459999084472656,59.439998626708984,10165100.0,58.82777786254883
2019-11-19,59.75,59.279998779296875,59.43000030517578,59.5,10492700.0,58.88716125488281
2019-11-20,59.65999984741211,59.09000015258789,59.4900016784668,59.47999954223633,12362100.0,58.867366790771484
2019-11-21,59.689998626708984,59.27000045776367,59.61000061035156,59.61000061035156,8056000.0,58.996028900146484
2019-11-22,60.029998779296875,59.65999984741211,59.65999984741211,59.75,10741300.0,59.134586334228516
2019-11-25,59.849998474121094,59.220001220703125,59.83000183105469,59.380001068115234,10644500.0,58.76839828491211
2019-11-26,59.90999984741211,59.130001068115234,59.54999923706055,59.88999938964844,11936900.0,59.27314376831055
2019-11-27,60.27000045776367,59.9900016784668,60.0099983215332,60.099998474121094,8795300.0,59.480979919433594
2019-11-29,60.529998779296875,60.15999984741211,60.15999984741211,60.2400016784668,6791400.0,59.61954116821289
2019-12-02,60.22999954223633,59.630001068115234,60.20000076293945,59.959999084472656,9142000.0,59.34242248535156
2019-12-03,60.20000076293945,59.58000183105469,59.9900016784668,60.13999938964844,10289400.0,59.52056884765625
2019-12-04,60.630001068115234,59.849998474121094,60.02000045776367,60.529998779296875,8237500.0,59.906551361083984
2019-12-05,60.91999816894531,60.31999969482422,60.630001068115234,60.81999969482422,9812500.0,60.193565368652344
2019-12-06,61.279998779296875,60.90999984741211,61.0,61.189998626708984,9296900.0,60.55975341796875
2019-12-09,61.11000061035156,60.869998931884766,60.97999954223633,61.0099983215332,9370200.0,60.38160705566406
2019-12-10,61.22999954223633,60.790000915527344,61.150001525878906,61.22999954223633,8290900.0,60.599342346191406
2019-12-11,61.41999816894531,60.9900016784668,61.36000061035156,61.08000183105469,9657500.0,60.450889587402344
2019-12-12,61.630001068115234,61.099998474121094,61.099998474121094,61.16999816894531,8571600.0,60.53995895385742
2019-12-13,61.189998626708984,60.25,61.119998931884766,60.810001373291016,10585900.0,60.18367004394531
2019-12-16,61.27000045776367,60.709999084472656,60.72999954223633,61.22999954223633,11493000.0,60.599342346191406
2019-12-17,61.709999084472656,61.349998474121094,61.400001525878906,61.4900016784668,13648700.0,60.856666564941406
2019-12-18,61.70000076293945,60.81999969482422,61.5099983215332,60.86000061035156,17292600.0,60.233154296875
2019-12-19,61.130001068115234,60.689998626708984,60.900001525878906,60.79999923706055,11901600.0,60.173770904541016
2019-12-20,62.220001220703125,61.13999938964844,61.459999084472656,62.06999969482422,42977900.0,61.43069076538086
2019-12-23,62.150001525878906,61.31999969482422,62.0099983215332,61.400001525878906,9477500.0,60.76759338378906
2019-12-24,61.459999084472656,61.02000045776367,61.459999084472656,61.279998779296875,6640100.0,60.648826599121094
2019-12-26,61.369998931884766,61.11000061035156,61.279998779296875,61.290000915527344,8117800.0,60.65872573852539
2019-12-27,61.619998931884766,61.25,61.38999938964844,61.529998779296875,8166800.0,60.8962516784668
2019-12-30,61.689998626708984,61.09000015258789,61.650001525878906,61.209999084472656,6765400.0,60.57954788208008
2019-12-31,61.400001525878906,60.939998626708984,61.209999084472656,61.400001525878906,8466700.0,60.76759338378906
2020-01-02,61.45000076293945,60.810001373291016,61.380001068115234,61.04999923706055,11447900.0,60.42119598388672
2020-01-03,60.790000915527344,60.06999969482422,60.59000015258789,60.400001525878906,13263200.0,59.77789306640625
2020-01-06,60.59000015258789,60.08000183105469,60.11000061035156,60.27000045776367,15094500.0,59.64923095703125
2020-01-07,60.18000030517578,59.58000183105469,60.099998474121094,59.599998474121094,14293100.0,58.98612976074219
2020-01-08,60.099998474121094,59.630001068115234,59.66999816894531,59.709999084472656,15926500.0,59.09499740600586
2020-01-09,59.400001525878906,58.79999923706055,58.88999938964844,58.849998474121094,20134600.0,58.849998474121094
2020-01-10,59.29999923706055,58.84000015258789,59.02000045776367,58.9900016784668,11786700.0,58.9900016784668
2020-01-13,59.369998931884766,58.779998779296875,59.02000045776367,59.150001525878906,14158400.0,59.150001525878906
2020-01-14,59.130001068115234,58.7599983215332,59.0,59.040000915527344,12697100.0,59.040000915527344
2020-01-15,59.41999816894531,58.869998931884766,59.25,59.099998474121094,10291300.0,59.099998474121094
2020-01-16,59.849998474121094,59.220001220703125,59.380001068115234,59.66999816894531,10689600.0,59.66999816894531
2020-01-17,60.150001525878906,59.63999938964844,59.689998626708984,60.130001068115234,15615700.0,60.130001068115234
2020-01-21,60.470001220703125,60.099998474121094,60.20000076293945,60.31999969482422,12857600.0,60.31999969482422
2020-01-22,60.81999969482422,60.279998779296875,60.45000076293945,60.47999954223633,8847100.0,60.47999954223633
2020-01-23,60.529998779296875,60.0,60.380001068115234,60.5099983215332,11109000.0,60.5099983215332
2020-01-24,60.65999984741211,60.11000061035156,60.5,60.279998779296875,10182800.0,60.279998779296875
2020-01-27,60.36000061035156,59.619998931884766,59.84000015258789,59.90999984741211,11482300.0,59.90999984741211
2020-01-28,61.0,59.869998931884766,59.97999954223633,60.70000076293945,15367500.0,60.70000076293945
2020-01-29,60.91999816894531,59.439998626708984,60.849998474121094,59.529998779296875,13408900.0,59.529998779296875
2020-01-30,59.38999938964844,58.34000015258789,58.70000076293945,59.36000061035156,16719600.0,59.36000061035156
2020-01-31,60.04999923706055,59.11000061035156,59.34000015258789,59.439998626708984,14281700.0,59.439998626708984
