Date,High,Low,Open,Close,Volume,Adj Close
2017-01-30,82.2300033569336,81.04000091552734,82.0,81.4800033569336,5047100.0,75.63819885253906
2017-01-31,81.94000244140625,81.08999633789062,81.26000213623047,81.94000244140625,3424400.0,76.06522369384766
2017-02-01,81.69000244140625,80.16000366210938,81.19999694824219,81.04000091552734,5080000.0,75.22976684570312
2017-02-02,81.05000305175781,80.20999908447266,81.05000305175781,80.58999633789062,3667400.0,74.81201934814453
2017-02-03,81.23999786376953,80.4000015258789,81.12999725341797,80.47000122070312,3167700.0,74.70062255859375
2017-02-06,81.4000015258789,80.47000122070312,80.52999877929688,80.80000305175781,3418400.0,75.0069580078125
2017-02-07,81.55000305175781,80.37000274658203,80.91000366210938,81.43000030517578,4174800.0,75.59180450439453
2017-02-08,81.66000366210938,80.72000122070312,81.31999969482422,81.52999877929688,2515300.0,75.68462371826172
2017-02-09,82.55000305175781,81.4000015258789,81.7300033569336,82.37999725341797,2950000.0,76.47367095947266
2017-02-10,83.45999908447266,81.94999694824219,82.37999725341797,83.30999755859375,4401100.0,77.33700561523438
2017-02-13,83.62999725341797,82.66999816894531,83.4800033569336,83.43000030517578,3299800.0,77.798583984375
2017-02-14,83.87999725341797,83.05999755859375,83.33000183105469,83.79000091552734,5095900.0,78.1343002319336
2017-02-15,84.37999725341797,83.61000061035156,83.73999786376953,84.25,2736100.0,78.56326293945312
2017-02-16,86.12000274658203,84.0,84.19999694824219,85.6500015258789,6373700.0,79.86874389648438
2017-02-17,86.0999984741211,85.37000274658203,85.54000091552734,85.86000061035156,4106600.0,80.06459045410156
2017-02-21,88.0,85.88999938964844,88.0,86.41000366210938,3430700.0,80.57744598388672
2017-02-22,86.56999969482422,85.9000015258789,86.43000030517578,86.29000091552734,3047000.0,80.46556854248047
2017-02-23,87.81999969482422,86.30999755859375,86.47000122070312,86.98999786376953,3437200.0,81.11830139160156
2017-02-24,87.62999725341797,86.7300033569336,86.86000061035156,87.61000061035156,2890900.0,81.69644927978516
2017-02-27,87.58000183105469,87.05000305175781,87.47000122070312,87.22000122070312,2032100.0,81.33277893066406
2017-02-28,87.12999725341797,85.58999633789062,87.12999725341797,86.37999725341797,3879900.0,80.54946899414062
2017-03-01,87.2300033569336,86.4000015258789,86.81999969482422,86.7699966430664,3390500.0,80.91314697265625
2017-03-02,87.02999877929688,86.31999969482422,86.5,86.73999786376953,3096800.0,80.88516235351562
2017-03-03,86.91000366210938,85.23999786376953,86.66000366210938,85.88999938964844,3157600.0,80.09254455566406
2017-03-06,86.44000244140625,85.36000061035156,85.58000183105469,85.87999725341797,2437500.0,80.08322143554688
2017-03-07,86.31999969482422,85.36000061035156,85.45999908447266,85.98999786376953,2408000.0,80.185791015625
2017-03-08,85.98999786376953,85.12000274658203,85.98999786376953,85.16000366210938,2898400.0,79.41183471679688
2017-03-09,85.80999755859375,84.44999694824219,85.26000213623047,85.30999755859375,2521000.0,79.55169677734375
2017-03-10,86.05999755859375,85.33999633789062,85.93000030517578,85.62999725341797,2601000.0,79.85009765625
2017-03-13,85.76000213623047,85.06999969482422,85.41999816894531,85.61000061035156,2417500.0,79.83145141601562
2017-03-14,85.5,84.62999725341797,85.44999694824219,85.4000015258789,3257300.0,79.63562774658203
2017-03-15,85.94999694824219,84.70999908447266,85.52999877929688,85.80000305175781,3921000.0,80.00863647460938
2017-03-16,86.04000091552734,85.22000122070312,85.61000061035156,85.66999816894531,3356100.0,79.88739776611328
2017-03-17,86.25,85.04000091552734,86.25,85.91000366210938,7253900.0,80.1112060546875
2017-03-20,85.86000061035156,84.55000305175781,85.7699966430664,84.62999725341797,3579600.0,78.9176025390625
2017-03-21,84.91000366210938,82.7699966430664,84.76000213623047,83.20999908447266,5073000.0,77.59344482421875
2017-03-22,83.8499984741211,82.55000305175781,83.48999786376953,83.02999877929688,4488300.0,77.42559051513672
2017-03-23,83.47000122070312,82.58999633789062,82.88999938964844,82.9800033569336,2500400.0,77.37898254394531
2017-03-24,83.33999633789062,82.61000061035156,83.25,82.97000122070312,2110100.0,77.36964416503906
2017-03-27,83.62000274658203,82.55000305175781,82.70999908447266,83.55999755859375,2410000.0,77.91983795166016
2017-03-28,84.0199966430664,83.0999984741211,83.29000091552734,83.73999786376953,3053000.0,78.08767700195312
2017-03-29,83.87000274658203,83.30999755859375,83.5999984741211,83.7699966430664,2016600.0,78.11563873291016
2017-03-30,83.79000091552734,83.0999984741211,83.6500015258789,83.30999755859375,2437500.0,77.68669891357422
2017-03-31,83.69000244140625,83.02999877929688,83.11000061035156,83.05000305175781,3133200.0,77.44424438476562
2017-04-03,83.75,82.80000305175781,83.36000061035156,82.94999694824219,3283600.0,77.35099792480469
2017-04-04,83.61000061035156,82.38999938964844,82.83999633789062,82.5,3273400.0,76.93135833740234
2017-04-05,83.0999984741211,80.30000305175781,82.9800033569336,81.16999816894531,12117400.0,75.6911392211914
2017-04-06,81.91000366210938,80.91999816894531,81.19999694824219,81.66000366210938,4696700.0,76.1480712890625
2017-04-07,82.94000244140625,81.66000366210938,81.80000305175781,82.33000183105469,5576100.0,76.77285766601562
2017-04-10,82.80999755859375,82.12000274658203,82.27999877929688,82.51000213623047,4073400.0,76.9406967163086
2017-04-11,82.80999755859375,82.08000183105469,82.2699966430664,82.68000030517578,3464900.0,77.0992202758789
2017-04-12,82.83000183105469,82.30999755859375,82.44000244140625,82.56999969482422,2984300.0,76.99665832519531
2017-04-13,83.18000030517578,82.3499984741211,82.81999969482422,82.4800033569336,2780800.0,76.91273498535156
2017-04-17,83.16000366210938,82.5199966430664,82.62999725341797,83.12999725341797,1931600.0,77.51884460449219
2017-04-18,83.05000305175781,82.5199966430664,82.5999984741211,82.81999969482422,2894300.0,77.22976684570312
2017-04-19,84.0,82.95999908447266,83.20999908447266,83.51000213623047,5163500.0,77.87321472167969
2017-04-20,84.66000366210938,83.48999786376953,83.7300033569336,84.13999938964844,4219700.0,78.46068572998047
2017-04-21,84.62000274658203,83.91999816894531,84.20999908447266,84.02999877929688,3698800.0,78.35810089111328
2017-04-24,84.86000061035156,84.16000366210938,84.76000213623047,84.27999877929688,5037600.0,78.59122467041016
2017-04-25,86.12000274658203,84.36000061035156,84.44999694824219,85.91999816894531,7008700.0,80.12052154541016
2017-04-26,86.3499984741211,85.44999694824219,85.93000030517578,85.91999816894531,3477900.0,80.12052154541016
2017-04-27,86.25,85.62999725341797,85.87000274658203,85.88999938964844,2855800.0,80.09254455566406
2017-04-28,89.69000244140625,85.44999694824219,85.7699966430664,86.54000091552734,3615600.0,80.69867706298828
2017-05-01,86.87000274658203,86.30999755859375,86.36000061035156,86.45999908447266,3380000.0,80.62406921386719
2017-05-02,86.86000061035156,85.68000030517578,86.7300033569336,85.80999755859375,4013900.0,80.01795196533203
2017-05-03,86.0999984741211,85.5199966430664,85.88999938964844,85.79000091552734,3288400.0,79.99931335449219
2017-05-04,86.2699966430664,85.72000122070312,85.8499984741211,86.05000305175781,3561500.0,80.24175262451172
2017-05-05,86.29000091552734,85.2699966430664,86.18000030517578,85.88999938964844,4187100.0,80.09254455566406
2017-05-08,85.98999786376953,85.36000061035156,85.63999938964844,85.83999633789062,2945700.0,80.04591369628906
2017-05-09,86.41999816894531,85.55000305175781,85.55000305175781,85.9800033569336,2719600.0,80.17648315429688
2017-05-10,85.87999725341797,85.51000213623047,85.7699966430664,85.62000274658203,2580700.0,79.84078216552734
2017-05-11,85.77999877929688,85.08999633789062,85.29000091552734,85.5,4076100.0,79.7288818359375
2017-05-12,85.61000061035156,84.86000061035156,85.4800033569336,85.25,3302500.0,79.49575805664062
2017-05-15,85.5999984741211,84.5,85.16000366210938,84.95999908447266,4142000.0,79.22533416748047
2017-05-16,84.98999786376953,84.2699966430664,84.9800033569336,84.51000213623047,2572000.0,79.15508270263672
2017-05-17,83.43000030517578,81.11000061035156,83.13999938964844,81.7300033569336,7746400.0,76.55123138427734
2017-05-18,82.38999938964844,81.37999725341797,81.95999908447266,81.44999694824219,4378500.0,76.28897094726562
2017-05-19,81.68000030517578,80.56999969482422,81.45999908447266,80.61000061035156,5279600.0,75.502197265625
2017-05-22,81.44000244140625,80.20999908447266,80.58999633789062,81.33999633789062,5724300.0,76.18592834472656
2017-05-23,81.69000244140625,81.2300033569336,81.56999969482422,81.23999786376953,3050000.0,76.09226989746094
2017-05-24,81.41000366210938,80.30999755859375,81.4000015258789,80.58000183105469,3572700.0,75.4740982055664
2017-05-25,81.2699966430664,80.5,80.68000030517578,80.75,4154200.0,75.63333129882812
2017-05-26,81.25,80.63999938964844,81.0,81.25,2735100.0,76.10163879394531
2017-05-30,81.11000061035156,80.12999725341797,81.05000305175781,80.16000366210938,4078200.0,75.0807113647461
2017-05-31,81.02999877929688,80.30999755859375,80.37000274658203,81.0199966430664,4355600.0,75.8862075805664
2017-06-01,82.20999908447266,81.01000213623047,81.29000091552734,82.18000030517578,3692500.0,76.97270965576172
2017-06-02,83.12999725341797,82.2699966430664,82.30000305175781,83.0999984741211,3940900.0,77.83441925048828
2017-06-05,83.5,82.72000122070312,83.25,83.37999725341797,2824000.0,78.09667205810547
2017-06-06,83.3499984741211,81.08000183105469,82.75,81.44999694824219,6663800.0,76.28897094726562
2017-06-07,81.69000244140625,80.75,81.69000244140625,81.45999908447266,6175200.0,76.29834747314453
2017-06-08,82.04000091552734,81.37999725341797,81.51000213623047,81.47000122070312,3089000.0,76.3077163696289
2017-06-09,81.62000274658203,80.55999755859375,81.54000091552734,80.98999786376953,4140400.0,75.85812377929688
2017-06-12,82.58999633789062,81.02999877929688,81.04000091552734,81.80999755859375,4626000.0,76.62614440917969
2017-06-13,81.88999938964844,80.95999908447266,81.31999969482422,81.80000305175781,3029400.0,76.6167984008789
2017-06-14,83.05999755859375,81.69999694824219,82.0199966430664,82.87999725341797,4370000.0,77.62835693359375
2017-06-15,82.86000061035156,81.23999786376953,82.44999694824219,82.55999755859375,5411700.0,77.32862854003906
2017-06-16,81.47000122070312,77.3499984741211,81.19000244140625,78.44000244140625,14953900.0,73.4697036743164
2017-06-19,79.83000183105469,78.05999755859375,78.95999908447266,79.80999755859375,7935200.0,74.75289154052734
2017-06-20,79.83000183105469,78.12999725341797,79.80999755859375,78.30000305175781,4993700.0,73.33857727050781
2017-06-21,78.63999938964844,77.72000122070312,78.30000305175781,78.12000274658203,4831900.0,73.16998291015625
2017-06-22,78.11000061035156,76.31999969482422,78.11000061035156,76.37000274658203,8004200.0,71.53086853027344
2017-06-23,76.51000213623047,75.18000030517578,76.37000274658203,76.33999633789062,9741200.0,71.50276184082031
2017-06-26,77.91999816894531,76.38999938964844,76.48999786376953,77.52999877929688,6588700.0,72.61736297607422
2017-06-27,78.12999725341797,77.08999633789062,77.47000122070312,77.26000213623047,6581100.0,72.36446380615234
2017-06-28,78.23999786376953,76.83000183105469,77.48999786376953,77.08999633789062,6632000.0,72.20523834228516
2017-06-29,81.55000305175781,76.33999633789062,81.55000305175781,78.37000274658203,14921400.0,73.40414428710938
2017-06-30,79.58999633789062,77.13999938964844,79.5,78.30999755859375,7097300.0,73.34793090820312
2017-07-03,78.80000305175781,78.01000213623047,78.5199966430664,78.12999725341797,2419200.0,73.17933654785156
2017-07-05,78.95999908447266,78.12999725341797,78.12999725341797,78.63999938964844,6481000.0,73.65703582763672
2017-07-06,78.47000122070312,77.62999725341797,78.44999694824219,77.72000122070312,6011600.0,72.79531860351562
2017-07-07,78.13999938964844,76.91999816894531,77.7300033569336,77.47000122070312,6001900.0,72.56117248535156
2017-07-10,77.58999633789062,76.8499984741211,77.4800033569336,77.16000366210938,4756600.0,72.27080535888672
2017-07-11,77.5199966430664,76.79000091552734,76.97000122070312,77.29000091552734,4875100.0,72.39256286621094
2017-07-12,77.97000122070312,77.44999694824219,77.79000091552734,77.5199966430664,4266600.0,72.60799407958984
2017-07-13,78.4800033569336,77.5999984741211,77.66000366210938,78.01000213623047,5415700.0,73.06694793701172
2017-07-14,79.06999969482422,77.69999694824219,78.04000091552734,78.91000366210938,7932500.0,73.90991973876953
2017-07-17,79.25,78.6500015258789,79.13999938964844,79.18000030517578,4739400.0,74.16280364990234
2017-07-18,79.1500015258789,78.36000061035156,79.0199966430664,78.66999816894531,4367500.0,73.68511199951172
2017-07-19,79.7699966430664,78.72000122070312,78.76000213623047,79.55999755859375,4077400.0,74.51873016357422
2017-07-20,79.9800033569336,79.1500015258789,79.63999938964844,79.80000305175781,6628100.0,74.7435302734375
2017-07-21,80.05000305175781,78.8499984741211,79.37000274658203,78.9000015258789,4855300.0,73.90055084228516
2017-07-24,79.95999908447266,78.75,78.81999969482422,79.5999984741211,4428000.0,74.55619049072266
2017-07-25,80.48999786376953,79.58000183105469,79.79000091552734,80.05999755859375,5364900.0,74.9870376586914
2017-07-26,80.5,78.4800033569336,80.06999969482422,78.68000030517578,8336200.0,73.69449615478516
2017-07-27,78.9800033569336,78.12999725341797,78.38999938964844,78.77999877929688,6556400.0,73.78815460205078
2017-07-28,79.86000061035156,78.5999984741211,78.5999984741211,79.62000274658203,5250500.0,74.57493591308594
2017-07-31,80.95999908447266,79.80999755859375,79.91999816894531,80.66999816894531,4853500.0,75.55838775634766
2017-08-01,81.45999908447266,80.43000030517578,80.43000030517578,81.12999725341797,4892600.0,75.98925018310547
2017-08-02,81.36000061035156,80.58000183105469,80.9000015258789,81.02999877929688,4216400.0,75.89558410644531
2017-08-03,81.72000122070312,80.68000030517578,81.4000015258789,81.05000305175781,4666500.0,75.91432189941406
2017-08-04,81.44999694824219,80.93000030517578,81.37999725341797,81.05999755859375,3777300.0,75.92367553710938
2017-08-07,81.87000274658203,80.70999908447266,81.01000213623047,81.51000213623047,3263800.0,76.34518432617188
2017-08-08,81.93000030517578,81.0,81.08999633789062,81.08000183105469,4036300.0,75.94241333007812
2017-08-09,81.5,80.5,80.91000366210938,81.27999877929688,5261300.0,76.1297378540039
2017-08-10,80.93000030517578,79.6500015258789,80.7699966430664,79.75,4719800.0,74.69668579101562
2017-08-11,81.06999969482422,79.80999755859375,79.91999816894531,80.72000122070312,3991500.0,75.605224609375
2017-08-14,81.80999755859375,80.87000274658203,80.87999725341797,81.52999877929688,4080200.0,76.36389923095703
2017-08-15,81.86000061035156,81.0199966430664,81.58000183105469,81.12999725341797,4320600.0,75.98925018310547
2017-08-16,81.83999633789062,81.05000305175781,81.06999969482422,81.26000213623047,3528900.0,76.48812103271484
2017-08-17,81.86000061035156,80.41999816894531,80.55000305175781,80.88999938964844,3488400.0,76.13985443115234
2017-08-18,80.94999694824219,80.01000213623047,80.43000030517578,80.02999877929688,5238600.0,75.33036041259766
2017-08-21,80.93000030517578,80.08000183105469,80.26000213623047,80.5999984741211,5181000.0,75.86688232421875
2017-08-22,81.83999633789062,80.58999633789062,80.80000305175781,81.27999877929688,3206800.0,76.50695037841797
2017-08-23,81.51000213623047,80.80000305175781,80.93000030517578,81.36000061035156,3812300.0,76.58226013183594
2017-08-24,81.66999816894531,79.25,81.2699966430664,80.5,8015500.0,75.77275848388672
2017-08-25,81.80999755859375,80.61000061035156,80.80000305175781,81.12999725341797,5216800.0,76.36575317382812
2017-08-28,81.68000030517578,81.01000213623047,81.31999969482422,81.16000366210938,3859600.0,76.39400482177734
2017-08-29,81.76000213623047,80.80999755859375,80.9000015258789,81.41999816894531,3304000.0,76.63872528076172
2017-08-30,82.23999786376953,81.2699966430664,81.55999755859375,81.77999877929688,3509300.0,76.97757720947266
2017-08-31,82.22000122070312,81.38999938964844,81.94000244140625,81.5,5025000.0,76.71405029296875
2017-09-01,81.69000244140625,80.56999969482422,81.62999725341797,81.22000122070312,5335500.0,76.45047760009766
2017-09-05,82.26000213623047,81.01000213623047,81.08999633789062,81.45999908447266,5412200.0,76.6763916015625
2017-09-06,82.11000061035156,81.5,81.58000183105469,81.76000213623047,5428200.0,76.9587631225586
2017-09-07,82.19999694824219,81.44999694824219,81.9000015258789,81.55999755859375,5467400.0,76.7705078125
2017-09-08,81.94999694824219,81.05999755859375,81.69999694824219,81.38999938964844,4523200.0,76.6104965209961
2017-09-11,82.61000061035156,81.5199966430664,81.6500015258789,82.27999877929688,4419600.0,77.44822692871094
2017-09-12,83.88999938964844,81.97000122070312,82.23999786376953,82.73999786376953,7782100.0,77.8812026977539
2017-09-13,83.66000366210938,82.41000366210938,82.63999938964844,82.7300033569336,5776100.0,77.87181091308594
2017-09-14,82.56999969482422,81.36000061035156,81.66999816894531,82.01000213623047,4343800.0,77.19408416748047
2017-09-15,83.73999786376953,81.30000305175781,81.94000244140625,82.5,22167500.0,77.65531158447266
2017-09-18,83.62000274658203,82.5,82.51000213623047,82.5999984741211,6117200.0,77.74942779541016
2017-09-19,82.98999786376953,80.69999694824219,82.97000122070312,81.20999908447266,7442800.0,76.4410629272461
2017-09-20,81.2699966430664,78.44000244140625,80.75,78.83999633789062,9417200.0,74.21024322509766
2017-09-21,78.9800033569336,77.69999694824219,78.83999633789062,78.19999694824219,6390100.0,73.60781860351562
2017-09-22,78.5,77.62000274658203,78.0,78.41000366210938,5001300.0,73.80548858642578
2017-09-25,79.41999816894531,78.58000183105469,78.5999984741211,78.95999908447266,5709900.0,74.32318115234375
2017-09-26,79.62999725341797,78.8499984741211,79.4800033569336,79.08000183105469,4292400.0,74.43614959716797
2017-09-27,79.2699966430664,77.52999877929688,78.87000274658203,78.1500015258789,7021100.0,73.5607681274414
2017-09-28,78.0,77.12000274658203,77.70999908447266,77.5199966430664,6995300.0,72.9677505493164
2017-09-29,77.44999694824219,76.62000274658203,77.31999969482422,77.22000122070312,5323100.0,72.68537902832031
2017-10-02,77.5,76.5,77.31999969482422,76.5999984741211,5513900.0,72.10177612304688
2017-10-03,76.87000274658203,75.5199966430664,76.73999786376953,76.79000091552734,4934300.0,72.28063201904297
2017-10-04,76.94999694824219,75.68000030517578,76.61000061035156,75.83000183105469,4652600.0,71.37699127197266
2017-10-05,77.06999969482422,75.80000305175781,76.43000030517578,76.94999694824219,4622700.0,72.43122863769531
2017-10-06,76.23999786376953,72.7699966430664,75.94999694824219,73.19999694824219,11629900.0,68.90142822265625
2017-10-09,73.37000274658203,70.20999908447266,73.36000061035156,70.87000274658203,12528200.0,66.70828247070312
2017-10-10,70.98999786376953,69.27999877929688,70.80000305175781,69.8499984741211,12127700.0,65.74816131591797
2017-10-11,70.02999877929688,68.80000305175781,69.87000274658203,68.91999816894531,7579200.0,64.87277221679688
2017-10-12,69.61000061035156,68.55000305175781,68.80000305175781,69.0,6119300.0,64.94807434082031
2017-10-13,69.02999877929688,67.4000015258789,68.98999786376953,67.55999755859375,8761700.0,63.59264373779297
2017-10-16,68.16999816894531,67.20999908447266,67.63999938964844,67.30999755859375,6415700.0,63.35731506347656
2017-10-17,67.73999786376953,66.91999816894531,67.30999755859375,67.4000015258789,5926300.0,63.44203186035156
2017-10-18,68.16999816894531,67.41000366210938,67.45999908447266,67.73999786376953,5096700.0,63.76206970214844
2017-10-19,68.13999938964844,67.11000061035156,67.7699966430664,67.19999694824219,4979700.0,63.2537727355957
2017-10-20,68.30999755859375,67.05999755859375,67.20999908447266,68.05999755859375,8822100.0,64.06329345703125
2017-10-23,68.44999694824219,67.47000122070312,68.11000061035156,67.51000213623047,6707500.0,63.54558181762695
2017-10-24,68.08999633789062,67.2300033569336,67.68000030517578,67.29000091552734,8078100.0,63.3384895324707
2017-10-25,70.11000061035156,66.05000305175781,70.0,69.36000061035156,16803600.0,65.28694152832031
2017-10-26,70.26000213623047,66.37999725341797,69.63999938964844,67.11000061035156,19132200.0,63.169063568115234
2017-10-27,66.95999908447266,63.81999969482422,66.56999969482422,64.4800033569336,21902900.0,60.693511962890625
2017-10-30,66.4800033569336,64.25,64.44999694824219,66.26000213623047,12605500.0,62.368980407714844
2017-10-31,66.75,65.66999816894531,66.22000122070312,66.2699966430664,12224700.0,62.378387451171875
2017-11-01,67.80000305175781,65.16999816894531,65.33999633789062,67.01000213623047,9702600.0,63.0749397277832
2017-11-02,68.05000305175781,66.30000305175781,67.37000274658203,66.77999877929688,8042600.0,62.858436584472656
2017-11-03,67.54000091552734,66.51000213623047,66.8499984741211,66.87000274658203,14066400.0,62.94316482543945
2017-11-06,66.97000122070312,65.86000061035156,66.75,65.94000244140625,5949600.0,62.06777572631836
2017-11-07,68.45999908447266,65.75,65.76000213623047,67.91999816894531,9462000.0,63.93149948120117
2017-11-08,69.12999725341797,67.41000366210938,67.86000061035156,68.9000015258789,7808300.0,64.85395050048828
2017-11-09,69.93000030517578,68.36000061035156,68.91000366210938,69.54000091552734,7907900.0,65.45636749267578
2017-11-10,71.0999984741211,68.76000213623047,68.93000030517578,70.98999786376953,12381000.0,67.20780181884766
2017-11-13,73.83000183105469,69.2699966430664,70.70999908447266,70.37000274658203,12459100.0,66.62084197998047
2017-11-14,70.93000030517578,69.56999969482422,70.16000366210938,70.58999633789062,5269000.0,66.82910919189453
2017-11-15,70.87999725341797,69.91999816894531,70.61000061035156,70.19999694824219,4418300.0,66.45989227294922
2017-11-16,71.41000366210938,70.0199966430664,70.26000213623047,71.30000305175781,4195000.0,67.50128936767578
2017-11-17,71.9800033569336,71.0,71.44000244140625,71.25,6226200.0,67.45394134521484
2017-11-20,71.44999694824219,69.81999969482422,70.97000122070312,70.77999877929688,6843000.0,67.00898742675781
2017-11-21,71.26000213623047,70.38999938964844,70.66000366210938,71.16000366210938,8050800.0,67.36874389648438
2017-11-22,72.12000274658203,71.06999969482422,71.12999725341797,71.33000183105469,4391900.0,67.5296859741211
2017-11-24,71.41000366210938,70.22000122070312,71.01000213623047,70.27999877929688,1683000.0,66.53562927246094
2017-11-27,70.69999694824219,69.26000213623047,70.63999938964844,69.38999938964844,5340100.0,65.69305419921875
2017-11-28,72.47000122070312,69.0199966430664,69.43000030517578,72.23999786376953,7593100.0,68.39119720458984
2017-11-29,73.36000061035156,71.7699966430664,72.3499984741211,71.91999816894531,6239200.0,68.08824920654297
2017-11-30,72.91999816894531,70.7699966430664,71.93000030517578,72.76000213623047,11377100.0,68.88350677490234
2017-12-01,72.45999908447266,70.51000213623047,71.95999908447266,71.44999694824219,8730200.0,67.64329528808594
2017-12-04,71.70999908447266,70.41000366210938,71.33000183105469,71.56999969482422,10287200.0,67.75691223144531
2017-12-05,71.62000274658203,70.08999633789062,71.33000183105469,70.18000030517578,5892900.0,66.44095611572266
2017-12-06,71.29000091552734,69.83999633789062,70.44000244140625,71.05000305175781,5993500.0,67.26460266113281
2017-12-07,71.0,69.5,70.91000366210938,69.61000061035156,8181700.0,65.90132141113281
2017-12-08,71.61000061035156,69.51000213623047,70.08999633789062,71.55000305175781,6906600.0,67.73796844482422
2017-12-11,72.44000244140625,71.23999786376953,71.31999969482422,71.87999725341797,6421300.0,68.05038452148438
2017-12-12,72.1500015258789,70.93000030517578,71.80999755859375,72.01000213623047,4421500.0,68.1734619140625
2017-12-13,72.08999633789062,70.75,71.98999786376953,71.72000122070312,6178600.0,67.8989028930664
2017-12-14,71.58000183105469,70.0,71.47000122070312,70.36000061035156,7193900.0,66.61137390136719
2017-12-15,72.33999633789062,70.2300033569336,71.05000305175781,71.94000244140625,11777000.0,68.1072006225586
2017-12-18,73.27999877929688,72.27999877929688,72.5,72.55000305175781,6662900.0,68.68470001220703
2017-12-19,73.16999816894531,72.13999938964844,72.80000305175781,72.19000244140625,5021300.0,68.3438720703125
2017-12-20,72.97000122070312,71.9800033569336,72.52999877929688,72.72000122070312,6590200.0,68.84563446044922
2017-12-21,73.95999908447266,72.4800033569336,72.68000030517578,73.25,5815500.0,69.3473892211914
2017-12-22,73.44999694824219,72.66999816894531,73.11000061035156,72.70999908447266,3853300.0,68.8361587524414
2017-12-26,73.61000061035156,72.70999908447266,72.98999786376953,73.30000305175781,1978500.0,69.39472961425781
2017-12-27,73.48999786376953,72.51000213623047,73.33000183105469,72.86000061035156,3253200.0,68.97816467285156
2017-12-28,72.9800033569336,72.2300033569336,72.87999725341797,72.94000244140625,2129200.0,69.05390930175781
2017-12-29,73.04000091552734,72.37000274658203,72.62999725341797,72.62000274658203,3110800.0,68.7509536743164
2018-01-02,75.19000244140625,72.97000122070312,73.27999877929688,74.94999694824219,6605000.0,70.95682525634766
2018-01-03,75.80000305175781,74.30999755859375,75.08999633789062,75.51000213623047,7147300.0,71.48699951171875
2018-01-04,73.5,70.7300033569336,73.48999786376953,71.5999984741211,12456000.0,67.7853012084961
2018-01-05,73.25,71.81999969482422,71.9000015258789,72.91999816894531,9067200.0,69.03498077392578
2018-01-08,74.0,72.75,73.1500015258789,73.8499984741211,5312500.0,69.9154281616211
2018-01-09,74.19000244140625,73.19999694824219,74.08000183105469,73.41999816894531,4146700.0,69.50833892822266
2018-01-10,74.18000030517578,73.20999908447266,73.43000030517578,74.08000183105469,4562600.0,70.1331787109375
2018-01-11,75.44000244140625,73.9000015258789,73.94999694824219,75.37999725341797,6304500.0,71.36390686035156
2018-01-12,76.88999938964844,75.4800033569336,75.55000305175781,76.06999969482422,6457800.0,72.01715087890625
2018-01-16,76.62000274658203,75.91999816894531,76.44999694824219,76.02999877929688,4751300.0,71.9792709350586
2018-01-17,76.6500015258789,75.58999633789062,76.62999725341797,75.77999877929688,4587100.0,71.74259948730469
2018-01-18,76.3499984741211,75.52999877929688,75.58999633789062,76.0,5597600.0,71.95086669921875
2018-01-19,76.51000213623047,75.77999877929688,75.83000183105469,76.47000122070312,6849300.0,72.39583587646484
2018-01-22,77.44000244140625,76.41999816894531,76.63999938964844,77.4000015258789,3619600.0,73.27629089355469
2018-01-23,77.20999908447266,76.19999694824219,76.94000244140625,77.0199966430664,3754700.0,72.91653442382812
2018-01-24,77.83000183105469,77.0,77.30000305175781,77.33000183105469,4028300.0,73.21001434326172
2018-01-25,78.44000244140625,77.3499984741211,77.8499984741211,78.2699966430664,4118300.0,74.09993743896484
2018-01-26,79.19999694824219,78.02999877929688,78.5,79.1500015258789,3884600.0,74.93306732177734
2018-01-29,80.68000030517578,79.08999633789062,79.1500015258789,80.2699966430664,6249800.0,75.9933853149414
2018-01-30,79.20999908447266,75.43000030517578,77.95999908447266,76.12999725341797,11214300.0,72.0739517211914
2018-01-31,76.88999938964844,74.91000366210938,76.69999694824219,75.26000213623047,6742400.0,71.25030517578125
2018-02-01,76.3499984741211,73.66999816894531,74.52999877929688,76.05999755859375,5198400.0,72.00767517089844
2018-02-02,76.23999786376953,73.33999633789062,75.87999725341797,73.55999755859375,7024800.0,69.64087677001953
2018-02-05,74.22000122070312,70.31999969482422,73.54000091552734,70.43000030517578,7085900.0,66.6776351928711
2018-02-06,72.19000244140625,68.30000305175781,69.0999984741211,71.79000091552734,6809100.0,67.96517944335938
2018-02-07,73.19999694824219,71.16000366210938,71.33999633789062,71.52999877929688,4328800.0,67.71903991699219
2018-02-08,71.8499984741211,68.19999694824219,71.56999969482422,68.22000122070312,6975100.0,64.58538055419922
2018-02-09,69.30000305175781,66.33999633789062,68.87999725341797,68.45999908447266,7292500.0,64.81259155273438
2018-02-12,69.44000244140625,67.87000274658203,68.62000274658203,68.45999908447266,3998000.0,64.81259155273438
2018-02-13,70.5199966430664,67.4800033569336,67.87000274658203,68.29000091552734,6791600.0,64.65165710449219
2018-02-14,69.30000305175781,67.5999984741211,67.5999984741211,68.48999786376953,5556500.0,65.2230224609375
2018-02-15,69.77999877929688,68.30000305175781,68.98999786376953,69.77999877929688,4558900.0,66.45149230957031
2018-02-16,71.37000274658203,69.94000244140625,69.98999786376953,70.91999816894531,4623600.0,67.53712463378906
2018-02-20,71.72000122070312,70.19000244140625,70.81999969482422,70.91000366210938,5581100.0,67.52760314941406
2018-02-21,71.27999877929688,69.54000091552734,70.93000030517578,69.62999725341797,4658800.0,66.30865478515625
2018-02-22,70.16999816894531,69.30999755859375,69.72000122070312,69.66999816894531,4799000.0,66.34673309326172
2018-02-23,70.5,69.08999633789062,70.31999969482422,70.36000061035156,3116400.0,67.00383758544922
2018-02-26,70.69000244140625,69.5,70.44999694824219,70.5999984741211,3223400.0,67.23237609863281
2018-02-27,71.0,68.51000213623047,70.79000091552734,69.13999938964844,6302400.0,65.8420181274414
2018-02-28,70.01000213623047,68.68000030517578,69.38999938964844,68.88999938964844,8173100.0,65.60394287109375
2018-03-01,71.12000274658203,68.95999908447266,69.05999755859375,70.19999694824219,7299800.0,66.8514633178711
2018-03-02,70.75,69.43000030517578,69.55000305175781,70.58000183105469,4682100.0,67.21334075927734
2018-03-05,70.66999816894531,69.38999938964844,70.04000091552734,70.55000305175781,7464700.0,67.18477630615234
2018-03-06,70.55000305175781,68.81999969482422,70.55000305175781,69.79000091552734,4498300.0,66.46102142333984
2018-03-07,70.25,68.9800033569336,69.26000213623047,69.5,4161400.0,66.18486022949219
2018-03-08,70.16000366210938,68.5,69.80999755859375,68.97000122070312,4665000.0,65.68013000488281
2018-03-09,70.69000244140625,68.58000183105469,69.22000122070312,70.5999984741211,4003700.0,67.23237609863281
2018-03-12,71.18000030517578,69.94999694824219,70.6500015258789,70.1500015258789,4764500.0,66.80384826660156
2018-03-13,71.18000030517578,69.5,70.6500015258789,69.86000061035156,4515500.0,66.52767944335938
2018-03-14,70.5,68.0,70.01000213623047,68.55000305175781,5795700.0,65.28016662597656
2018-03-15,68.97000122070312,67.08000183105469,68.58000183105469,67.37999725341797,4764600.0,64.16596984863281
2018-03-16,68.11000061035156,67.18000030517578,67.69000244140625,67.56999969482422,10308200.0,64.346923828125
2018-03-19,67.69000244140625,66.22000122070312,67.47000122070312,66.62000274658203,4500500.0,63.44222640991211
2018-03-20,67.0,65.45999908447266,66.70999908447266,66.05000305175781,4230100.0,62.89942169189453
2018-03-21,67.13999938964844,65.68000030517578,65.95999908447266,66.2699966430664,4466900.0,63.10892105102539
2018-03-22,67.13999938964844,65.58000183105469,65.79000091552734,65.83000183105469,4570700.0,62.68991470336914
2018-03-23,66.75,65.36000061035156,66.05999755859375,65.43000030517578,6273500.0,62.308990478515625
2018-03-26,67.58999633789062,66.12000274658203,66.12999725341797,67.47000122070312,5367300.0,64.25167846679688
2018-03-27,67.97000122070312,65.68000030517578,67.83999633789062,65.95999908447266,7981000.0,62.81370544433594
2018-03-28,68.0,65.81999969482422,67.48999786376953,67.58999633789062,10125400.0,64.365966796875
2018-03-29,68.0,64.76000213623047,67.66999816894531,65.47000122070312,8242500.0,62.34709167480469
2018-04-02,65.44999694824219,62.47999954223633,65.0999984741211,63.099998474121094,7805300.0,60.09012985229492
2018-04-03,63.560001373291016,61.7400016784668,63.529998779296875,63.16999816894531,10657200.0,60.156795501708984
2018-04-04,66.01000213623047,62.599998474121094,62.599998474121094,65.51000213623047,8451500.0,62.38518142700195
2018-04-05,65.93000030517578,64.54000091552734,65.73999786376953,64.6500015258789,6018500.0,61.56619644165039
2018-04-06,64.79000091552734,63.189998626708984,64.36000061035156,63.470001220703125,5110900.0,60.442481994628906
2018-04-09,63.81999969482422,62.66999816894531,63.54999923706055,62.849998474121094,3984300.0,59.8520622253418
2018-04-10,63.9900016784668,62.689998626708984,63.47999954223633,63.7599983215332,4735700.0,60.718650817871094
2018-04-11,64.5,63.099998474121094,63.36000061035156,64.11000061035156,5842500.0,61.05195617675781
2018-04-12,64.62000274658203,63.619998931884766,64.27999877929688,64.04000091552734,4292800.0,60.98529052734375
2018-04-13,64.54000091552734,63.25,64.54000091552734,63.81999969482422,3390900.0,60.77579116821289
2018-04-16,68.1500015258789,63.91999816894531,64.19000244140625,66.22000122070312,9646000.0,63.06130599975586
2018-04-17,67.0,64.87999725341797,66.70999908447266,65.97000122070312,7946300.0,62.823238372802734
2018-04-18,66.79000091552734,66.0,66.0,66.26000213623047,3058200.0,63.09939956665039
2018-04-19,66.30000305175781,64.86000061035156,66.08999633789062,65.27999877929688,3205300.0,62.166141510009766
2018-04-20,65.27999877929688,63.7400016784668,64.87000274658203,63.91999816894531,5919500.0,60.87101745605469
2018-04-23,64.69999694824219,63.810001373291016,64.25,64.5999984741211,4430600.0,61.51858139038086
2018-04-24,65.6500015258789,64.4000015258789,65.08000183105469,65.0,4423600.0,61.89950180053711
2018-04-25,66.2300033569336,64.37999725341797,64.98999786376953,65.94999694824219,4315400.0,62.8041877746582
2018-04-26,67.1500015258789,65.83000183105469,66.08000183105469,66.73999786376953,4891200.0,63.55649948120117
2018-04-27,67.87999725341797,66.37000274658203,66.55999755859375,67.11000061035156,4572300.0,63.90885925292969
2018-04-30,67.75,66.22000122070312,67.52999877929688,66.44999694824219,4399100.0,63.28033447265625
2018-05-01,66.2300033569336,64.62999725341797,65.37000274658203,65.41999816894531,5056700.0,62.299476623535156
2018-05-02,65.5999984741211,63.16999816894531,65.55999755859375,63.650001525878906,5411300.0,60.613895416259766
2018-05-03,63.5,61.880001068115234,63.41999816894531,62.22999954223633,6938900.0,59.261634826660156
2018-05-04,64.1500015258789,61.7599983215332,62.18000030517578,63.810001373291016,5523700.0,60.766265869140625
2018-05-07,64.0,62.029998779296875,63.849998474121094,62.29999923706055,5334600.0,59.32829284667969
2018-05-08,62.599998474121094,61.560001373291016,62.29999923706055,62.36000061035156,5406900.0,59.38542938232422
2018-05-09,63.099998474121094,62.119998931884766,62.4900016784668,62.939998626708984,3739200.0,59.93776321411133
2018-05-10,64.26000213623047,63.20000076293945,63.27000045776367,63.810001373291016,4288300.0,60.766265869140625
2018-05-11,64.55999755859375,62.63999938964844,63.849998474121094,64.08999633789062,6189100.0,61.03290939331055
2018-05-14,65.22000122070312,64.12999725341797,64.26000213623047,65.0999984741211,4792000.0,61.994728088378906
2018-05-15,65.37999725341797,63.9900016784668,64.58000183105469,64.61000061035156,4984100.0,61.528106689453125
2018-05-16,66.0,64.61000061035156,64.70999908447266,65.73999786376953,4159500.0,62.60419464111328
2018-05-17,66.04000091552734,65.0199966430664,65.2300033569336,65.98999786376953,3983000.0,63.226985931396484
2018-05-18,65.93000030517578,64.0999984741211,65.93000030517578,64.33999633789062,3388200.0,61.64607620239258
2018-05-21,65.0999984741211,64.26000213623047,64.48999786376953,64.5,3168100.0,61.799373626708984
2018-05-22,65.81999969482422,64.13999938964844,64.83000183105469,64.2300033569336,4307500.0,61.54068374633789
2018-05-23,64.0,62.689998626708984,63.779998779296875,63.90999984741211,4964600.0,61.23408126831055
2018-05-24,64.0,62.70000076293945,63.790000915527344,63.40999984741211,3573000.0,60.7550163269043
2018-05-25,64.1500015258789,63.189998626708984,63.5,63.529998779296875,3412100.0,60.869991302490234
2018-05-29,63.66999816894531,62.5099983215332,63.29999923706055,62.70000076293945,4749800.0,60.074745178222656
2018-05-30,63.86000061035156,62.689998626708984,63.0,63.540000915527344,3272100.0,60.87957763671875
2018-05-31,63.58000183105469,62.119998931884766,63.58000183105469,62.38999938964844,6508700.0,59.77771759033203
2018-06-01,63.310001373291016,62.150001525878906,62.560001373291016,62.86000061035156,3225500.0,60.22804641723633
2018-06-04,63.41999816894531,62.70000076293945,63.09000015258789,63.29999923706055,3564200.0,60.649620056152344
2018-06-05,63.2400016784668,62.439998626708984,63.18000030517578,62.88999938964844,6999100.0,60.25678634643555
2018-06-06,63.31999969482422,62.72999954223633,63.099998474121094,63.150001525878906,5455600.0,60.505897521972656
2018-06-07,64.01000213623047,63.0,63.150001525878906,63.599998474121094,5614600.0,60.93706130981445
2018-06-08,64.05999755859375,62.970001220703125,63.66999816894531,63.400001525878906,3857600.0,60.74543380737305
2018-06-11,64.38999938964844,63.06999969482422,63.380001068115234,64.05999755859375,3394700.0,61.3777961730957
2018-06-12,64.19000244140625,63.16999816894531,64.16000366210938,63.70000076293945,5173300.0,61.032875061035156
2018-06-13,64.43000030517578,63.310001373291016,63.310001373291016,63.90999984741211,5571800.0,61.23408126831055
2018-06-14,65.0,63.900001525878906,64.11000061035156,64.87000274658203,5645600.0,62.15388488769531
2018-06-15,65.81999969482422,64.56999969482422,65.0,65.80000305175781,10733600.0,63.04494094848633
2018-06-18,65.55000305175781,63.880001068115234,65.44999694824219,64.1500015258789,4928800.0,61.46403121948242
2018-06-19,64.76000213623047,63.66999816894531,63.689998626708984,64.61000061035156,5534300.0,61.90476989746094
2018-06-20,68.26000213623047,65.62999725341797,66.72000122070312,68.0,13923900.0,65.15282440185547
2018-06-21,68.87000274658203,66.91999816894531,68.5,67.79000091552734,8303600.0,64.95162200927734
2018-06-22,68.2699966430664,67.47000122070312,67.83999633789062,67.61000061035156,10441300.0,64.77915954589844
2018-06-25,68.04000091552734,66.3499984741211,67.3499984741211,67.23999786376953,17147800.0,64.42465209960938
2018-06-26,67.44000244140625,65.41999816894531,67.19000244140625,66.56999969482422,8472900.0,63.78269958496094
2018-06-27,67.44000244140625,65.87000274658203,66.44000244140625,66.26000213623047,6327500.0,63.48568344116211
2018-06-28,61.0,59.06999969482422,60.38999938964844,59.70000076293945,40465700.0,57.200355529785156
2018-06-29,60.279998779296875,59.11000061035156,59.810001373291016,60.02000045776367,15725400.0,57.506954193115234
2018-07-02,61.27000045776367,59.5,59.68000030517578,61.130001068115234,11309700.0,58.57047653198242
2018-07-03,61.77000045776367,60.709999084472656,61.45000076293945,60.7599983215332,5602300.0,58.21596908569336
2018-07-05,62.54999923706055,60.81999969482422,61.150001525878906,62.380001068115234,12473000.0,59.76813888549805
2018-07-06,64.0999984741211,62.29999923706055,62.36000061035156,63.29999923706055,9741000.0,60.649620056152344
2018-07-09,64.30000305175781,63.099998474121094,63.119998931884766,63.72999954223633,7513000.0,61.061614990234375
2018-07-10,63.70000076293945,62.70000076293945,63.25,63.20000076293945,9250500.0,60.553810119628906
2018-07-11,63.869998931884766,62.18000030517578,63.060001373291016,63.65999984741211,9978800.0,60.994544982910156
2018-07-12,65.43000030517578,63.61000061035156,64.13999938964844,63.880001068115234,11650200.0,61.20534133911133
2018-07-13,65.5199966430664,63.95000076293945,63.959999084472656,65.16999816894531,7759800.0,62.441314697265625
2018-07-16,65.44000244140625,64.6500015258789,65.13999938964844,65.16000366210938,8619200.0,62.431739807128906
2018-07-17,65.66999816894531,64.80000305175781,64.80000305175781,65.62999725341797,8412700.0,62.882057189941406
2018-07-18,66.72000122070312,65.66000366210938,65.72000122070312,66.16000366210938,9201100.0,63.38987731933594
2018-07-19,66.19999694824219,64.77999877929688,65.93000030517578,64.93000030517578,9823400.0,62.21137619018555
2018-07-20,65.2300033569336,64.30999755859375,64.63999938964844,64.9800033569336,7553700.0,62.259281158447266
2018-07-23,65.5199966430664,64.2699966430664,64.3499984741211,65.33999633789062,6965900.0,62.60420608520508
2018-07-24,66.1500015258789,65.16000366210938,65.6500015258789,65.51000213623047,7542600.0,62.76708984375
2018-07-25,66.7699966430664,65.45999908447266,65.5199966430664,66.69999694824219,7861900.0,63.90726852416992
2018-07-26,67.98999786376953,66.83999633789062,67.37000274658203,67.54000091552734,7506300.0,64.71209716796875
2018-07-27,68.94000244140625,67.51000213623047,67.7300033569336,68.63999938964844,6871900.0,65.76603698730469
2018-07-30,69.52999877929688,68.31999969482422,68.38999938964844,69.16000366210938,7866400.0,66.26426696777344
2018-07-31,69.4000015258789,67.56999969482422,69.30999755859375,67.62000274658203,7261900.0,64.78874969482422
2018-08-01,67.6500015258789,66.29000091552734,67.61000061035156,66.44000244140625,6514800.0,63.65814971923828
2018-08-02,67.18000030517578,65.77999877929688,65.98999786376953,66.9800033569336,5815900.0,64.17554473876953
2018-08-03,67.69999694824219,66.95999908447266,67.19000244140625,67.22000122070312,4307300.0,64.40548706054688
2018-08-06,67.5,66.43000030517578,66.4800033569336,67.41999816894531,5108900.0,64.59712219238281
2018-08-07,67.9800033569336,66.9000015258789,67.55000305175781,67.05000305175781,7143700.0,64.24261474609375
2018-08-08,67.55999755859375,65.80000305175781,67.44000244140625,66.48999786376953,7267900.0,63.706050872802734
2018-08-09,66.87999725341797,66.0199966430664,66.44999694824219,66.16999816894531,5795000.0,63.39945602416992
2018-08-10,66.51000213623047,65.54000091552734,65.77999877929688,66.48999786376953,4991200.0,63.706050872802734
2018-08-13,66.95999908447266,66.20999908447266,66.4800033569336,66.4800033569336,5171400.0,63.69647979736328
2018-08-14,68.86000061035156,66.51000213623047,66.62000274658203,68.66000366210938,6390800.0,65.78520202636719
2018-08-15,68.9800033569336,67.91999816894531,67.94999694824219,68.7300033569336,5944300.0,65.8522720336914
2018-08-16,69.93000030517578,68.9800033569336,69.13999938964844,69.62000274658203,9325700.0,66.70500183105469
2018-08-17,70.19000244140625,68.5999984741211,68.76000213623047,69.98999786376953,5884400.0,67.48601531982422
2018-08-20,70.7300033569336,69.91000366210938,70.2300033569336,69.98999786376953,4620200.0,67.48601531982422
2018-08-21,70.94999694824219,69.94000244140625,70.36000061035156,70.25,3683400.0,67.73673248291016
2018-08-22,70.47000122070312,69.62000274658203,70.25,69.63999938964844,3746600.0,67.1485366821289
2018-08-23,69.91000366210938,69.0199966430664,69.55000305175781,69.27999877929688,4548900.0,66.8014144897461
2018-08-24,69.75,69.05999755859375,69.5,69.20999908447266,5435000.0,66.73392486572266
2018-08-27,69.66999816894531,69.18000030517578,69.66999816894531,69.44000244140625,5326400.0,66.95570373535156
2018-08-28,69.87000274658203,69.02999877929688,69.58000183105469,69.27999877929688,4241200.0,66.8014144897461
2018-08-29,69.20999908447266,68.41000366210938,69.19999694824219,68.66000366210938,4407700.0,66.20361328125
2018-08-30,68.9800033569336,67.66999816894531,68.52999877929688,67.80000305175781,4903200.0,65.3743667602539
2018-08-31,68.62000274658203,67.54000091552734,67.54000091552734,68.55999755859375,4421500.0,66.10717010498047
2018-09-04,68.58999633789062,67.41999816894531,68.52999877929688,67.62000274658203,5006800.0,65.20081329345703
2018-09-05,68.4000015258789,67.45999908447266,67.45999908447266,68.23999786376953,6131100.0,65.79862976074219
2018-09-06,68.5199966430664,67.77999877929688,68.08999633789062,68.02999877929688,5027400.0,65.59613800048828
2018-09-07,68.29000091552734,67.58000183105469,67.9000015258789,68.19000244140625,4350400.0,65.75042724609375
2018-09-10,69.16000366210938,68.51000213623047,68.55000305175781,68.80000305175781,3738000.0,66.3386001586914
2018-09-11,69.2300033569336,68.44000244140625,68.58999633789062,68.73999786376953,4087700.0,66.28074645996094
2018-09-12,70.5,68.66000366210938,68.70999908447266,70.37999725341797,6242400.0,67.86206817626953
2018-09-13,70.97000122070312,70.13999938964844,70.45999908447266,70.4800033569336,4375200.0,67.95849609375
2018-09-14,70.69999694824219,69.9800033569336,70.69000244140625,70.27999877929688,3069700.0,67.76564025878906
2018-09-17,70.63999938964844,70.06999969482422,70.36000061035156,70.44999694824219,3891300.0,67.92955780029297
2018-09-18,71.44000244140625,70.31999969482422,70.51000213623047,70.87999725341797,4670800.0,68.34418487548828
2018-09-19,72.04000091552734,70.88999938964844,71.01000213623047,71.27999877929688,4552400.0,68.72986602783203
2018-09-20,72.9800033569336,71.5199966430664,71.5199966430664,72.88999938964844,5279600.0,70.28226470947266
2018-09-21,73.19999694824219,71.94000244140625,73.19999694824219,73.0,8826500.0,70.3883285522461
2018-09-24,72.66999816894531,71.76000213623047,72.55999755859375,72.19999694824219,3556700.0,69.61695098876953
2018-09-25,72.94999694824219,71.83000183105469,72.7699966430664,72.20999908447266,3111200.0,69.62660217285156
2018-09-26,73.69999694824219,72.2699966430664,72.41999816894531,72.95999908447266,5742900.0,70.34976196289062
2018-09-27,74.56999969482422,72.51000213623047,72.95999908447266,73.80999755859375,4111400.0,71.16935729980469
2018-09-28,74.0,72.75,73.81999969482422,72.9000015258789,4871200.0,70.29191589355469
2018-10-01,73.5999984741211,72.37000274658203,72.87999725341797,72.45999908447266,5408600.0,69.8676528930664
2018-10-02,73.7699966430664,72.01000213623047,72.30000305175781,73.48999786376953,3842900.0,70.86080169677734
2018-10-03,74.2699966430664,73.48999786376953,73.69999694824219,73.80000305175781,6075400.0,71.15971374511719
2018-10-04,74.12999725341797,72.91000366210938,73.69000244140625,73.33999633789062,3832800.0,70.7161636352539
2018-10-05,73.47000122070312,72.13999938964844,73.08999633789062,72.51000213623047,5663500.0,69.9158706665039
2018-10-08,74.55000305175781,72.48999786376953,72.5,74.1500015258789,6482000.0,71.49720001220703
2018-10-09,73.81999969482422,72.91000366210938,73.55999755859375,73.55999755859375,5194800.0,70.92829895019531
2018-10-10,74.22000122070312,72.30999755859375,73.55999755859375,72.30999755859375,8011200.0,69.72300720214844
2018-10-11,74.37999725341797,69.69000244140625,69.75,70.9000015258789,15407000.0,68.36346435546875
2018-10-12,73.76000213623047,70.43000030517578,71.44999694824219,73.5,9722500.0,70.87044525146484
2018-10-15,75.3499984741211,73.0,73.08999633789062,74.72000122070312,8308500.0,72.04680633544922
2018-10-16,76.44999694824219,74.37000274658203,75.18000030517578,76.27999877929688,7738900.0,73.55098724365234
2018-10-17,77.48999786376953,75.7300033569336,76.0999984741211,76.9800033569336,6256600.0,74.2259521484375
2018-10-18,77.63999938964844,76.29000091552734,77.05000305175781,76.58000183105469,5879800.0,73.84025573730469
2018-10-19,78.0,76.66999816894531,77.01000213623047,77.3499984741211,5934900.0,74.58269500732422
2018-10-22,78.0999984741211,77.08000183105469,77.55999755859375,77.6500015258789,5715500.0,74.8719711303711
2018-10-23,77.80000305175781,76.4000015258789,77.2699966430664,77.26000213623047,5094100.0,74.49593353271484
2018-10-24,77.80999755859375,74.06999969482422,77.30999755859375,74.19999694824219,9171400.0,71.54540252685547
2018-10-25,75.8499984741211,74.0999984741211,74.86000061035156,75.73999786376953,6434400.0,73.0302963256836
2018-10-26,76.75,73.5,73.5199966430664,76.2300033569336,12078400.0,73.50277709960938
2018-10-29,77.68000030517578,75.5,76.7699966430664,76.81999969482422,6398200.0,74.07167053222656
2018-10-30,78.94000244140625,76.5999984741211,77.12000274658203,78.80000305175781,6944100.0,75.9808349609375
2018-10-31,80.25,77.6500015258789,78.80000305175781,79.7699966430664,12973900.0,76.91613006591797
2018-11-01,80.2699966430664,79.19999694824219,79.4800033569336,79.9000015258789,6368700.0,77.04147338867188
2018-11-02,80.41999816894531,78.51000213623047,80.2699966430664,79.30000305175781,7197900.0,76.46294403076172
2018-11-05,80.19999694824219,79.02999877929688,79.5999984741211,79.97000122070312,6061200.0,77.10897064208984
2018-11-06,80.6500015258789,79.58000183105469,80.08000183105469,80.5999984741211,6265500.0,77.7164306640625
2018-11-07,81.95999908447266,80.55999755859375,80.75,81.91000366210938,6142200.0,78.97957611083984
2018-11-08,83.0,81.30999755859375,81.5,82.44000244140625,5344700.0,79.91991424560547
2018-11-09,82.9800033569336,81.7300033569336,82.51000213623047,82.38999938964844,3601900.0,79.87144470214844
2018-11-12,82.58999633789062,81.58000183105469,82.38999938964844,81.80999755859375,3544900.0,79.30917358398438
2018-11-13,82.68000030517578,81.43000030517578,82.2699966430664,81.91999816894531,4375300.0,79.41580963134766
2018-11-14,83.18000030517578,80.93000030517578,82.37999725341797,81.5199966430664,5366100.0,79.02803802490234
2018-11-15,82.41999816894531,80.83000183105469,81.54000091552734,82.29000091552734,4336100.0,79.77450561523438
2018-11-16,83.06999969482422,81.55999755859375,82.47000122070312,82.5199966430664,3603800.0,79.9974594116211
2018-11-19,82.98999786376953,81.72000122070312,82.33999633789062,81.91999816894531,6064500.0,79.41580963134766
2018-11-20,81.7300033569336,78.27999877929688,81.08000183105469,79.79000091552734,8267100.0,77.35092163085938
2018-11-21,81.47000122070312,79.68000030517578,80.4000015258789,79.76000213623047,6396900.0,77.32184600830078
2018-11-23,81.5,79.01000213623047,79.11000061035156,80.80999755859375,2716300.0,78.3397445678711
2018-11-26,82.18000030517578,80.9800033569336,81.44000244140625,81.69999694824219,5565200.0,79.20252990722656
2018-11-27,83.52999877929688,81.4000015258789,81.75,83.5199966430664,6047400.0,80.96690368652344
2018-11-28,84.66000366210938,82.80000305175781,83.81999969482422,84.63999938964844,6784200.0,82.05265808105469
2018-11-29,85.12999725341797,83.83999633789062,83.83999633789062,84.8499984741211,6090300.0,82.2562484741211
2018-11-30,85.30999755859375,83.80000305175781,84.8499984741211,84.66999816894531,8323400.0,82.08174896240234
2018-12-03,85.83000183105469,84.68000030517578,85.02999877929688,85.69000244140625,6223900.0,83.07056427001953
2018-12-04,86.30999755859375,82.4000015258789,85.93000030517578,82.81999969482422,8359400.0,80.28829956054688
2018-12-06,83.56999969482422,80.7699966430664,82.4000015258789,82.94000244140625,8093400.0,80.40463256835938
2018-12-07,83.20999908447266,80.91999816894531,82.41999816894531,81.19000244140625,6153000.0,78.7081298828125
2018-12-10,81.91999816894531,79.69000244140625,81.5999984741211,81.16000366210938,5626000.0,78.67904663085938
2018-12-11,82.3499984741211,80.75,81.93000030517578,81.80999755859375,5467500.0,79.30917358398438
2018-12-12,83.33000183105469,82.11000061035156,82.44999694824219,82.44000244140625,4844700.0,79.91991424560547
2018-12-13,83.13999938964844,81.68000030517578,82.70999908447266,82.31999969482422,4771100.0,79.8035888671875
2018-12-14,80.0999984741211,78.44000244140625,79.2699966430664,78.73999786376953,9282500.0,76.33301544189453
2018-12-17,78.37000274658203,75.80000305175781,77.91999816894531,76.22000122070312,12321500.0,73.89006042480469
2018-12-18,77.69000244140625,75.37000274658203,76.95999908447266,75.4800033569336,9124400.0,73.17268371582031
2018-12-19,75.94000244140625,72.58999633789062,75.8499984741211,73.29000091552734,11063800.0,71.04962158203125
2018-12-20,72.31999969482422,68.45999908447266,71.87999725341797,69.61000061035156,12686500.0,67.48210906982422
2018-12-21,71.30000305175781,66.79000091552734,69.63999938964844,67.26000213623047,22563900.0,65.2039566040039
2018-12-24,67.19999694824219,65.12000274658203,66.97000122070312,65.26000213623047,5608200.0,63.26508712768555
2018-12-26,67.79000091552734,64.51000213623047,65.4000015258789,67.72000122070312,6584700.0,65.64988708496094
2018-12-27,68.38999938964844,65.73999786376953,67.16000366210938,68.36000061035156,6873300.0,66.27031707763672
2018-12-28,69.08000183105469,67.58999633789062,68.55999755859375,68.05000305175781,5181800.0,65.96980285644531
2018-12-31,68.72000122070312,67.73999786376953,68.54000091552734,68.33000183105469,4870900.0,66.24124908447266
2019-01-02,68.45999908447266,66.69000244140625,67.19999694824219,68.04000091552734,5528100.0,65.96011352539062
2019-01-03,68.08999633789062,66.72000122070312,67.80000305175781,67.33000183105469,5853200.0,65.27180480957031
2019-01-04,70.13999938964844,68.0,68.43000030517578,69.56999969482422,6868600.0,67.44334411621094
2019-01-07,70.54000091552734,68.81999969482422,69.1500015258789,69.97000122070312,6192500.0,67.83110809326172
2019-01-08,71.66999816894531,70.13999938964844,70.5199966430664,71.37000274658203,6548100.0,69.18831634521484
2019-01-09,72.6500015258789,71.52999877929688,71.81999969482422,72.2300033569336,6318000.0,70.02203369140625
2019-01-10,72.75,71.25,72.02999877929688,72.4800033569336,5130500.0,70.26438903808594
2019-01-11,72.62000274658203,71.12999725341797,72.5999984741211,71.70999908447266,5684700.0,69.5179214477539
2019-01-14,71.5,70.3499984741211,71.4000015258789,70.6500015258789,5997700.0,68.49031829833984
2019-01-15,71.9800033569336,70.80000305175781,70.97000122070312,71.79000091552734,4260000.0,69.59547424316406
2019-01-16,72.58999633789062,71.83999633789062,72.01000213623047,72.0,3785200.0,69.7990493774414
2019-01-17,72.2699966430664,71.29000091552734,71.33999633789062,71.98999786376953,3625500.0,69.78935241699219
2019-01-18,72.87999725341797,71.95999908447266,72.41999816894531,72.43000030517578,5539900.0,70.21590423583984
2019-01-22,72.31999969482422,71.0999984741211,72.12000274658203,71.58999633789062,5578200.0,69.40158081054688
2019-01-23,72.4000015258789,71.01000213623047,72.0999984741211,71.70999908447266,4187700.0,69.5179214477539
2019-01-24,71.80000305175781,70.86000061035156,71.7300033569336,71.31999969482422,4153200.0,69.13983154296875
2019-01-25,72.41999816894531,71.58000183105469,71.91000366210938,71.88999938964844,5221800.0,69.69241333007812
2019-01-28,71.66999816894531,70.47000122070312,71.37000274658203,71.58000183105469,4088300.0,69.39189910888672
2019-01-29,71.80000305175781,70.87999725341797,71.55000305175781,71.5,3367100.0,69.31434631347656
2019-01-30,72.02999877929688,71.18000030517578,71.41000366210938,71.61000061035156,4122100.0,69.42097473144531
2019-01-31,72.58999633789062,71.5,71.5,72.26000213623047,8390800.0,70.05110168457031
2019-02-01,72.55000305175781,71.52999877929688,72.37999725341797,71.87999725341797,4642500.0,69.6827163696289
2019-02-04,71.87999725341797,70.9000015258789,71.83000183105469,71.45999908447266,5444300.0,69.27556610107422
2019-02-05,71.7300033569336,70.83000183105469,71.37999725341797,71.30999755859375,7128600.0,69.13014221191406
2019-02-06,71.70999908447266,70.87999725341797,71.0,71.47000122070312,4336400.0,69.2852554321289
2019-02-07,71.37000274658203,70.37999725341797,71.1500015258789,71.19999694824219,4631200.0,69.02350616455078
2019-02-08,70.9000015258789,69.52999877929688,70.80000305175781,70.12000274658203,4139400.0,67.97652435302734
2019-02-11,70.54000091552734,70.02999877929688,70.25,70.47000122070312,3482300.0,68.31582641601562
2019-02-12,71.9800033569336,70.69999694824219,71.16000366210938,71.55999755859375,3980000.0,69.37250518798828
2019-02-13,72.70999908447266,71.75,71.8499984741211,72.43000030517578,3856900.0,70.21590423583984
2019-02-14,72.44999694824219,71.29000091552734,71.68000030517578,72.11000061035156,3855100.0,70.33295440673828
2019-02-15,73.83000183105469,72.66000366210938,72.91000366210938,73.43000030517578,4670400.0,71.62042999267578
2019-02-19,74.94000244140625,73.4000015258789,73.48999786376953,74.43000030517578,6374600.0,72.59577941894531
2019-02-20,73.26000213623047,71.54000091552734,72.9800033569336,71.80000305175781,7882400.0,70.03059387207031
2019-02-21,71.69999694824219,70.26000213623047,71.62000274658203,70.47000122070312,4482200.0,68.73336791992188
2019-02-22,70.5999984741211,69.81999969482422,70.43000030517578,70.43000030517578,4928700.0,68.69435119628906
2019-02-25,71.66000366210938,70.73999786376953,70.93000030517578,71.30999755859375,4308200.0,69.55266571044922
2019-02-26,71.72000122070312,70.87999725341797,71.51000213623047,71.4800033569336,3498700.0,69.7184829711914
2019-02-27,71.58999633789062,70.88999938964844,71.08999633789062,71.37000274658203,3959900.0,69.61119079589844
2019-02-28,71.87999725341797,70.97000122070312,71.41000366210938,71.19000244140625,7775000.0,69.43562316894531
2019-03-01,71.18000030517578,66.08000183105469,70.8499984741211,66.61000061035156,10298900.0,64.96849060058594
2019-03-04,67.0,64.29000091552734,66.95999908447266,64.73999786376953,10870500.0,63.14457321166992
2019-03-05,65.05000305175781,62.970001220703125,64.86000061035156,63.400001525878906,11956100.0,61.83760070800781
2019-03-06,63.75,60.88999938964844,63.52000045776367,61.099998474121094,15392500.0,59.59427261352539
2019-03-07,61.15999984741211,59.56999969482422,60.970001220703125,59.790000915527344,9695800.0,58.316558837890625
2019-03-08,60.81999969482422,59.33000183105469,59.869998931884766,59.900001525878906,9909500.0,58.423851013183594
2019-03-11,61.09000015258789,59.84000015258789,60.189998626708984,60.68000030517578,5638000.0,59.184627532958984
2019-03-12,61.22999954223633,60.68000030517578,60.970001220703125,61.0,5638400.0,59.496742248535156
2019-03-13,61.970001220703125,61.02000045776367,61.400001525878906,61.900001525878906,5720000.0,60.374568939208984
2019-03-14,62.369998931884766,61.470001220703125,62.029998779296875,61.81999969482422,5792300.0,60.296531677246094
2019-03-15,62.689998626708984,61.709999084472656,61.959999084472656,62.630001068115234,9773500.0,61.08657455444336
2019-03-18,63.09000015258789,62.310001373291016,62.709999084472656,63.08000183105469,5296800.0,61.52548599243164
2019-03-19,64.18000030517578,63.290000915527344,63.45000076293945,63.77000045776367,5880900.0,62.19847869873047
2019-03-20,63.790000915527344,62.52000045776367,63.630001068115234,62.790000915527344,5171700.0,61.24262619018555
2019-03-21,63.810001373291016,62.439998626708984,62.70000076293945,63.599998474121094,3795200.0,62.03266906738281
2019-03-22,63.939998626708984,62.38999938964844,63.630001068115234,62.40999984741211,4855400.0,60.87199401855469
2019-03-25,62.400001525878906,61.349998474121094,62.33000183105469,61.689998626708984,4567200.0,60.16973876953125
2019-03-26,62.77000045776367,61.619998931884766,61.86000061035156,61.91999816894531,5582400.0,60.39406967163086
2019-03-27,62.310001373291016,61.13999938964844,61.70000076293945,62.22999954223633,5180900.0,60.69643020629883
2019-03-28,63.45000076293945,62.290000915527344,62.34000015258789,62.5099983215332,5768300.0,60.96953201293945
2019-03-29,63.7599983215332,62.63999938964844,62.75,63.27000045776367,4993100.0,61.71080017089844
2019-04-01,64.11000061035156,63.13999938964844,63.54999923706055,63.4900016784668,6328600.0,61.92538070678711
2019-04-02,56.439998626708984,55.0,55.84000015258789,55.36000061035156,36877800.0,53.995731353759766
2019-04-03,55.70000076293945,54.47999954223633,55.540000915527344,54.84000015258789,17901900.0,53.488548278808594
2019-04-04,55.0,53.849998474121094,54.810001373291016,54.150001525878906,14150500.0,52.815555572509766
2019-04-05,55.220001220703125,54.29999923706055,54.36000061035156,54.689998626708984,10509500.0,53.34223937988281
2019-04-08,55.400001525878906,54.5,54.720001220703125,55.060001373291016,7121000.0,53.703125
2019-04-09,55.029998779296875,54.36000061035156,54.779998779296875,54.5,8987700.0,53.156925201416016
2019-04-10,54.72999954223633,54.36000061035156,54.5099983215332,54.5099983215332,5483200.0,53.16667938232422
2019-04-11,54.79999923706055,53.31999969482422,54.59000015258789,53.439998626708984,8194100.0,52.123043060302734
2019-04-12,54.0,53.400001525878906,53.779998779296875,53.45000076293945,7298800.0,52.13280487060547
2019-04-15,54.459999084472656,53.56999969482422,53.56999969482422,54.2400016784668,5963500.0,52.9033317565918
2019-04-16,54.959999084472656,53.970001220703125,54.56999969482422,54.84000015258789,7912100.0,53.488548278808594
2019-04-17,55.25,54.08000183105469,55.0,55.13999938964844,10103100.0,53.78115463256836
2019-04-18,55.380001068115234,54.58000183105469,55.220001220703125,54.630001068115234,7991300.0,53.28372573852539
2019-04-22,54.91999816894531,54.08000183105469,54.59000015258789,54.099998474121094,5445800.0,52.766780853271484
2019-04-23,54.349998474121094,53.16999816894531,54.310001373291016,53.220001220703125,8327000.0,51.908470153808594
2019-04-24,53.9900016784668,53.189998626708984,53.189998626708984,53.470001220703125,5997200.0,52.15230941772461
2019-04-25,53.41999816894531,52.63999938964844,53.34000015258789,52.68000030517578,6641200.0,51.381778717041016
2019-04-26,52.959999084472656,52.25,52.720001220703125,52.849998474121094,7253700.0,51.54758834838867
2019-04-29,53.709999084472656,52.779998779296875,52.91999816894531,53.560001373291016,5095200.0,52.24009323120117
2019-04-30,53.869998931884766,53.040000915527344,53.66999816894531,53.56999969482422,8175400.0,52.249847412109375
2019-05-01,54.099998474121094,53.5,53.56999969482422,53.68000030517578,5954200.0,52.35713195800781
2019-05-02,53.900001525878906,52.97999954223633,53.810001373291016,53.790000915527344,5301800.0,52.46442794799805
2019-05-03,54.33000183105469,53.84000015258789,54.18000030517578,54.08000183105469,5517000.0,52.747276306152344
2019-05-06,54.099998474121094,53.13999938964844,53.720001220703125,53.91999816894531,5520900.0,52.591217041015625
2019-05-07,53.869998931884766,52.66999816894531,53.5,52.939998626708984,6446200.0,51.63536834716797
2019-05-08,53.849998474121094,52.38999938964844,52.95000076293945,53.5,5347400.0,52.18157196044922
2019-05-09,53.810001373291016,52.66999816894531,53.2400016784668,53.560001373291016,4661200.0,52.24009323120117
2019-05-10,53.599998474121094,52.52000045776367,53.47999954223633,53.41999816894531,5039100.0,52.10353469848633
2019-05-13,53.09000015258789,51.959999084472656,52.939998626708984,52.119998931884766,5670200.0,50.835575103759766
2019-05-14,53.09000015258789,52.04999923706055,52.22999954223633,52.58000183105469,5458500.0,51.28424072265625
2019-05-15,52.959999084472656,51.790000915527344,52.22999954223633,52.7400016784668,4570200.0,51.4402961730957
2019-05-16,53.439998626708984,52.310001373291016,53.0,52.5,4722300.0,51.206214904785156
2019-05-17,52.84000015258789,51.93000030517578,52.22999954223633,52.27000045776367,4812300.0,51.41276931762695
2019-05-20,52.720001220703125,51.869998931884766,52.029998779296875,52.2599983215332,4641700.0,51.40292739868164
2019-05-21,52.849998474121094,52.16999816894531,52.400001525878906,52.7599983215332,4267700.0,51.89472961425781
2019-05-22,53.0099983215332,52.38999938964844,52.77000045776367,52.939998626708984,3372200.0,52.07177734375
2019-05-23,52.5,51.36000061035156,52.4900016784668,51.61000061035156,5041400.0,50.76359176635742
2019-05-24,51.84000015258789,51.15999984741211,51.779998779296875,51.77000045776367,4296000.0,50.92097091674805
2019-05-28,52.279998779296875,51.630001068115234,51.84000015258789,51.720001220703125,6457800.0,50.87179183959961
2019-05-29,51.599998474121094,50.790000915527344,51.56999969482422,51.130001068115234,4208800.0,50.291465759277344
2019-05-30,51.290000915527344,50.20000076293945,51.22999954223633,50.54999923706055,3844400.0,49.720977783203125
2019-05-31,50.310001373291016,49.310001373291016,50.290000915527344,49.34000015258789,6568200.0,48.530818939208984
2019-06-03,50.650001525878906,49.52000045776367,49.52000045776367,49.90999984741211,6024200.0,49.09147262573242
2019-06-04,51.630001068115234,50.349998474121094,50.5,51.5,5978000.0,50.6553955078125
2019-06-05,51.869998931884766,50.5,51.83000183105469,50.79999923706055,4507500.0,49.96687698364258
2019-06-06,51.15999984741211,50.380001068115234,50.91999816894531,50.97999954223633,3418200.0,50.143924713134766
2019-06-07,52.099998474121094,50.79999923706055,51.2400016784668,51.970001220703125,4217700.0,51.1176872253418
2019-06-10,52.689998626708984,51.869998931884766,52.099998474121094,52.290000915527344,3673800.0,51.43244171142578
2019-06-11,53.2599983215332,52.560001373291016,52.61000061035156,52.880001068115234,4503900.0,52.01276779174805
2019-06-12,52.95000076293945,51.650001525878906,52.95000076293945,52.119998931884766,4212100.0,51.26522445678711
2019-06-13,53.02000045776367,52.29999923706055,52.400001525878906,52.88999938964844,3329000.0,52.02259826660156
2019-06-14,53.04999923706055,52.130001068115234,52.869998931884766,52.56999969482422,3246300.0,51.707847595214844
2019-06-17,53.15999984741211,52.130001068115234,52.56999969482422,52.810001373291016,4108700.0,51.943912506103516
2019-06-18,53.93000030517578,52.66999816894531,53.279998779296875,52.79999923706055,5977900.0,51.93407440185547
2019-06-19,53.2599983215332,52.5099983215332,52.9900016784668,52.900001525878906,4959100.0,52.03243637084961
2019-06-20,53.5099983215332,52.5099983215332,52.93000030517578,52.880001068115234,6157600.0,52.01276779174805
2019-06-21,53.349998474121094,52.43000030517578,52.77000045776367,52.45000076293945,13972800.0,51.58981704711914
2019-06-24,52.59000015258789,51.779998779296875,52.349998474121094,51.95000076293945,6725500.0,51.098018646240234
2019-06-25,53.47999954223633,51.459999084472656,51.849998474121094,52.95000076293945,8535100.0,52.08161544799805
2019-06-26,53.119998931884766,52.290000915527344,53.060001373291016,52.380001068115234,5951100.0,51.520965576171875
2019-06-27,55.189998626708984,53.5,53.70000076293945,54.52000045776367,12144500.0,53.6258659362793
2019-06-28,54.790000915527344,53.849998474121094,54.470001220703125,54.66999816894531,10395400.0,53.773406982421875
2019-07-01,55.68000030517578,54.31999969482422,55.36000061035156,54.650001525878906,5721500.0,53.75373840332031
2019-07-02,55.150001525878906,54.189998626708984,54.70000076293945,54.959999084472656,5108100.0,54.058650970458984
2019-07-03,55.5,54.849998474121094,55.06999969482422,55.189998626708984,3990500.0,54.284881591796875
2019-07-05,55.56999969482422,54.75,55.11000061035156,55.189998626708984,4120600.0,54.284881591796875
2019-07-08,55.52000045776367,54.88999938964844,55.16999816894531,55.43000030517578,3819600.0,54.52094650268555
2019-07-09,55.779998779296875,55.130001068115234,55.349998474121094,55.5,3517000.0,54.58979415893555
2019-07-10,56.150001525878906,55.400001525878906,55.779998779296875,55.56999969482422,5217900.0,54.65864944458008
2019-07-11,56.95000076293945,55.290000915527344,56.560001373291016,55.619998931884766,7161300.0,54.707828521728516
2019-07-12,56.2599983215332,55.560001373291016,56.25,55.7400016784668,3826100.0,54.825862884521484
2019-07-15,56.15999984741211,55.7400016784668,55.959999084472656,55.88999938964844,3581100.0,54.9734001159668
2019-07-16,56.150001525878906,55.689998626708984,56.08000183105469,55.810001373291016,3661100.0,54.89471435546875
2019-07-17,55.79999923706055,54.2599983215332,55.689998626708984,54.52000045776367,5185600.0,53.6258659362793
2019-07-18,54.959999084472656,53.81999969482422,54.29999923706055,54.81999969482422,4249200.0,53.92094802856445
2019-07-19,55.11000061035156,54.369998931884766,54.86000061035156,54.439998626708984,3639600.0,53.54718017578125
2019-07-22,54.65999984741211,53.65999984741211,54.65999984741211,53.939998626708984,3944900.0,53.055381774902344
2019-07-23,54.880001068115234,53.7400016784668,54.13999938964844,54.650001525878906,4583100.0,53.75373840332031
2019-07-24,55.209999084472656,54.2599983215332,54.63999938964844,55.20000076293945,4000500.0,54.294715881347656
2019-07-25,55.25,54.5,55.20000076293945,54.7599983215332,3071700.0,53.8619270324707
2019-07-26,55.13999938964844,54.58000183105469,54.86000061035156,55.04999923706055,3009300.0,54.14717483520508
2019-07-29,55.540000915527344,54.970001220703125,55.09000015258789,55.119998931884766,2793100.0,54.216026306152344
2019-07-30,55.650001525878906,54.61000061035156,54.9900016784668,55.400001525878906,2765900.0,54.49143600463867
2019-07-31,55.45000076293945,53.790000915527344,55.279998779296875,54.4900016784668,6642200.0,53.59636306762695
2019-08-01,55.77000045776367,53.900001525878906,54.599998474121094,54.06999969482422,5920900.0,53.183250427246094
2019-08-02,54.349998474121094,53.06999969482422,54.189998626708984,53.68000030517578,4524000.0,52.799644470214844
2019-08-05,53.59000015258789,51.65999984741211,53.470001220703125,51.869998931884766,6751700.0,51.01932907104492
2019-08-06,52.25,50.790000915527344,52.0,51.45000076293945,6742300.0,50.60621643066406
2019-08-07,52.61000061035156,50.09000015258789,51.040000915527344,52.47999954223633,6258400.0,51.61932373046875
2019-08-08,53.029998779296875,52.349998474121094,52.65999984741211,53.02000045776367,3400300.0,52.15047073364258
2019-08-09,53.04999923706055,52.33000183105469,52.81999969482422,52.790000915527344,2915900.0,51.92424011230469
2019-08-12,52.88999938964844,51.68000030517578,52.779998779296875,52.0,3729300.0,51.14719772338867
2019-08-13,53.900001525878906,51.5099983215332,51.939998626708984,53.06999969482422,5257300.0,52.199649810791016
2019-08-14,52.439998626708984,50.36000061035156,52.439998626708984,50.40999984741211,6193600.0,49.583274841308594
2019-08-15,50.810001373291016,49.119998931884766,50.79999923706055,49.290000915527344,6285300.0,48.48163986206055
2019-08-16,50.7400016784668,49.5,49.630001068115234,50.47999954223633,4333800.0,49.652122497558594
2019-08-19,51.439998626708984,50.61000061035156,50.630001068115234,51.15999984741211,5127600.0,50.78171157836914
2019-08-20,51.529998779296875,50.630001068115234,51.209999084472656,50.66999816894531,3312000.0,50.29533004760742
2019-08-21,51.66999816894531,50.779998779296875,51.040000915527344,50.900001525878906,2962100.0,50.52363586425781
2019-08-22,51.400001525878906,50.66999816894531,51.150001525878906,50.95000076293945,3772700.0,50.573265075683594
2019-08-23,51.02000045776367,49.13999938964844,50.540000915527344,49.31999969482422,5945400.0,48.95531463623047
2019-08-26,50.130001068115234,49.560001373291016,49.97999954223633,50.040000915527344,3645400.0,49.66999053955078
2019-08-27,50.52000045776367,49.349998474121094,50.439998626708984,49.45000076293945,5049500.0,49.084354400634766
2019-08-28,49.9900016784668,49.029998779296875,49.2599983215332,49.95000076293945,2610200.0,49.580657958984375
2019-08-29,50.81999969482422,50.220001220703125,50.34000015258789,50.400001525878906,3271100.0,50.0273323059082
2019-08-30,51.189998626708984,50.45000076293945,50.68000030517578,51.189998626708984,5194900.0,50.811485290527344
2019-09-03,51.31999969482422,50.040000915527344,51.25,50.43000030517578,3975100.0,50.05710983276367
2019-09-04,51.619998931884766,50.72999954223633,50.72999954223633,51.43000030517578,4680000.0,51.049713134765625
2019-09-05,52.77000045776367,51.79999923706055,51.79999923706055,52.33000183105469,3807100.0,51.94306182861328
2019-09-06,52.79999923706055,52.150001525878906,52.66999816894531,52.560001373291016,2565600.0,52.17136001586914
2019-09-09,55.70000076293945,52.650001525878906,52.650001525878906,55.59000015258789,9416400.0,55.178955078125
2019-09-10,57.0,55.459999084472656,55.56999969482422,56.880001068115234,6930900.0,56.459415435791016
2019-09-11,58.099998474121094,56.83000183105469,57.34000015258789,58.060001373291016,6992300.0,57.63069152832031
2019-09-12,58.0,55.2599983215332,58.0,55.560001373291016,6771700.0,55.14917755126953
2019-09-13,56.439998626708984,55.29999923706055,55.95000076293945,55.9900016784668,3872200.0,55.57599639892578
2019-09-16,55.70000076293945,55.060001373291016,55.349998474121094,55.34000015258789,3660800.0,54.93080139160156
2019-09-17,55.34000015258789,54.220001220703125,55.34000015258789,54.84000015258789,4841900.0,54.43449783325195
2019-09-18,54.72999954223633,53.91999816894531,54.63999938964844,54.40999984741211,3903800.0,54.0076789855957
2019-09-19,55.040000915527344,54.439998626708984,54.63999938964844,54.56999969482422,4365100.0,54.16649627685547
2019-09-20,55.939998626708984,54.2599983215332,54.38999938964844,55.0,10823700.0,54.59331512451172
2019-09-23,55.09000015258789,53.779998779296875,54.939998626708984,54.31999969482422,3778300.0,53.91834259033203
2019-09-24,54.7599983215332,53.22999954223633,54.66999816894531,53.630001068115234,5408600.0,53.23344802856445
2019-09-25,54.560001373291016,53.31999969482422,53.689998626708984,54.36000061035156,3385400.0,53.95804977416992
2019-09-26,54.81999969482422,53.560001373291016,54.70000076293945,54.08000183105469,3836300.0,53.68012237548828
2019-09-27,54.959999084472656,53.720001220703125,54.2400016784668,54.40999984741211,3403100.0,54.0076789855957
2019-09-30,55.5099983215332,54.54999923706055,54.61000061035156,55.310001373291016,3218300.0,54.901023864746094
2019-10-01,55.869998931884766,54.279998779296875,55.2599983215332,54.70000076293945,4824700.0,54.295536041259766
2019-10-02,54.619998931884766,52.72999954223633,54.529998779296875,52.83000183105469,5016000.0,52.439361572265625
2019-10-03,53.04999923706055,51.56999969482422,52.83000183105469,52.599998474121094,3625100.0,52.2110595703125
2019-10-04,53.060001373291016,52.060001373291016,52.7400016784668,52.970001220703125,3895400.0,52.57832717895508
2019-10-07,53.119998931884766,52.56999969482422,52.83000183105469,52.7599983215332,4427000.0,52.369876861572266
2019-10-08,52.75,51.86000061035156,52.349998474121094,52.09000015258789,4129700.0,51.704833984375
2019-10-09,52.72999954223633,52.029998779296875,52.61000061035156,52.08000183105469,4737200.0,51.694908142089844
2019-10-10,53.27000045776367,52.2400016784668,52.2400016784668,52.93000030517578,3334200.0,52.53862380981445
2019-10-11,54.599998474121094,53.45000076293945,53.45000076293945,53.9900016784668,4803400.0,53.59078598022461
2019-10-14,53.959999084472656,53.16999816894531,53.7400016784668,53.66999816894531,2495600.0,53.27314758300781
2019-10-15,54.849998474121094,53.72999954223633,53.7599983215332,54.52000045776367,3390100.0,54.11686706542969
2019-10-16,55.20000076293945,54.2599983215332,54.47999954223633,54.65999984741211,2975000.0,54.255828857421875
2019-10-17,56.099998474121094,54.779998779296875,54.97999954223633,55.939998626708984,4815200.0,55.526363372802734
2019-10-18,56.16999816894531,55.27000045776367,56.02000045776367,55.29999923706055,4682400.0,54.89109802246094
2019-10-21,55.5,54.279998779296875,55.150001525878906,54.59000015258789,5180800.0,54.18634796142578
2019-10-22,55.5099983215332,54.52000045776367,54.880001068115234,55.31999969482422,3747900.0,54.91094970703125
2019-10-23,54.689998626708984,53.54999923706055,53.86000061035156,54.560001373291016,4589600.0,54.15657043457031
2019-10-24,55.2599983215332,53.83000183105469,54.59000015258789,54.45000076293945,3522400.0,54.04738235473633
2019-10-25,55.56999969482422,54.02000045776367,54.20000076293945,55.41999816894531,4806500.0,55.01020812988281
2019-10-28,56.45000076293945,54.93000030517578,56.040000915527344,55.79999923706055,8066800.0,55.38740158081055
2019-10-29,56.810001373291016,54.84000015258789,55.54999923706055,56.27000045776367,5968900.0,55.85392761230469
2019-10-30,56.58000183105469,55.209999084472656,56.150001525878906,55.86000061035156,3684400.0,55.446956634521484
2019-10-31,55.880001068115234,54.0,55.880001068115234,54.779998779296875,6969900.0,54.374942779541016
2019-11-01,57.709999084472656,55.0099983215332,55.08000183105469,57.380001068115234,8239000.0,56.955718994140625
2019-11-04,60.0,57.880001068115234,57.900001525878906,59.650001525878906,10758500.0,59.20893478393555
2019-11-05,64.5,59.119998931884766,59.9900016784668,61.209999084472656,28677900.0,60.75739669799805
2019-11-06,61.70000076293945,58.540000915527344,61.689998626708984,59.4900016784668,13655100.0,59.05011749267578
2019-11-07,60.79999923706055,58.560001373291016,59.81999969482422,58.66999816894531,9861700.0,58.236175537109375
2019-11-08,59.47999954223633,58.08000183105469,58.72999954223633,59.2400016784668,5450100.0,58.80196762084961
2019-11-11,63.2400016784668,61.209999084472656,62.63999938964844,62.25,24417800.0,61.78970718383789
2019-11-12,62.849998474121094,61.5099983215332,62.29999923706055,62.720001220703125,6901800.0,62.25623321533203
2019-11-13,62.81999969482422,61.779998779296875,62.630001068115234,62.25,4917100.0,61.78970718383789
2019-11-14,62.65999984741211,61.619998931884766,62.29999923706055,61.939998626708984,4184100.0,61.481998443603516
2019-11-15,62.880001068115234,61.810001373291016,61.880001068115234,62.13999938964844,5317400.0,62.13999938964844
2019-11-18,62.380001068115234,61.709999084472656,62.06999969482422,61.939998626708984,4575400.0,61.939998626708984
2019-11-19,62.15999984741211,61.099998474121094,62.15999984741211,61.45000076293945,4199200.0,61.45000076293945
2019-11-20,61.529998779296875,60.68000030517578,61.209999084472656,61.34000015258789,5933300.0,61.34000015258789
2019-11-21,61.40999984741211,60.459999084472656,61.36000061035156,60.619998931884766,3963200.0,60.619998931884766
2019-11-22,61.27000045776367,60.40999984741211,60.939998626708984,60.599998474121094,3506800.0,60.599998474121094
2019-11-25,61.04999923706055,60.560001373291016,60.689998626708984,60.66999816894531,4656800.0,60.66999816894531
2019-11-26,60.540000915527344,58.939998626708984,60.41999816894531,59.630001068115234,7656500.0,59.630001068115234
2019-11-27,60.16999816894531,59.25,59.790000915527344,60.11000061035156,4033800.0,60.11000061035156
2019-11-29,59.9900016784668,59.45000076293945,59.959999084472656,59.599998474121094,2177900.0,59.599998474121094
2019-12-02,59.5,58.459999084472656,59.29999923706055,59.27000045776367,5695000.0,59.27000045776367
2019-12-03,59.08000183105469,57.72999954223633,58.79999923706055,58.9900016784668,4816600.0,58.9900016784668
2019-12-04,59.81999969482422,58.650001525878906,59.689998626708984,58.90999984741211,3765700.0,58.90999984741211
2019-12-05,59.310001373291016,58.470001220703125,59.060001373291016,59.099998474121094,3814800.0,59.099998474121094
2019-12-06,59.91999816894531,58.59000015258789,59.380001068115234,58.630001068115234,3477200.0,58.630001068115234
2019-12-09,59.06999969482422,58.310001373291016,58.529998779296875,58.709999084472656,3953500.0,58.709999084472656
2019-12-10,58.900001525878906,58.25,58.849998474121094,58.40999984741211,3400800.0,58.40999984741211
2019-12-11,58.439998626708984,57.7599983215332,58.150001525878906,58.0099983215332,2951000.0,58.0099983215332
2019-12-12,59.279998779296875,58.13999938964844,58.310001373291016,58.58000183105469,3139800.0,58.58000183105469
2019-12-13,58.810001373291016,57.689998626708984,58.5099983215332,57.880001068115234,4356400.0,57.880001068115234
2019-12-16,58.77000045776367,57.779998779296875,58.18000030517578,57.79999923706055,5461500.0,57.79999923706055
2019-12-17,58.0,56.7599983215332,57.86000061035156,57.09000015258789,5417500.0,57.09000015258789
2019-12-18,57.5099983215332,56.93000030517578,57.22999954223633,57.20000076293945,4906100.0,57.20000076293945
2019-12-19,58.81999969482422,57.34000015258789,57.54999923706055,57.75,5198900.0,57.75
2019-12-20,58.97999954223633,57.7599983215332,58.33000183105469,58.38999938964844,8433100.0,58.38999938964844
2019-12-23,59.0,58.41999816894531,58.709999084472656,58.56999969482422,4813200.0,58.56999969482422
2019-12-24,58.91999816894531,58.279998779296875,58.900001525878906,58.349998474121094,1475400.0,58.349998474121094
2019-12-26,59.02000045776367,58.29999923706055,58.34000015258789,58.900001525878906,2736100.0,58.900001525878906
2019-12-27,59.029998779296875,58.380001068115234,58.91999816894531,59.02000045776367,3647600.0,59.02000045776367
2019-12-30,59.599998474121094,58.810001373291016,59.09000015258789,58.90999984741211,3264500.0,58.90999984741211
2019-12-31,59.470001220703125,58.810001373291016,58.81999969482422,58.959999084472656,3305100.0,58.959999084472656
2020-01-02,59.59000015258789,58.70000076293945,59.279998779296875,59.08000183105469,5700500.0,59.08000183105469
2020-01-03,59.349998474121094,58.18000030517578,58.540000915527344,59.08000183105469,4892300.0,59.08000183105469
2020-01-06,59.779998779296875,58.47999954223633,59.040000915527344,59.59000015258789,6003300.0,59.59000015258789
2020-01-07,59.47999954223633,58.619998931884766,59.220001220703125,59.290000915527344,4365700.0,59.290000915527344
2020-01-08,56.79999923706055,54.90999984741211,56.04999923706055,55.83000183105469,17431800.0,55.83000183105469
2020-01-09,56.09000015258789,54.619998931884766,55.790000915527344,54.68000030517578,8469600.0,54.68000030517578
2020-01-10,54.880001068115234,54.060001373291016,54.84000015258789,54.220001220703125,6688000.0,54.220001220703125
2020-01-13,54.65999984741211,53.97999954223633,54.20000076293945,54.060001373291016,5517800.0,54.060001373291016
2020-01-14,54.709999084472656,53.81999969482422,54.040000915527344,54.619998931884766,4466800.0,54.619998931884766
2020-01-15,54.70000076293945,54.08000183105469,54.540000915527344,54.43000030517578,3495600.0,54.43000030517578
2020-01-16,54.630001068115234,54.18000030517578,54.439998626708984,54.41999816894531,4974700.0,54.41999816894531
2020-01-17,54.790000915527344,54.31999969482422,54.689998626708984,54.40999984741211,5048300.0,54.40999984741211
2020-01-21,54.38999938964844,53.459999084472656,54.38999938964844,53.869998931884766,5940600.0,53.869998931884766
2020-01-22,54.040000915527344,53.400001525878906,53.72999954223633,53.41999816894531,3703800.0,53.41999816894531
2020-01-23,53.599998474121094,52.810001373291016,53.34000015258789,53.29999923706055,4994000.0,53.29999923706055
2020-01-24,53.369998931884766,51.88999938964844,53.31999969482422,52.040000915527344,6415400.0,52.040000915527344
2020-01-27,52.59000015258789,51.540000915527344,51.54999923706055,52.22999954223633,5108500.0,52.22999954223633
2020-01-28,52.97999954223633,52.18000030517578,52.45000076293945,52.779998779296875,4771000.0,52.779998779296875
2020-01-29,52.9900016784668,52.27000045776367,52.81999969482422,52.279998779296875,3509800.0,52.279998779296875
