Date,High,Low,Open,Close,Volume,Adj Close
2017-01-30,66.4800033569336,65.62999725341797,65.62999725341797,66.41999816894531,8641500.0,61.98966979980469
2017-01-31,66.88999938964844,65.87999725341797,66.20999908447266,66.73999786376953,9320900.0,62.288307189941406
2017-02-01,66.70999908447266,66.04000091552734,66.45999908447266,66.2300033569336,9050000.0,61.81234359741211
2017-02-02,67.13999938964844,66.33999633789062,66.33999633789062,66.69999694824219,8998700.0,62.250972747802734
2017-02-03,66.93000030517578,66.44000244140625,66.81999969482422,66.5,7625300.0,62.06432342529297
2017-02-06,66.86000061035156,66.37000274658203,66.37000274658203,66.4000015258789,9097200.0,61.971004486083984
2017-02-07,67.0,66.51000213623047,66.55999755859375,66.88999938964844,5805700.0,62.428321838378906
2017-02-08,67.81999969482422,66.88999938964844,66.88999938964844,67.80999755859375,7660800.0,63.28694152832031
2017-02-09,69.13999938964844,67.75,67.80999755859375,69.08000183105469,11080500.0,64.47224426269531
2017-02-10,68.5999984741211,67.76000213623047,68.25,68.0199966430664,12445600.0,63.48294448852539
2017-02-13,68.6500015258789,67.55999755859375,68.31999969482422,67.7699966430664,8374300.0,63.249610900878906
2017-02-14,68.68000030517578,67.70999908447266,67.87999725341797,68.66000366210938,8462300.0,64.08025360107422
2017-02-15,68.70999908447266,67.76000213623047,67.80000305175781,68.69000244140625,8563300.0,64.10823822021484
2017-02-16,69.23999786376953,68.61000061035156,68.66999816894531,68.87000274658203,8413800.0,64.27626037597656
2017-02-17,69.79000091552734,68.69000244140625,68.83000183105469,69.37000274658203,12837400.0,64.7428970336914
2017-02-21,72.27999877929688,70.69999694824219,71.20999908447266,71.44999694824219,22412900.0,66.68414306640625
2017-02-22,72.37000274658203,71.4800033569336,72.25,71.70999908447266,15242700.0,66.92681884765625
2017-02-23,72.5,71.16000366210938,72.0,71.30999755859375,12799700.0,66.5534896850586
2017-02-24,72.80000305175781,71.30000305175781,71.33999633789062,72.38999938964844,13889900.0,67.56144714355469
2017-02-27,72.41999816894531,71.52999877929688,72.27999877929688,71.73999786376953,9254700.0,66.9548110961914
2017-02-28,71.0,70.0,70.87000274658203,70.93000030517578,15952600.0,66.1988296508789
2017-03-01,71.08000183105469,70.1500015258789,70.97000122070312,70.44999694824219,13522700.0,65.7508544921875
2017-03-02,70.9000015258789,70.16999816894531,70.41999816894531,70.76000213623047,8916300.0,66.0401840209961
2017-03-03,71.0199966430664,69.87999725341797,70.76000213623047,70.02999877929688,9297900.0,65.3588638305664
2017-03-06,70.44000244140625,69.77999877929688,70.0,69.87999725341797,9182600.0,65.2188720703125
2017-03-07,70.20999908447266,69.86000061035156,69.9000015258789,69.87000274658203,7282900.0,65.20954895019531
2017-03-08,70.02999877929688,69.54000091552734,69.69000244140625,69.80000305175781,7979800.0,65.62320709228516
2017-03-09,70.04000091552734,69.55999755859375,69.75,69.86000061035156,7564500.0,65.67963409423828
2017-03-10,70.36000061035156,69.80000305175781,70.0,70.0999984741211,7098800.0,65.9052505493164
2017-03-13,70.44999694824219,69.70999908447266,69.98999786376953,69.94999694824219,6802500.0,65.76425170898438
2017-03-14,71.20999908447266,70.72000122070312,70.81999969482422,70.72000122070312,9958400.0,66.4881591796875
2017-03-15,70.69999694824219,70.0199966430664,70.5,70.58000183105469,8813800.0,66.35653686523438
2017-03-16,70.69999694824219,70.06999969482422,70.11000061035156,70.44000244140625,7061000.0,66.22491455078125
2017-03-17,70.75,69.80999755859375,70.58000183105469,69.88999938964844,14078400.0,65.70782470703125
2017-03-20,70.44999694824219,69.70999908447266,70.13999938964844,69.9800033569336,7466200.0,65.79244232177734
2017-03-21,70.4000015258789,69.69000244140625,70.16999816894531,69.9000015258789,8746800.0,65.71722412109375
2017-03-22,70.33999633789062,69.72000122070312,70.02999877929688,70.25,6455600.0,66.04629516601562
2017-03-23,70.30999755859375,69.75,70.19999694824219,69.86000061035156,6898800.0,65.67963409423828
2017-03-24,70.16999816894531,69.52999877929688,69.98999786376953,69.61000061035156,5859000.0,65.44457244873047
2017-03-27,70.06999969482422,69.36000061035156,69.5199966430664,69.66000366210938,5792600.0,65.4916000366211
2017-03-28,70.37000274658203,69.33000183105469,69.33000183105469,70.31999969482422,7252200.0,66.11209106445312
2017-03-29,71.18000030517578,70.30999755859375,70.3499984741211,70.73999786376953,6991000.0,66.5069580078125
2017-03-30,71.72000122070312,70.63999938964844,70.69000244140625,71.58999633789062,8141500.0,67.30609130859375
2017-03-31,72.55999755859375,71.2300033569336,71.31999969482422,72.08000183105469,9939800.0,67.76677703857422
2017-04-03,72.52999877929688,71.77999877929688,72.08000183105469,71.83000183105469,8291300.0,67.53174591064453
2017-04-04,72.05999755859375,71.52999877929688,71.73999786376953,72.01000213623047,5567300.0,67.70096588134766
2017-04-05,72.30999755859375,71.55999755859375,71.63999938964844,71.6500015258789,6354500.0,67.36251068115234
2017-04-06,72.0999984741211,71.37999725341797,71.69999694824219,71.43000030517578,5941100.0,67.15567016601562
2017-04-07,72.98999786376953,71.80000305175781,72.0999984741211,72.9000015258789,10768000.0,68.53771209716797
2017-04-10,73.4800033569336,72.7300033569336,72.98999786376953,73.05999755859375,7495900.0,68.6881332397461
2017-04-11,73.44999694824219,72.93000030517578,73.0,73.43000030517578,5810500.0,69.03598022460938
2017-04-12,73.83000183105469,73.25,73.55000305175781,73.44000244140625,6627300.0,69.0453872680664
2017-04-13,73.66000366210938,73.1500015258789,73.37000274658203,73.1500015258789,5336400.0,68.77274322509766
2017-04-17,73.58000183105469,73.1500015258789,73.16000366210938,73.48999786376953,5465400.0,69.09239959716797
2017-04-18,74.0999984741211,73.4800033569336,73.54000091552734,73.88999938964844,6627900.0,69.46846771240234
2017-04-19,74.37999725341797,73.86000061035156,74.0999984741211,74.06999969482422,5940600.0,69.6376953125
2017-04-20,75.11000061035156,74.11000061035156,74.13999938964844,74.80000305175781,7681300.0,70.32402038574219
2017-04-21,75.11000061035156,74.5999984741211,74.73999786376953,74.94000244140625,5755700.0,70.45564270019531
2017-04-24,75.4000015258789,74.41999816894531,75.08000183105469,74.77999877929688,7812500.0,70.30521392822266
2017-04-25,75.16999816894531,74.86000061035156,74.97000122070312,75.05000305175781,5720400.0,70.55905151367188
2017-04-26,75.7699966430664,75.16999816894531,75.2699966430664,75.43000030517578,6948500.0,70.91630554199219
2017-04-27,75.69999694824219,75.0199966430664,75.54000091552734,75.44000244140625,6052200.0,70.92571258544922
2017-04-28,75.44000244140625,74.93000030517578,75.23999786376953,75.18000030517578,7330400.0,70.6812744140625
2017-05-01,75.72000122070312,75.08999633789062,75.08999633789062,75.2300033569336,6165900.0,70.72827911376953
2017-05-02,75.70999908447266,75.25,75.30000305175781,75.5199966430664,7318400.0,71.00092315673828
2017-05-03,75.87999725341797,75.18000030517578,75.4000015258789,75.76000213623047,5523600.0,71.2265625
2017-05-04,76.4000015258789,75.83000183105469,75.93000030517578,76.33999633789062,5500800.0,71.77185821533203
2017-05-05,76.5999984741211,76.18000030517578,76.41999816894531,76.5,5597800.0,71.92229461669922
2017-05-08,76.5199966430664,76.06999969482422,76.5,76.12000274658203,6512200.0,71.56502532958984
2017-05-09,77.05000305175781,76.33000183105469,76.44000244140625,76.72000122070312,8255300.0,72.1291275024414
2017-05-10,76.77999877929688,76.19000244140625,76.33000183105469,76.69999694824219,7511900.0,72.59288024902344
2017-05-11,76.72000122070312,75.93000030517578,76.3499984741211,76.12999725341797,8349400.0,72.05340576171875
2017-05-12,76.25,75.37000274658203,75.94999694824219,75.70999908447266,5892900.0,71.65589904785156
2017-05-15,76.47000122070312,75.80000305175781,75.80000305175781,76.29000091552734,8843900.0,72.20482635498047
2017-05-16,76.2699966430664,75.08000183105469,76.19000244140625,75.11000061035156,8371800.0,71.08802795410156
2017-05-17,75.7300033569336,74.95999908447266,75.11000061035156,75.12000274658203,10971000.0,71.09750366210938
2017-05-18,77.66000366210938,76.12999725341797,76.88999938964844,77.54000091552734,19166800.0,73.38790130615234
2017-05-19,79.44000244140625,77.7699966430664,77.97000122070312,78.7699966430664,18581700.0,74.55203247070312
2017-05-22,79.0,78.30000305175781,78.6500015258789,78.55000305175781,8897600.0,74.34382629394531
2017-05-23,78.97000122070312,78.44000244140625,78.58000183105469,78.48999786376953,7584900.0,74.28702545166016
2017-05-24,78.61000061035156,78.13999938964844,78.55999755859375,78.1500015258789,7427000.0,73.9652328491211
2017-05-25,78.8499984741211,78.1500015258789,78.36000061035156,78.30999755859375,6135000.0,74.11666870117188
2017-05-26,78.54000091552734,77.79000091552734,78.37000274658203,78.12999725341797,6125800.0,73.9463119506836
2017-05-30,78.4000015258789,77.93000030517578,78.0,78.1500015258789,5410400.0,73.9652328491211
2017-05-31,78.91999816894531,78.22000122070312,78.3499984741211,78.5999984741211,8201700.0,74.39112854003906
2017-06-01,79.80999755859375,78.5999984741211,78.63999938964844,79.80999755859375,8153100.0,75.53633880615234
2017-06-02,79.93000030517578,79.22000122070312,79.80000305175781,79.62000274658203,7996500.0,75.35652160644531
2017-06-05,80.47000122070312,79.4800033569336,79.5999984741211,80.26000213623047,10145700.0,75.9622573852539
2017-06-06,79.55999755859375,78.26000213623047,79.43000030517578,78.93000030517578,11525900.0,74.70347595214844
2017-06-07,79.5,78.7300033569336,79.08000183105469,79.1500015258789,8511200.0,74.91167449951172
2017-06-08,80.12999725341797,78.2300033569336,79.1500015258789,78.93000030517578,10933000.0,74.70347595214844
2017-06-09,79.55999755859375,78.72000122070312,79.02999877929688,79.41999816894531,9405100.0,75.16722106933594
2017-06-12,80.37000274658203,78.83999633789062,79.4000015258789,79.23999786376953,10410600.0,74.99686431884766
2017-06-13,79.56999969482422,78.88999938964844,79.20999908447266,79.5199966430664,5528000.0,75.26187896728516
2017-06-14,80.04000091552734,79.26000213623047,79.5199966430664,79.9000015258789,5006500.0,75.62151336669922
2017-06-15,79.30000305175781,77.76000213623047,79.18000030517578,78.91000366210938,11297200.0,74.6845474243164
2017-06-16,75.5,73.29000091552734,73.94999694824219,75.23999786376953,56233000.0,71.21105194091797
2017-06-19,76.01000213623047,74.5199966430664,75.37999725341797,75.5,16095100.0,71.45713806152344
2017-06-20,75.91999816894531,75.31999969482422,75.87999725341797,75.54000091552734,10019200.0,71.4949951171875
2017-06-21,76.61000061035156,75.58000183105469,75.5999984741211,76.23999786376953,9011400.0,72.15751647949219
2017-06-22,76.05999755859375,75.30000305175781,76.02999877929688,75.5199966430664,8111300.0,71.47605895996094
2017-06-23,75.77999877929688,74.55000305175781,75.5999984741211,74.83999633789062,13080300.0,70.83247375488281
2017-06-26,75.93000030517578,74.91999816894531,74.94999694824219,75.5,8587500.0,71.45713806152344
2017-06-27,76.37000274658203,75.44999694824219,75.5,76.01000213623047,6454400.0,71.93982696533203
2017-06-28,76.80000305175781,76.13999938964844,76.25,76.51000213623047,6988900.0,72.4130630493164
2017-06-29,76.31999969482422,75.48999786376953,76.25,75.93000030517578,7063500.0,71.86412048339844
2017-06-30,76.2699966430664,75.66999816894531,76.08000183105469,75.68000030517578,6963300.0,71.62749481201172
2017-07-03,76.33999633789062,75.08000183105469,75.83999633789062,75.36000061035156,4848600.0,71.32465362548828
2017-07-05,75.94999694824219,75.16999816894531,75.55000305175781,75.31999969482422,6036900.0,71.28677368164062
2017-07-06,75.97000122070312,75.23999786376953,75.3499984741211,75.47000122070312,6161800.0,71.42875671386719
2017-07-07,75.81999969482422,75.05000305175781,75.6500015258789,75.33000183105469,5307100.0,71.29624938964844
2017-07-10,75.30999755859375,73.12999725341797,75.1500015258789,73.2300033569336,15066700.0,69.30868530273438
2017-07-11,74.05000305175781,73.33000183105469,73.37999725341797,73.47000122070312,7532600.0,69.53585052490234
2017-07-12,74.20999908447266,73.66000366210938,73.66000366210938,73.94000244140625,5700200.0,69.98068237304688
2017-07-13,75.25,74.51000213623047,74.66999816894531,75.05000305175781,8160500.0,71.03124237060547
2017-07-14,76.55999755859375,75.91000366210938,76.2699966430664,76.33999633789062,9151900.0,72.25215148925781
2017-07-17,76.87000274658203,76.19000244140625,76.29000091552734,76.37000274658203,8835600.0,72.28055572509766
2017-07-18,76.54000091552734,76.0,76.25,76.19999694824219,4314900.0,72.11964416503906
2017-07-19,76.22000122070312,75.5999984741211,76.08000183105469,75.87000274658203,5313600.0,71.80731964111328
2017-07-20,76.25,75.69999694824219,75.9800033569336,76.0199966430664,4965400.0,71.94929504394531
2017-07-21,76.2300033569336,75.55000305175781,75.83999633789062,76.1500015258789,7153300.0,72.07232666015625
2017-07-24,77.16000366210938,76.02999877929688,76.02999877929688,76.88999938964844,7388000.0,72.77271270751953
2017-07-25,78.86000061035156,77.38999938964844,77.61000061035156,78.5199966430664,11504000.0,74.31542205810547
2017-07-26,79.16999816894531,77.94000244140625,78.55000305175781,78.9000015258789,6716100.0,74.67507934570312
2017-07-27,79.86000061035156,78.4800033569336,78.72000122070312,79.77999877929688,8052500.0,75.50796508789062
2017-07-28,79.95999908447266,79.54000091552734,79.80000305175781,79.80999755859375,4975200.0,75.53633880615234
2017-07-31,80.33999633789062,79.69000244140625,79.81999969482422,79.98999786376953,6263200.0,75.70670318603516
2017-08-01,80.7300033569336,80.0,80.25,80.5,5726500.0,76.18941497802734
2017-08-02,81.11000061035156,80.30000305175781,80.33999633789062,80.52999877929688,8673000.0,76.2177963256836
2017-08-03,81.76000213623047,80.66999816894531,81.33999633789062,80.87000274658203,9946900.0,76.53958129882812
2017-08-04,81.4000015258789,80.20999908447266,81.05999755859375,80.4800033569336,7141800.0,76.17047882080078
2017-08-07,81.44999694824219,80.54000091552734,80.56999969482422,81.27999877929688,5484500.0,76.9276351928711
2017-08-08,81.86000061035156,80.9000015258789,81.16999816894531,81.58999633789062,7381400.0,77.22102355957031
2017-08-09,81.98999786376953,80.9000015258789,81.11000061035156,81.61000061035156,6606500.0,77.72581481933594
2017-08-10,81.4000015258789,80.55000305175781,81.06999969482422,80.66000366210938,8045000.0,76.82102966308594
2017-08-11,81.25,80.36000061035156,80.7300033569336,80.4000015258789,7905500.0,76.57339477539062
2017-08-14,81.23999786376953,80.5,80.58999633789062,80.69999694824219,7792000.0,76.85912322998047
2017-08-15,81.4000015258789,80.54000091552734,80.83000183105469,80.7699966430664,7066100.0,76.92577362060547
2017-08-16,81.44000244140625,80.54000091552734,81.2699966430664,80.9800033569336,11536000.0,77.12580108642578
2017-08-17,79.80999755859375,78.33000183105469,78.8499984741211,79.69999694824219,17293700.0,75.90670013427734
2017-08-18,80.3499984741211,79.27999877929688,79.62000274658203,79.30999755859375,9753000.0,75.53527069091797
2017-08-21,80.06999969482422,78.79000091552734,79.12000274658203,79.70999908447266,9613900.0,75.91622924804688
2017-08-22,80.16000366210938,79.70999908447266,79.80000305175781,80.0199966430664,6546100.0,76.21148681640625
2017-08-23,80.55999755859375,79.87999725341797,80.3499984741211,79.95999908447266,7799300.0,76.15433502197266
2017-08-24,80.87999725341797,77.8499984741211,80.61000061035156,78.33999633789062,19128000.0,74.6114273071289
2017-08-25,79.08999633789062,78.4800033569336,78.5,78.62999725341797,9902200.0,74.88762664794922
2017-08-28,78.45999908447266,77.86000061035156,78.41000366210938,78.02999877929688,8621500.0,74.31620025634766
2017-08-29,78.9800033569336,77.5,77.66999816894531,78.7699966430664,7665200.0,75.0209732055664
2017-08-30,79.0999984741211,78.5199966430664,78.81999969482422,78.54000091552734,5829800.0,74.80191802978516
2017-08-31,78.75,78.05999755859375,78.5999984741211,78.06999969482422,8194800.0,74.35429382324219
2017-09-01,78.5,78.20999908447266,78.30999755859375,78.37000274658203,6474400.0,74.6400146484375
2017-09-05,79.88999938964844,77.9000015258789,77.94999694824219,79.80000305175781,12068500.0,76.00196075439453
2017-09-06,80.4000015258789,79.72000122070312,79.87999725341797,80.08000183105469,8426100.0,76.26862335205078
2017-09-07,80.76000213623047,80.0,80.31999969482422,80.12000274658203,6820800.0,76.30672454833984
2017-09-08,79.87999725341797,77.7300033569336,79.73999786376953,78.87999725341797,9999600.0,75.12574005126953
2017-09-11,79.3499984741211,78.66000366210938,79.1500015258789,79.08000183105469,7000200.0,75.31623077392578
2017-09-12,79.91000366210938,79.16999816894531,79.30000305175781,79.61000061035156,6005000.0,75.82100677490234
2017-09-13,80.68000030517578,79.58999633789062,79.61000061035156,79.86000061035156,8823700.0,76.0591049194336
2017-09-14,79.81999969482422,79.22000122070312,79.79000091552734,79.68000030517578,6939300.0,75.88765716552734
2017-09-15,80.75,79.2699966430664,79.80999755859375,80.37999725341797,13317800.0,76.55433654785156
2017-09-18,81.12000274658203,79.94999694824219,80.20999908447266,80.0,8176100.0,76.19242858886719
2017-09-19,80.45999908447266,79.69999694824219,80.18000030517578,80.05000305175781,6174400.0,76.24005889892578
2017-09-20,80.55999755859375,79.87000274658203,80.16999816894531,80.5,5318200.0,76.66864776611328
2017-09-21,80.56999969482422,79.72000122070312,80.56999969482422,80.01000213623047,6430300.0,76.20195007324219
2017-09-22,80.08000183105469,79.25,79.88999938964844,79.52999877929688,5755300.0,75.74479675292969
2017-09-25,80.0999984741211,78.86000061035156,78.91999816894531,79.1500015258789,8547800.0,75.38287353515625
2017-09-26,79.54000091552734,78.91999816894531,79.04000091552734,79.38999938964844,5835300.0,75.61146545410156
2017-09-27,79.56999969482422,78.66999816894531,79.41999816894531,79.29000091552734,6314600.0,75.51622772216797
2017-09-28,79.08000183105469,78.12000274658203,79.0,78.94999694824219,12372800.0,75.19239807128906
2017-09-29,79.0,77.9800033569336,78.8499984741211,78.13999938964844,10353400.0,74.42095947265625
2017-10-02,78.83000183105469,77.5,77.9000015258789,78.44999694824219,7709200.0,74.71620178222656
2017-10-03,79.66000366210938,78.75,78.83000183105469,79.22000122070312,7936700.0,75.44954681396484
2017-10-04,79.77999877929688,79.06999969482422,79.2699966430664,79.08999633789062,6173400.0,75.32574462890625
2017-10-05,79.80999755859375,79.08000183105469,79.16999816894531,79.41000366210938,5138700.0,75.63052368164062
2017-10-06,79.16999816894531,78.25,78.77999877929688,79.0,6246700.0,75.24002838134766
2017-10-09,81.37999725341797,79.4000015258789,79.5,80.52999877929688,13493000.0,76.69721984863281
2017-10-10,84.87999725341797,82.61000061035156,82.68000030517578,84.12999725341797,25124000.0,80.12586975097656
2017-10-11,86.29000091552734,84.0999984741211,84.58000183105469,85.7300033569336,18561000.0,81.64971160888672
2017-10-12,86.37000274658203,85.05999755859375,85.69999694824219,86.0999984741211,12877000.0,82.00210571289062
2017-10-13,86.94999694824219,86.23999786376953,86.23999786376953,86.62000274658203,9389000.0,82.49736022949219
2017-10-16,86.62000274658203,85.0199966430664,86.58000183105469,85.73999786376953,9300300.0,81.65924072265625
2017-10-17,86.36000061035156,85.31999969482422,85.5,85.9800033569336,5851500.0,81.88782501220703
2017-10-18,86.37000274658203,86.01000213623047,86.1500015258789,86.22000122070312,5472100.0,82.11639404296875
2017-10-19,86.66000366210938,85.7699966430664,86.1500015258789,86.4000015258789,7029000.0,82.28782653808594
2017-10-20,87.44999694824219,86.27999877929688,86.5999984741211,87.44000244140625,7617800.0,83.27833557128906
2017-10-23,88.91999816894531,87.26000213623047,87.33999633789062,88.6500015258789,10586000.0,84.43074035644531
2017-10-24,88.80000305175781,87.91000366210938,88.69000244140625,87.9800033569336,7700900.0,83.7926254272461
2017-10-25,88.5999984741211,87.43000030517578,87.8499984741211,88.4800033569336,6408000.0,84.26883697509766
2017-10-26,89.11000061035156,88.0199966430664,88.66000366210938,88.62000274658203,6484900.0,84.40217590332031
2017-10-27,88.38999938964844,87.1500015258789,88.13999938964844,88.16999816894531,6617000.0,83.97357940673828
2017-10-30,87.94999694824219,86.38999938964844,87.94000244140625,86.94999694824219,7052000.0,82.81165313720703
2017-10-31,87.45999908447266,86.5999984741211,86.86000061035156,87.30999755859375,6006900.0,83.15450286865234
2017-11-01,88.4000015258789,87.0,87.06999969482422,87.94000244140625,6176100.0,83.75453186035156
2017-11-02,89.16999816894531,87.80000305175781,88.27999877929688,88.80000305175781,5183100.0,84.57360076904297
2017-11-03,89.87999725341797,88.76000213623047,89.0199966430664,89.68000030517578,6512100.0,85.4117202758789
2017-11-06,89.68000030517578,88.68000030517578,89.41999816894531,88.69999694824219,5257400.0,84.47835540771484
2017-11-07,89.05999755859375,88.30999755859375,88.87000274658203,88.94999694824219,5349300.0,84.71646881103516
2017-11-08,90.41999816894531,89.0999984741211,89.11000061035156,90.26000213623047,6767500.0,85.964111328125
2017-11-09,90.56999969482422,89.3499984741211,89.94000244140625,90.30000305175781,6904500.0,86.0022201538086
2017-11-10,91.69000244140625,90.19999694824219,90.23999786376953,90.91999816894531,7647800.0,86.59269714355469
2017-11-13,91.9800033569336,90.87000274658203,91.04000091552734,90.98999786376953,8491600.0,86.65937805175781
2017-11-14,91.19999694824219,90.18000030517578,90.69999694824219,91.08999633789062,9834100.0,86.75460815429688
2017-11-15,90.8499984741211,89.6500015258789,90.33999633789062,89.83000183105469,8433400.0,85.55457305908203
2017-11-16,99.68000030517578,94.72000122070312,95.12000274658203,99.62000274658203,38122400.0,94.87862396240234
2017-11-17,100.12999725341797,96.58000183105469,99.23999786376953,97.47000122070312,23575500.0,92.83096313476562
2017-11-20,97.63999938964844,95.76000213623047,96.44000244140625,97.4800033569336,16394300.0,92.84048461914062
2017-11-21,97.91999816894531,96.31999969482422,97.73999786376953,96.5199966430664,12746500.0,91.9261703491211
2017-11-22,96.80999755859375,96.11000061035156,96.6500015258789,96.41000366210938,8918200.0,91.8214111328125
2017-11-24,97.2300033569336,96.52999877929688,96.87000274658203,96.62000274658203,4496100.0,92.02142333984375
2017-11-27,97.6500015258789,96.30000305175781,96.8499984741211,96.62000274658203,8904900.0,92.02142333984375
2017-11-28,96.88999938964844,95.81999969482422,96.58999633789062,96.7699966430664,8709600.0,92.16426086425781
2017-11-29,98.26000213623047,96.87999725341797,97.22000122070312,97.55999755859375,11424000.0,92.91667175292969
2017-11-30,98.44000244140625,96.51000213623047,98.08999633789062,97.2300033569336,12854700.0,92.60238647460938
2017-12-01,97.70999908447266,96.2300033569336,97.61000061035156,97.3499984741211,8296200.0,92.7166519165039
2017-12-04,97.95999908447266,96.68000030517578,97.7300033569336,97.01000213623047,8956500.0,92.39286041259766
2017-12-05,97.94000244140625,96.91999816894531,97.0,97.83000183105469,9010100.0,93.17382049560547
2017-12-06,98.13999938964844,97.23999786376953,97.98999786376953,97.27999877929688,7141000.0,92.6500015258789
2017-12-07,97.58000183105469,96.6500015258789,97.05999755859375,96.77999877929688,7502600.0,92.6595687866211
2017-12-08,96.69999694824219,96.13999938964844,96.30000305175781,96.55000305175781,5821100.0,92.43936157226562
2017-12-11,97.2699966430664,96.29000091552734,96.95999908447266,96.93000030517578,8928900.0,92.80318450927734
2017-12-12,97.23999786376953,96.5999984741211,96.8499984741211,96.69999694824219,7810600.0,92.58297729492188
2017-12-13,97.91000366210938,96.55000305175781,96.66000366210938,97.76000213623047,7879400.0,93.59785461425781
2017-12-14,98.56999969482422,97.0999984741211,98.0,97.12999725341797,9385800.0,92.99466705322266
2017-12-15,98.48999786376953,96.91000366210938,97.70999908447266,97.11000061035156,16142800.0,92.97552490234375
2017-12-18,98.16999816894531,97.36000061035156,97.37999725341797,97.9000015258789,7964400.0,93.73188781738281
2017-12-19,99.91000366210938,98.29000091552734,99.91000366210938,98.80000305175781,12012200.0,94.59357452392578
2017-12-20,99.6500015258789,98.44999694824219,99.44999694824219,98.75,10729800.0,94.54570007324219
2017-12-21,99.33000183105469,97.9800033569336,99.0,98.05999755859375,7369100.0,93.88507843017578
2017-12-22,98.41999816894531,97.68000030517578,98.29000091552734,98.20999908447266,5478700.0,94.0286865234375
2017-12-26,99.44000244140625,98.3499984741211,98.3499984741211,99.16000366210938,4295900.0,94.93824768066406
2017-12-27,99.5999984741211,98.83000183105469,99.55999755859375,99.26000213623047,5140800.0,95.03398132324219
2017-12-28,99.62000274658203,99.12000274658203,99.5199966430664,99.4000015258789,9763900.0,95.16802215576172
2017-12-29,99.69000244140625,98.75,99.4000015258789,98.75,7144300.0,94.54570007324219
2018-01-02,99.79000091552734,98.5199966430664,99.30000305175781,98.58999633789062,10150500.0,94.39250946044922
2018-01-03,100.0,98.7699966430664,98.8499984741211,99.44999694824219,8903600.0,95.21589660644531
2018-01-04,99.77999877929688,98.91000366210938,99.54000091552734,99.54000091552734,6830400.0,95.30207061767578
2018-01-05,100.37999725341797,99.61000061035156,99.63999938964844,100.12999725341797,7284000.0,95.86695098876953
2018-01-08,101.75,100.20999908447266,100.25,101.61000061035156,8843900.0,97.28392791748047
2018-01-09,102.3499984741211,100.30999755859375,102.02999877929688,100.38999938964844,7312700.0,96.11587524414062
2018-01-10,99.88999938964844,98.52999877929688,99.75,99.66999816894531,7930400.0,95.42652893066406
2018-01-11,100.44999694824219,98.77999877929688,99.69999694824219,100.0199966430664,6537700.0,95.76162719726562
2018-01-12,101.44000244140625,100.30000305175781,100.38999938964844,100.87000274658203,6951200.0,96.575439453125
2018-01-16,101.91000366210938,100.33999633789062,101.33999633789062,100.69000244140625,7170700.0,96.40310668945312
2018-01-17,102.94000244140625,100.69999694824219,101.1500015258789,102.69999694824219,8681900.0,98.32752990722656
2018-01-18,104.94000244140625,103.62000274658203,104.73999786376953,104.30000305175781,12307900.0,99.8593978881836
2018-01-19,104.93000030517578,103.66000366210938,104.63999938964844,104.58999633789062,8378600.0,100.13705444335938
2018-01-22,105.44999694824219,104.04000091552734,104.5,105.44999694824219,7308300.0,100.96044158935547
2018-01-23,106.1500015258789,104.56999969482422,105.29000091552734,105.9000015258789,8287800.0,101.39128112792969
2018-01-24,106.44000244140625,104.81999969482422,106.3499984741211,105.79000091552734,6823100.0,101.28597259521484
2018-01-25,106.80999755859375,105.8499984741211,105.8499984741211,106.5999984741211,5857100.0,102.06147766113281
2018-01-26,108.41000366210938,106.68000030517578,107.0,108.38999938964844,6786300.0,103.77527618408203
2018-01-29,109.9800033569336,107.98999786376953,108.11000061035156,109.55000305175781,8355200.0,104.8858871459961
2018-01-30,109.36000061035156,107.1500015258789,109.13999938964844,107.7300033569336,9180500.0,103.14337921142578
2018-01-31,108.18000030517578,106.06999969482422,107.7699966430664,106.5999984741211,9812800.0,102.06147766113281
2018-02-01,106.55999755859375,105.18000030517578,105.95999908447266,105.5199966430664,6386800.0,101.02745819091797
2018-02-02,106.47000122070312,104.1500015258789,105.1500015258789,104.4800033569336,9253100.0,100.03174591064453
2018-02-05,104.61000061035156,97.08999633789062,103.4000015258789,100.08999633789062,12561600.0,95.82864379882812
2018-02-06,101.08000183105469,97.25,97.63999938964844,100.9000015258789,16413800.0,96.60416412353516
2018-02-07,104.58999633789062,100.01000213623047,100.5,102.8499984741211,11165200.0,98.47113037109375
2018-02-08,103.4800033569336,100.0,103.2300033569336,100.0199966430664,13975100.0,95.76162719726562
2018-02-09,101.0999984741211,96.43000030517578,100.52999877929688,99.37000274658203,14184600.0,95.1393051147461
2018-02-12,100.44999694824219,98.80000305175781,100.12999725341797,99.55000305175781,9135100.0,95.3116455078125
2018-02-13,101.22000122070312,99.33000183105469,99.33000183105469,100.9800033569336,6622800.0,96.6807632446289
2018-02-14,102.25,100.20999908447266,100.86000061035156,101.69999694824219,7307600.0,97.37010192871094
2018-02-15,103.63999938964844,101.83000183105469,102.55000305175781,103.2300033569336,7494900.0,98.83496856689453
2018-02-16,104.94000244140625,101.9800033569336,103.08999633789062,104.77999877929688,16064300.0,100.31896209716797
2018-02-20,97.94000244140625,94.0999984741211,96.98999786376953,94.11000061035156,52088500.0,90.10324096679688
2018-02-21,95.33999633789062,91.23999786376953,95.11000061035156,91.5199966430664,49503700.0,87.6235122680664
2018-02-22,93.38999938964844,91.30999755859375,91.43000030517578,92.7699966430664,20365000.0,88.82029724121094
2018-02-23,93.48999786376953,91.76000213623047,92.87999725341797,92.88999938964844,12791500.0,88.93518829345703
2018-02-26,93.80000305175781,92.22000122070312,92.9000015258789,93.12000274658203,14699300.0,89.15538787841797
2018-02-27,93.72000122070312,91.51000213623047,93.62999725341797,91.5199966430664,13376100.0,87.6235122680664
2018-02-28,92.0999984741211,90.0,92.0,90.01000213623047,14143700.0,86.17780303955078
2018-03-01,90.18000030517578,87.70999908447266,90.16999816894531,89.08000183105469,18909600.0,85.28739166259766
2018-03-02,88.9000015258789,87.23999786376953,87.2699966430664,88.7699966430664,19043400.0,84.99060821533203
2018-03-05,90.5,88.06999969482422,88.13999938964844,89.9800033569336,13383200.0,86.14908599853516
2018-03-06,90.5,88.62999725341797,90.3499984741211,89.05999755859375,11054700.0,85.26824951171875
2018-03-07,88.52999877929688,87.33999633789062,87.9800033569336,87.73999786376953,11453000.0,84.00444030761719
2018-03-08,88.12999725341797,87.33999633789062,87.7699966430664,87.91999816894531,9588700.0,84.67864990234375
2018-03-09,88.72000122070312,87.52999877929688,88.23999786376953,88.72000122070312,9754400.0,85.44915008544922
2018-03-12,89.44000244140625,87.87999725341797,88.69999694824219,88.06999969482422,8474000.0,84.8231201171875
2018-03-13,88.9000015258789,87.9800033569336,88.38999938964844,88.30000305175781,7173000.0,85.04463958740234
2018-03-14,88.98999786376953,87.5,88.51000213623047,87.66999816894531,11040600.0,84.43785858154297
2018-03-15,88.79000091552734,85.9000015258789,87.68000030517578,87.51000213623047,16615200.0,84.28375244140625
2018-03-16,90.08999633789062,87.5,87.72000122070312,89.16999816894531,28396000.0,85.88256072998047
2018-03-19,89.08000183105469,87.0999984741211,88.91000366210938,87.44999694824219,12053400.0,84.22596740722656
2018-03-20,88.1500015258789,87.37000274658203,87.86000061035156,87.94999694824219,8258000.0,84.70752716064453
2018-03-21,89.68000030517578,87.68000030517578,87.88999938964844,88.18000030517578,11836000.0,84.92906188964844
2018-03-22,88.2699966430664,86.98999786376953,87.52999877929688,87.13999938964844,12248200.0,83.9273910522461
2018-03-23,87.69000244140625,85.27999877929688,87.3499984741211,85.41999816894531,10125100.0,82.27081298828125
2018-03-26,87.69000244140625,86.11000061035156,86.22000122070312,87.5,9199800.0,84.27412414550781
2018-03-27,88.04000091552734,85.4800033569336,87.95999908447266,86.05000305175781,6545800.0,82.87759399414062
2018-03-28,88.23999786376953,86.19000244140625,86.26000213623047,87.7699966430664,11576300.0,84.5341796875
2018-03-29,89.33999633789062,87.7699966430664,87.9000015258789,88.97000122070312,9274600.0,85.68993377685547
2018-04-02,88.23999786376953,84.83999633789062,88.0,85.55000305175781,19128900.0,82.39602661132812
2018-04-03,86.94999694824219,85.55000305175781,86.25,86.80000305175781,9695500.0,83.59994506835938
2018-04-04,87.5,85.44000244140625,85.5999984741211,87.22000122070312,6536600.0,84.00445556640625
2018-04-05,88.3499984741211,87.05000305175781,87.5999984741211,87.80999755859375,6380900.0,84.57270050048828
2018-04-06,87.9000015258789,86.12999725341797,86.83000183105469,86.69000244140625,6350000.0,83.4939956665039
2018-04-09,87.44999694824219,86.23999786376953,86.8499984741211,86.27999877929688,8368100.0,83.09910583496094
2018-04-10,87.0999984741211,85.66000366210938,86.83999633789062,86.44999694824219,9127400.0,83.2628402709961
2018-04-11,86.86000061035156,85.80000305175781,86.0,85.91000366210938,6279000.0,82.74275970458984
2018-04-12,86.83000183105469,85.41000366210938,86.19000244140625,85.43000030517578,6856300.0,82.28044891357422
2018-04-13,86.2699966430664,85.19000244140625,85.88999938964844,86.0199966430664,7559200.0,82.84867858886719
2018-04-16,87.6500015258789,86.12000274658203,86.19999694824219,86.83999633789062,7020700.0,83.6384506225586
2018-04-17,88.16999816894531,87.41000366210938,87.4800033569336,87.9000015258789,6801900.0,84.65939331054688
2018-04-18,88.55999755859375,87.51000213623047,88.19999694824219,87.56999969482422,5854000.0,84.341552734375
2018-04-19,88.04000091552734,86.58000183105469,87.41000366210938,87.88999938964844,6588300.0,84.6497573852539
2018-04-20,88.37999725341797,86.66999816894531,87.87000274658203,86.9800033569336,8324900.0,83.77330780029297
2018-04-23,87.08000183105469,86.0199966430664,86.88999938964844,86.0999984741211,7360500.0,82.92574310302734
2018-04-24,86.91000366210938,85.56999969482422,86.7699966430664,86.52999877929688,8469700.0,83.33988952636719
2018-04-25,87.69999694824219,85.88999938964844,86.31999969482422,87.16999816894531,6760400.0,83.956298828125
2018-04-26,88.31999969482422,86.9000015258789,87.16999816894531,87.94000244140625,5782500.0,84.69791412353516
2018-04-27,87.9000015258789,87.08000183105469,87.87000274658203,87.29000091552734,5651100.0,84.0718765258789
2018-04-30,89.66000366210938,87.91999816894531,87.94000244140625,88.45999908447266,8685900.0,85.19873809814453
2018-05-01,88.01000213623047,86.3499984741211,87.66999816894531,87.41000366210938,6957700.0,84.18745422363281
2018-05-02,87.25,86.16000366210938,87.12999725341797,86.33999633789062,6083000.0,83.15689849853516
2018-05-03,86.29000091552734,85.12000274658203,86.19000244140625,86.2300033569336,6876100.0,83.05096435546875
2018-05-04,88.0999984741211,85.36000061035156,86.0,87.52999877929688,6971500.0,84.30302429199219
2018-05-07,87.5,85.2699966430664,87.48999786376953,85.47000122070312,10783600.0,82.3189697265625
2018-05-08,85.8499984741211,84.91999816894531,85.5199966430664,85.73999786376953,6551400.0,82.57901000976562
2018-05-09,83.68000030517578,82.0,82.55999755859375,83.05999755859375,32265200.0,79.99781799316406
2018-05-10,83.7699966430664,82.01000213623047,82.63999938964844,82.69000244140625,15857600.0,80.14319610595703
2018-05-11,83.5199966430664,81.94999694824219,82.69000244140625,83.37999725341797,9934800.0,80.81195068359375
2018-05-14,84.79000091552734,83.6500015258789,83.88999938964844,84.38999938964844,9499200.0,81.79082489013672
2018-05-15,84.87999725341797,83.80000305175781,84.05999755859375,84.5199966430664,9322900.0,81.91683197021484
2018-05-16,86.12999725341797,84.73999786376953,84.87000274658203,86.12999725341797,13733600.0,83.47724914550781
2018-05-17,87.58999633789062,83.8499984741211,87.04000091552734,84.48999786376953,29720700.0,81.88775634765625
2018-05-18,84.44000244140625,83.48999786376953,84.23999786376953,83.63999938964844,12043100.0,81.06393432617188
2018-05-21,84.54000091552734,83.81999969482422,84.13999938964844,84.51000213623047,10715700.0,81.90715026855469
2018-05-22,84.80999755859375,83.29000091552734,84.5,83.37000274658203,8067300.0,80.80226135253906
2018-05-23,83.0199966430664,82.16999816894531,82.94999694824219,83.01000213623047,9399200.0,80.4533462524414
2018-05-24,83.0,81.77999877929688,83.0,82.8499984741211,8576200.0,80.29826354980469
2018-05-25,83.33999633789062,82.31999969482422,82.8499984741211,82.45999908447266,5913500.0,79.9202880859375
2018-05-29,82.5199966430664,81.80999755859375,81.95999908447266,82.4000015258789,8428200.0,79.86212921142578
2018-05-30,84.2300033569336,82.26000213623047,82.44999694824219,84.12000274658203,9314100.0,81.5291519165039
2018-05-31,84.30999755859375,82.51000213623047,83.94000244140625,82.54000091552734,11468700.0,79.99781799316406
2018-06-01,83.41999816894531,82.8499984741211,83.04000091552734,82.98999786376953,5237900.0,80.4339599609375
2018-06-04,85.5199966430664,83.30000305175781,83.5,85.41999816894531,10922000.0,82.78911590576172
2018-06-05,85.47000122070312,84.25,85.44999694824219,84.62000274658203,8281400.0,82.01376342773438
2018-06-06,85.1500015258789,84.3499984741211,84.94999694824219,84.55999755859375,7362800.0,81.95559692382812
2018-06-07,85.76000213623047,84.69000244140625,84.77999877929688,84.94999694824219,7705700.0,82.3335952758789
2018-06-08,85.19000244140625,84.13999938964844,84.77999877929688,84.36000061035156,7602400.0,81.76176452636719
2018-06-11,84.54000091552734,83.79000091552734,84.41000366210938,84.30000305175781,6252300.0,81.70361328125
2018-06-12,84.58999633789062,83.47000122070312,84.31999969482422,84.0999984741211,8061700.0,81.50977325439453
2018-06-13,84.37000274658203,83.8499984741211,83.88999938964844,84.08999633789062,6358400.0,81.50007629394531
2018-06-14,84.80999755859375,83.66999816894531,84.22000122070312,83.79000091552734,7517400.0,81.20932006835938
2018-06-15,83.98999786376953,83.05999755859375,83.5,83.69999694824219,12503000.0,81.12208557128906
2018-06-18,83.56999969482422,82.81999969482422,83.05000305175781,83.0,8502300.0,80.44364166259766
2018-06-19,83.62000274658203,82.37000274658203,82.5999984741211,83.61000061035156,9352500.0,81.03486633300781
2018-06-20,83.81999969482422,83.16000366210938,83.70999908447266,83.61000061035156,7966600.0,81.03486633300781
2018-06-21,84.55000305175781,82.9000015258789,83.4000015258789,84.20999908447266,8092000.0,81.61637115478516
2018-06-22,84.8499984741211,84.0999984741211,84.45999908447266,84.81999969482422,10813000.0,82.20759582519531
2018-06-25,86.5999984741211,84.4800033569336,84.58999633789062,86.47000122070312,15939500.0,83.8067855834961
2018-06-26,87.05000305175781,85.76000213623047,86.52999877929688,85.9800033569336,10126200.0,83.33187103271484
2018-06-27,87.48999786376953,85.55000305175781,85.9000015258789,86.88999938964844,10299700.0,84.2138442993164
2018-06-28,87.29000091552734,85.69000244140625,86.8499984741211,85.86000061035156,8467000.0,83.21556091308594
2018-06-29,86.19999694824219,85.5199966430664,85.9000015258789,85.6500015258789,8255600.0,83.01203918457031
2018-07-02,85.94000244140625,83.4000015258789,85.6500015258789,84.0,8125100.0,81.41284942626953
2018-07-03,85.05000305175781,84.08999633789062,84.08999633789062,84.44000244140625,4396200.0,81.83930206298828
2018-07-05,85.58000183105469,84.2699966430664,84.94000244140625,84.56999969482422,5367500.0,81.96528625488281
2018-07-06,84.87000274658203,83.81999969482422,84.19999694824219,84.51000213623047,5613700.0,81.90715026855469
2018-07-09,86.47000122070312,84.7699966430664,85.0,85.93000030517578,6575400.0,83.28340911865234
2018-07-10,87.33000183105469,85.87999725341797,85.93000030517578,87.20999908447266,6048400.0,84.52398681640625
2018-07-11,87.1500015258789,86.38999938964844,87.05999755859375,86.52999877929688,5595900.0,83.86493682861328
2018-07-12,87.41000366210938,86.22000122070312,86.94000244140625,86.5199966430664,4888600.0,83.85523223876953
2018-07-13,87.98999786376953,86.5,86.5199966430664,87.69999694824219,6388600.0,84.99889373779297
2018-07-16,87.72000122070312,86.83000183105469,87.62000274658203,87.63999938964844,4447200.0,84.94073486328125
2018-07-17,88.69999694824219,87.4000015258789,87.4000015258789,88.19000244140625,5911500.0,85.47379302978516
2018-07-18,89.19000244140625,87.94000244140625,88.33000183105469,88.06999969482422,5045500.0,85.35750579833984
2018-07-19,88.4800033569336,87.41000366210938,87.86000061035156,87.72000122070312,4883100.0,85.01827239990234
2018-07-20,88.16999816894531,87.19999694824219,87.4000015258789,88.05999755859375,4815100.0,85.3478012084961
2018-07-23,88.1500015258789,87.37999725341797,87.6500015258789,87.62999725341797,4150000.0,84.93104553222656
2018-07-24,88.5,87.61000061035156,88.12000274658203,87.95999908447266,5589500.0,85.25088500976562
2018-07-25,88.0199966430664,87.11000061035156,87.2699966430664,87.9000015258789,5809100.0,85.19274139404297
2018-07-26,89.43000030517578,88.18000030517578,88.5,88.2300033569336,6548300.0,85.5125732421875
2018-07-27,88.87999725341797,88.02999877929688,88.63999938964844,88.12999725341797,4679400.0,85.4156494140625
2018-07-30,88.94000244140625,87.88999938964844,88.0,88.87999725341797,6010700.0,86.14254760742188
2018-07-31,89.66000366210938,88.80000305175781,89.0,89.2300033569336,6708100.0,86.48177337646484
2018-08-01,89.12999725341797,87.87999725341797,88.86000061035156,88.23999786376953,5050000.0,85.52226257324219
2018-08-02,88.83999633789062,87.62000274658203,87.94000244140625,88.76000213623047,4306100.0,86.02625274658203
2018-08-03,90.27999877929688,89.0,89.19000244140625,89.5999984741211,5747200.0,86.84037017822266
2018-08-06,89.9800033569336,89.12999725341797,89.30999755859375,89.66999816894531,4651600.0,86.90821838378906
2018-08-07,90.36000061035156,89.6500015258789,89.83000183105469,89.7699966430664,4526700.0,87.00514221191406
2018-08-08,90.2300033569336,89.37000274658203,89.97000122070312,90.05000305175781,5041100.0,87.27651977539062
2018-08-09,89.62999725341797,88.76000213623047,89.45999908447266,89.01000213623047,4727900.0,86.76960754394531
2018-08-10,90.37000274658203,88.6500015258789,88.69999694824219,90.18000030517578,8244900.0,87.91015625
2018-08-13,90.54000091552734,89.37000274658203,90.19999694824219,89.63999938964844,5879200.0,87.38374328613281
2018-08-14,91.12000274658203,89.62999725341797,89.63999938964844,90.8499984741211,5836800.0,88.56327819824219
2018-08-15,90.41000366210938,89.66999816894531,90.25,90.22000122070312,8616900.0,87.94915008544922
2018-08-16,100.20999908447266,97.91000366210938,100.11000061035156,98.63999938964844,42631300.0,96.15721130371094
2018-08-17,99.66999816894531,97.61000061035156,97.7699966430664,97.8499984741211,16463300.0,95.38709259033203
2018-08-20,98.29000091552734,95.94999694824219,97.66999816894531,96.0,12679300.0,93.58365631103516
2018-08-21,96.36000061035156,95.36000061035156,95.95999908447266,96.08000183105469,10531300.0,93.6616439819336
2018-08-22,96.8499984741211,95.2300033569336,96.19999694824219,95.66999816894531,7765700.0,93.261962890625
2018-08-23,95.86000061035156,95.05999755859375,95.5,95.18000030517578,6096400.0,92.7843017578125
2018-08-24,95.66000366210938,94.3499984741211,95.08999633789062,94.94999694824219,8594300.0,92.56008911132812
2018-08-27,95.61000061035156,94.29000091552734,95.26000213623047,94.54000091552734,7040300.0,92.16041564941406
2018-08-28,96.3499984741211,94.52999877929688,94.7699966430664,96.06999969482422,9983000.0,93.65189361572266
2018-08-29,96.83000183105469,95.52999877929688,96.27999877929688,95.63999938964844,7862800.0,93.23271942138672
2018-08-30,96.5,95.44999694824219,95.5,96.0999984741211,7058700.0,93.68114471435547
2018-08-31,96.44000244140625,95.11000061035156,96.19000244140625,95.86000061035156,6324700.0,93.44718933105469
2018-09-04,96.2699966430664,95.23999786376953,95.80000305175781,95.36000061035156,8280700.0,92.95976257324219
2018-09-05,96.83000183105469,95.36000061035156,95.66999816894531,96.62000274658203,9474600.0,94.18806457519531
2018-09-06,96.72000122070312,96.01000213623047,96.52999877929688,96.44999694824219,6150800.0,94.02233123779297
2018-09-07,96.4800033569336,95.63999938964844,95.80000305175781,95.83000183105469,6672400.0,93.41793823242188
2018-09-10,97.19000244140625,96.08999633789062,96.11000061035156,96.9000015258789,8332600.0,94.46101379394531
2018-09-11,97.66000366210938,96.48999786376953,97.2699966430664,96.63999938964844,6463500.0,94.20755767822266
2018-09-12,96.73999786376953,95.93000030517578,96.26000213623047,95.97000122070312,5900000.0,93.55442810058594
2018-09-13,95.62000274658203,94.91000366210938,95.31999969482422,95.12000274658203,7652900.0,92.7258071899414
2018-09-14,94.83999633789062,94.3499984741211,94.52999877929688,94.58999633789062,6319400.0,92.20915222167969
2018-09-17,95.4800033569336,94.37000274658203,94.75,94.81999969482422,5329800.0,92.4333724975586
2018-09-18,95.58999633789062,94.1500015258789,94.45999908447266,95.43000030517578,6759800.0,93.02800750732422
2018-09-19,95.88999938964844,94.87999725341797,95.56999969482422,95.23999786376953,5675100.0,92.84278869628906
2018-09-20,95.79000091552734,94.94999694824219,95.3499984741211,95.75,5552300.0,93.3399658203125
2018-09-21,96.29000091552734,95.62999725341797,95.91999816894531,95.9000015258789,9530100.0,93.4861831665039
2018-09-24,96.0,94.86000061035156,95.44000244140625,94.91999816894531,5337000.0,92.53084564208984
2018-09-25,96.5199966430664,94.98999786376953,95.98999786376953,95.0999984741211,6193200.0,92.70631408691406
2018-09-26,95.58999633789062,94.5199966430664,95.0999984741211,94.58999633789062,5918600.0,92.20915222167969
2018-09-27,94.95999908447266,93.81999969482422,94.19000244140625,94.12999725341797,5363400.0,91.76073455810547
2018-09-28,94.37000274658203,93.69000244140625,94.27999877929688,93.91000366210938,6306300.0,91.54627227783203
2018-10-01,94.66000366210938,94.04000091552734,94.29000091552734,94.4000015258789,4994300.0,92.02393341064453
2018-10-02,95.61000061035156,93.8499984741211,93.93000030517578,95.1500015258789,7754600.0,92.75505828857422
2018-10-03,95.54000091552734,94.04000091552734,95.5,94.06999969482422,6327400.0,91.70223999023438
2018-10-04,94.5,93.19999694824219,94.06999969482422,94.20999908447266,6045300.0,91.83871459960938
2018-10-05,94.19000244140625,92.88999938964844,93.86000061035156,93.30999755859375,6693400.0,90.96137237548828
2018-10-08,94.93000030517578,93.0199966430664,93.25,94.69000244140625,5762600.0,92.30663299560547
2018-10-09,97.73999786376953,95.19000244140625,95.63999938964844,97.08000183105469,11598900.0,94.63648223876953
2018-10-10,97.8499984741211,95.69999694824219,96.5999984741211,95.76000213623047,9002800.0,93.3497085571289
2018-10-11,96.29000091552734,93.5999984741211,95.80999755859375,93.91999816894531,9926500.0,91.55601501464844
2018-10-12,95.16999816894531,93.66999816894531,94.76000213623047,94.80999755859375,8553900.0,92.42361450195312
2018-10-15,94.98999786376953,93.81999969482422,94.5,93.81999969482422,8305500.0,91.45852661132812
2018-10-16,96.06999969482422,94.33999633789062,94.69999694824219,95.80999755859375,11241700.0,93.3984375
2018-10-17,96.62000274658203,94.9000015258789,95.18000030517578,96.55999755859375,9539400.0,94.12956237792969
2018-10-18,97.25,95.73999786376953,96.4000015258789,96.16999816894531,11398400.0,93.74938201904297
2018-10-19,97.6500015258789,96.0,96.0,97.1500015258789,8950700.0,94.70471954345703
2018-10-22,97.58000183105469,96.73999786376953,97.33999633789062,97.13999938964844,7122900.0,94.6949691772461
2018-10-23,97.98999786376953,96.11000061035156,96.5,97.80000305175781,9405800.0,95.33836364746094
2018-10-24,99.16999816894531,97.27999877929688,97.5,97.55999755859375,10364700.0,95.1043930053711
2018-10-25,99.4800033569336,97.0,98.01000213623047,99.18000030517578,10737100.0,96.68362426757812
2018-10-26,99.66999816894531,98.0199966430664,98.80999755859375,98.94000244140625,14925600.0,96.44966125488281
2018-10-29,101.7300033569336,99.08999633789062,99.51000213623047,99.80000305175781,12706100.0,97.28801727294922
2018-10-30,102.5999984741211,100.05999755859375,100.20999908447266,102.41999816894531,12708500.0,99.84207153320312
2018-10-31,102.48999786376953,100.12000274658203,102.48999786376953,100.27999877929688,12354900.0,97.75592803955078
2018-11-01,101.16999816894531,99.72000122070312,99.95999908447266,100.58000183105469,7735100.0,98.04839324951172
2018-11-02,101.56999969482422,100.30999755859375,100.87999725341797,101.33999633789062,7303200.0,98.78925323486328
2018-11-05,103.16999816894531,100.62999725341797,101.19000244140625,102.91000366210938,7616800.0,100.31974792480469
2018-11-06,103.44000244140625,102.05000305175781,102.54000091552734,103.33000183105469,6368700.0,100.72917175292969
2018-11-07,104.47000122070312,103.05000305175781,103.66000366210938,104.31999969482422,8672600.0,101.69424438476562
2018-11-08,105.26000213623047,104.02999877929688,104.33000183105469,104.87999725341797,5961400.0,102.24015045166016
2018-11-09,105.9000015258789,104.80999755859375,105.0,105.55999755859375,8450400.0,102.90303802490234
2018-11-12,106.20999908447266,103.6500015258789,105.5,103.87000274658203,8943100.0,101.25557708740234
2018-11-13,104.1500015258789,102.54000091552734,103.66999816894531,102.94000244140625,7956700.0,100.3489761352539
2018-11-14,103.1500015258789,101.01000213623047,103.0,101.52999877929688,10481900.0,98.97447204589844
2018-11-15,102.80000305175781,98.62000274658203,102.31999969482422,99.54000091552734,16082600.0,97.03456115722656
2018-11-16,99.41999816894531,96.91999816894531,98.81999969482422,97.69000244140625,14235200.0,95.23112487792969
2018-11-19,98.25,96.43000030517578,97.94000244140625,96.77999877929688,9214400.0,94.34403228759766
2018-11-20,95.19999694824219,93.5999984741211,94.9800033569336,94.16000366210938,12620600.0,91.78997802734375
2018-11-21,94.91999816894531,93.30999755859375,94.36000061035156,94.16999816894531,9350900.0,91.79972076416016
2018-11-23,95.55000305175781,94.12999725341797,94.12999725341797,95.0999984741211,4890000.0,92.70631408691406
2018-11-26,96.06999969482422,94.73999786376953,95.69000244140625,95.1500015258789,10034600.0,92.75505828857422
2018-11-27,95.54000091552734,94.41000366210938,94.98999786376953,95.04000091552734,9042300.0,92.6478271484375
2018-11-28,97.62000274658203,95.05000305175781,95.44999694824219,97.45999908447266,10070800.0,95.00691986083984
2018-11-29,97.83000183105469,96.73999786376953,97.0199966430664,97.29000091552734,6241300.0,94.84119415283203
2018-11-30,98.43000030517578,97.06999969482422,97.4000015258789,97.6500015258789,10664000.0,95.19213104248047
2018-12-03,99.58999633789062,97.66999816894531,98.0199966430664,98.75,9082100.0,96.26445007324219
2018-12-04,98.95999908447266,95.61000061035156,98.25,95.80999755859375,10426300.0,93.3984375
2018-12-06,95.41000366210938,93.0999984741211,94.94000244140625,94.7699966430664,10367200.0,92.88875579833984
2018-12-07,95.12999725341797,92.44999694824219,94.5,93.19000244140625,8496500.0,91.34014129638672
2018-12-10,94.25,92.33999633789062,93.55999755859375,93.94000244140625,7276900.0,92.07524871826172
2018-12-11,94.48999786376953,93.25,94.25,93.8499984741211,6452500.0,91.98703002929688
2018-12-12,94.30000305175781,93.05999755859375,94.30000305175781,93.11000061035156,9639200.0,91.26172637939453
2018-12-13,93.68000030517578,92.43000030517578,93.25,92.95999908447266,8042300.0,91.11470031738281
2018-12-14,92.55999755859375,91.56999969482422,92.05000305175781,91.8499984741211,11493600.0,90.0267333984375
2018-12-17,92.01000213623047,90.16000366210938,91.22000122070312,90.7699966430664,9001800.0,88.9681625366211
2018-12-18,91.26000213623047,90.27999877929688,90.80000305175781,91.08000183105469,9606700.0,89.27202606201172
2018-12-19,93.0,90.25,91.29000091552734,90.55000305175781,12231500.0,88.75253295898438
2018-12-20,90.11000061035156,86.13999938964844,90.11000061035156,87.27999877929688,16373800.0,85.54745483398438
2018-12-21,89.47000122070312,86.80000305175781,86.87000274658203,87.12999725341797,14921500.0,85.40042877197266
2018-12-24,87.56999969482422,85.77999877929688,86.54000091552734,85.81999969482422,6110300.0,84.11642456054688
2018-12-26,90.41999816894531,86.30000305175781,86.41999816894531,90.41000366210938,10028300.0,88.61532592773438
2018-12-27,91.61000061035156,88.44000244140625,89.75,91.58999633789062,9881500.0,89.77188873291016
2018-12-28,93.47000122070312,91.6500015258789,92.06999969482422,92.12999725341797,9874000.0,90.3011703491211
2018-12-31,93.38999938964844,92.25,92.66999816894531,93.1500015258789,7005800.0,91.30091857910156
2019-01-02,93.6500015258789,91.63999938964844,91.63999938964844,93.33999633789062,8152700.0,91.48715209960938
2019-01-03,94.70999908447266,92.69999694824219,93.20999908447266,92.86000061035156,8277300.0,91.01668548583984
2019-01-04,93.66000366210938,92.69000244140625,93.20999908447266,93.44000244140625,8029100.0,91.58517456054688
2019-01-07,95.16999816894531,93.18000030517578,93.62000274658203,94.54000091552734,7789700.0,92.66333770751953
2019-01-08,95.76000213623047,93.91000366210938,95.05999755859375,95.19999694824219,7200900.0,93.31022644042969
2019-01-09,96.13999938964844,94.7699966430664,95.70999908447266,94.88999938964844,6272300.0,93.00638580322266
2019-01-10,94.9800033569336,93.12000274658203,93.87999725341797,94.95999908447266,9396300.0,93.07499694824219
2019-01-11,95.29000091552734,94.55000305175781,94.98999786376953,94.83999633789062,5394600.0,92.9573745727539
2019-01-14,95.44999694824219,94.27999877929688,94.4800033569336,94.94999694824219,7085100.0,93.06519317626953
2019-01-15,96.5999984741211,95.37999725341797,95.47000122070312,96.25,7058200.0,94.33939361572266
2019-01-16,96.86000061035156,95.83000183105469,95.93000030517578,96.3499984741211,5410000.0,94.4374008178711
2019-01-17,97.20999908447266,96.16000366210938,96.31999969482422,96.73999786376953,5614500.0,94.81966400146484
2019-01-18,98.19999694824219,96.8499984741211,96.94999694824219,97.7300033569336,6120600.0,95.7900161743164
2019-01-22,98.43000030517578,96.77999877929688,97.1500015258789,97.48999786376953,8063200.0,95.55477142333984
2019-01-23,99.3499984741211,97.52999877929688,98.87000274658203,98.70999908447266,8345800.0,96.75055694580078
2019-01-24,98.45999908447266,96.43000030517578,98.19999694824219,98.36000061035156,7609700.0,96.40750885009766
2019-01-25,98.91000366210938,96.75,98.75,96.94000244140625,7218200.0,95.01569366455078
2019-01-28,97.06999969482422,96.08000183105469,96.52999877929688,97.05999755859375,5875800.0,95.13330841064453
2019-01-29,97.16000366210938,96.51000213623047,96.7699966430664,96.70999908447266,5253400.0,94.7902603149414
2019-01-30,96.80000305175781,94.26000213623047,96.68000030517578,94.80000305175781,11849300.0,92.91818237304688
2019-01-31,96.87000274658203,94.62999725341797,94.62999725341797,95.83000183105469,14723000.0,93.927734375
2019-02-01,96.0,93.11000061035156,95.91999816894531,93.86000061035156,12591900.0,91.99683380126953
2019-02-04,94.7699966430664,93.3499984741211,93.86000061035156,94.7699966430664,7268600.0,92.88875579833984
2019-02-05,95.94000244140625,95.0199966430664,95.25,95.5999984741211,6099900.0,93.7022933959961
2019-02-06,96.01000213623047,95.22000122070312,95.43000030517578,95.63999938964844,4264900.0,93.74149322509766
2019-02-07,96.81999969482422,95.0,95.11000061035156,96.7300033569336,7010100.0,94.80986785888672
2019-02-08,96.69000244140625,95.13999938964844,96.33999633789062,95.58000183105469,6169200.0,93.68268585205078
2019-02-11,96.3499984741211,95.63999938964844,95.6500015258789,96.19999694824219,5542800.0,94.29037475585938
2019-02-12,97.16999816894531,96.5,96.81999969482422,96.97000122070312,5881300.0,95.04510498046875
2019-02-13,98.0,97.08999633789062,97.30000305175781,97.94000244140625,5458500.0,95.995849609375
2019-02-14,99.19999694824219,97.0199966430664,97.68000030517578,98.5199966430664,7200800.0,96.56432342529297
2019-02-15,100.0,98.86000061035156,98.9800033569336,99.98999786376953,9481000.0,98.0051498413086
2019-02-19,104.18000030517578,102.06999969482422,102.37999725341797,102.19999694824219,20697300.0,100.17127227783203
2019-02-20,102.33999633789062,98.6500015258789,101.80999755859375,99.87999725341797,17631800.0,97.89733123779297
2019-02-21,99.91999816894531,98.91000366210938,99.66000366210938,99.38999938964844,6413200.0,97.41706085205078
2019-02-22,100.16000366210938,99.13999938964844,99.81999969482422,99.55000305175781,8086900.0,97.5738754272461
2019-02-25,100.12999725341797,99.05000305175781,100.12000274658203,99.12000274658203,9235000.0,97.15242004394531
2019-02-26,99.05999755859375,97.87000274658203,99.0199966430664,98.69000244140625,8488100.0,96.73095703125
2019-02-27,98.38999938964844,97.58999633789062,98.12000274658203,98.11000061035156,7902300.0,96.16246795654297
2019-02-28,99.47000122070312,97.7699966430664,98.11000061035156,98.98999786376953,11375900.0,97.02499389648438
2019-03-01,99.55999755859375,97.12000274658203,99.47000122070312,97.93000030517578,10352500.0,95.98603820800781
2019-03-04,98.58999633789062,97.37000274658203,98.12000274658203,97.8499984741211,7683800.0,95.90762329101562
2019-03-05,99.19000244140625,98.08999633789062,98.12999725341797,98.33999633789062,6119300.0,96.38790893554688
2019-03-06,99.0,97.86000061035156,98.2699966430664,98.26000213623047,4696600.0,96.30949401855469
2019-03-07,98.19999694824219,97.23999786376953,97.70999908447266,97.44999694824219,6126600.0,95.51557159423828
2019-03-08,98.41999816894531,97.0,97.55000305175781,97.58999633789062,5659000.0,95.65279388427734
2019-03-11,98.58000183105469,97.81999969482422,98.04000091552734,98.4800033569336,5345300.0,96.52513122558594
2019-03-12,98.73999786376953,98.05000305175781,98.52999877929688,98.37000274658203,5070500.0,96.41731262207031
2019-03-13,99.3499984741211,98.38999938964844,98.69999694824219,99.02999877929688,5482300.0,97.064208984375
2019-03-14,98.43000030517578,97.58999633789062,98.41000366210938,98.22000122070312,4925800.0,96.78828430175781
2019-03-15,98.51000213623047,97.5999984741211,98.27999877929688,98.41999816894531,14600000.0,96.9853744506836
2019-03-18,99.7699966430664,98.26000213623047,98.30000305175781,99.66000366210938,5770100.0,98.2072982788086
2019-03-19,100.48999786376953,99.56999969482422,99.98999786376953,99.8499984741211,5414400.0,98.39453125
2019-03-20,99.55000305175781,98.54000091552734,99.19999694824219,98.63999938964844,6323100.0,97.20216369628906
2019-03-21,99.12999725341797,98.0999984741211,98.25,99.05999755859375,6551000.0,97.61603546142578
2019-03-22,99.52999877929688,97.94000244140625,98.58000183105469,98.27999877929688,6708100.0,96.847412109375
2019-03-25,98.62000274658203,97.62999725341797,97.80000305175781,98.16999816894531,5407400.0,96.739013671875
2019-03-26,98.8499984741211,98.02999877929688,98.36000061035156,98.31999969482422,4945900.0,96.8868179321289
2019-03-27,98.86000061035156,95.0,98.13999938964844,97.20999908447266,8471200.0,95.79300689697266
2019-03-28,97.87000274658203,96.52999877929688,97.58999633789062,97.12999725341797,8054300.0,95.71417236328125
2019-03-29,97.66999816894531,97.04000091552734,97.58999633789062,97.52999877929688,7439900.0,96.10834503173828
2019-04-01,98.36000061035156,97.55999755859375,97.97000122070312,97.81999969482422,8505800.0,96.39411163330078
2019-04-02,98.30999755859375,96.9000015258789,97.76000213623047,96.94000244140625,6274000.0,95.52694702148438
2019-04-03,97.4000015258789,96.79000091552734,97.12000274658203,97.19000244140625,5687500.0,95.77330780029297
2019-04-04,98.27999877929688,97.23999786376953,97.25,98.11000061035156,4026300.0,96.67988586425781
2019-04-05,99.19999694824219,98.16000366210938,98.25,98.83000183105469,4656000.0,97.38939666748047
2019-04-08,99.25,98.26000213623047,98.44999694824219,99.2300033569336,5422400.0,97.7835693359375
2019-04-09,99.2300033569336,98.1500015258789,98.80000305175781,98.69000244140625,4367500.0,97.25143432617188
2019-04-10,99.72000122070312,98.5,98.51000213623047,99.5999984741211,4091100.0,98.1481704711914
2019-04-11,100.83000183105469,99.47000122070312,99.69999694824219,100.80000305175781,5606900.0,99.3306884765625
2019-04-12,102.0199966430664,101.0,101.0,101.55999755859375,5162000.0,100.07958984375
2019-04-15,102.91000366210938,101.26000213623047,101.30000305175781,102.43000030517578,5111900.0,100.93692016601562
2019-04-16,103.38999938964844,102.54000091552734,102.88999938964844,102.93000030517578,4828400.0,101.42962646484375
2019-04-17,103.4000015258789,102.41000366210938,103.0,103.16000366210938,3729200.0,101.65628051757812
2019-04-18,103.80000305175781,102.88999938964844,103.11000061035156,103.18000030517578,3727800.0,101.67598724365234
2019-04-22,103.54000091552734,102.16999816894531,102.77999877929688,102.37000274658203,5079400.0,100.87779235839844
2019-04-23,103.29000091552734,101.94000244140625,102.52999877929688,103.06999969482422,5050800.0,101.56758117675781
2019-04-24,103.8499984741211,103.08999633789062,103.13999938964844,103.52999877929688,4697800.0,102.02088165283203
2019-04-25,104.1500015258789,102.83000183105469,103.23999786376953,103.5199966430664,3961100.0,102.01102447509766
2019-04-26,102.33999633789062,99.66000366210938,100.44999694824219,101.52999877929688,8107700.0,100.05004119873047
2019-04-29,102.0,100.77999877929688,101.87999725341797,101.55999755859375,6379700.0,100.07958984375
2019-04-30,102.91999816894531,101.44999694824219,101.7699966430664,102.83999633789062,6133600.0,101.3409423828125
2019-05-01,102.80999755859375,101.27999877929688,102.7699966430664,101.36000061035156,5337200.0,99.88251495361328
2019-05-02,102.05999755859375,100.23999786376953,101.43000030517578,101.1500015258789,5007000.0,99.67557525634766
2019-05-03,102.75,101.80000305175781,102.31999969482422,102.08000183105469,5316900.0,100.59202575683594
2019-05-06,102.55000305175781,100.54000091552734,100.75,102.45999908447266,4613700.0,100.96647644042969
2019-05-07,102.16999816894531,100.76000213623047,101.80000305175781,101.30000305175781,4575600.0,99.82339477539062
2019-05-08,101.04000091552734,99.86000061035156,100.25,100.30000305175781,5882000.0,98.83797454833984
2019-05-09,99.94000244140625,98.8499984741211,99.2699966430664,99.54000091552734,6240100.0,98.61011505126953
2019-05-10,102.11000061035156,99.69999694824219,99.76000213623047,101.91000366210938,8742700.0,100.95797729492188
2019-05-13,101.1500015258789,99.01000213623047,100.44999694824219,99.88999938964844,7361500.0,98.95684051513672
2019-05-14,100.87000274658203,99.88999938964844,100.13999938964844,100.29000091552734,6353700.0,99.35310363769531
2019-05-15,100.36000061035156,99.12999725341797,100.19999694824219,99.87999725341797,6740300.0,98.94692993164062
2019-05-16,103.95999908447266,100.83999633789062,102.83000183105469,101.30999755859375,17122000.0,100.36357116699219
2019-05-17,101.94999694824219,99.91000366210938,100.23999786376953,100.86000061035156,12371300.0,99.91778564453125
2019-05-20,101.9800033569336,100.25,100.38999938964844,101.5199966430664,7194100.0,100.57160949707031
2019-05-21,101.6500015258789,100.4000015258789,101.51000213623047,101.12000274658203,6889100.0,100.17536163330078
2019-05-22,102.43000030517578,101.05999755859375,101.5999984741211,102.2300033569336,7340900.0,101.27498626708984
2019-05-23,101.93000030517578,100.6500015258789,101.81999969482422,101.86000061035156,6454600.0,100.90843963623047
2019-05-24,102.88999938964844,102.08000183105469,102.18000030517578,102.66999816894531,4483200.0,101.71086883544922
2019-05-28,103.56999969482422,102.4000015258789,102.55999755859375,102.41999816894531,10271700.0,101.46321105957031
2019-05-29,102.87999725341797,101.47000122070312,102.11000061035156,102.12000274658203,6520200.0,101.166015625
2019-05-30,103.48999786376953,101.91000366210938,102.48999786376953,102.19000244140625,5019600.0,101.23535919189453
2019-05-31,102.0199966430664,100.5999984741211,101.3499984741211,101.44000244140625,5927500.0,100.49236297607422
2019-06-03,102.68000030517578,101.4000015258789,101.62999725341797,101.95999908447266,6614700.0,101.00750732421875
2019-06-04,102.6500015258789,101.44000244140625,102.61000061035156,102.55999755859375,5964900.0,101.60189819335938
2019-06-05,104.77999877929688,102.5999984741211,102.75,104.41999816894531,6902900.0,103.44451904296875
2019-06-06,105.66000366210938,104.19999694824219,104.48999786376953,105.11000061035156,8063700.0,104.1280746459961
2019-06-07,106.36000061035156,105.05000305175781,105.2300033569336,106.05999755859375,6809400.0,105.06919860839844
2019-06-10,107.77999877929688,106.37000274658203,106.4800033569336,107.5199966430664,6325700.0,106.51556396484375
2019-06-11,108.97000122070312,107.75,108.0,107.94000244140625,6747300.0,106.93164825439453
2019-06-12,108.91000366210938,107.91999816894531,107.91999816894531,108.81999969482422,4634500.0,107.80342102050781
2019-06-13,109.58000183105469,108.16999816894531,109.0,108.6500015258789,5485000.0,107.635009765625
2019-06-14,109.58999633789062,108.45999908447266,108.77999877929688,109.06999969482422,4525900.0,108.05108642578125
2019-06-17,109.55000305175781,108.26000213623047,109.12000274658203,109.16000366210938,4147000.0,108.14025115966797
2019-06-18,109.95999908447266,108.91000366210938,109.80000305175781,109.6500015258789,4911200.0,108.62567138671875
2019-06-19,109.83999633789062,108.87000274658203,109.80000305175781,109.62000274658203,3924600.0,108.59595489501953
2019-06-20,110.48999786376953,109.27999877929688,109.81999969482422,110.31999969482422,5001500.0,109.2894058227539
2019-06-21,112.19000244140625,110.26000213623047,110.33999633789062,111.12999725341797,13178600.0,110.09184265136719
2019-06-24,112.22000122070312,111.02999877929688,111.48999786376953,111.23999786376953,6032800.0,110.2008056640625
2019-06-25,111.43000030517578,110.4000015258789,110.87999725341797,110.72000122070312,6105000.0,109.68567657470703
2019-06-26,111.08000183105469,110.0999984741211,110.8499984741211,110.16000366210938,4161700.0,109.13091278076172
2019-06-27,110.51000213623047,108.86000061035156,110.05999755859375,110.0999984741211,5481300.0,109.07146453857422
2019-06-28,111.51000213623047,110.23999786376953,110.55000305175781,110.48999786376953,6506700.0,109.45781707763672
2019-07-01,111.97000122070312,110.0199966430664,111.30000305175781,110.62000274658203,5514700.0,109.58660888671875
2019-07-02,111.61000061035156,110.33999633789062,110.83000183105469,111.5999984741211,4062900.0,110.55744934082031
2019-07-03,112.4000015258789,111.0,111.18000030517578,112.31999969482422,3207300.0,111.27072143554688
2019-07-05,112.23999786376953,111.20999908447266,112.0,111.9800033569336,3579400.0,110.93389892578125
2019-07-08,112.93000030517578,111.69999694824219,111.91999816894531,112.72000122070312,4715700.0,111.66698455810547
2019-07-09,113.37999725341797,112.5999984741211,112.88999938964844,112.87999725341797,5423400.0,111.82549285888672
2019-07-10,113.61000061035156,112.38999938964844,113.12000274658203,112.9800033569336,4579000.0,111.924560546875
2019-07-11,113.94000244140625,113.0199966430664,113.33999633789062,113.91999816894531,3896600.0,112.85577392578125
2019-07-12,114.7699966430664,113.62000274658203,114.08999633789062,114.5999984741211,3743300.0,113.52942657470703
2019-07-15,115.08000183105469,114.44999694824219,114.66999816894531,114.9800033569336,3346000.0,113.90587615966797
2019-07-16,115.48999786376953,114.04000091552734,115.33000183105469,114.76000213623047,3488200.0,113.68793487548828
2019-07-17,115.16999816894531,114.19999694824219,114.80999755859375,114.5999984741211,2688500.0,113.52942657470703
2019-07-18,114.77999877929688,113.73999786376953,114.3499984741211,114.72000122070312,3224800.0,113.64830780029297
2019-07-19,115.30999755859375,113.86000061035156,115.0,113.9000015258789,3796300.0,112.83596801757812
2019-07-22,114.33999633789062,112.31999969482422,114.0999984741211,112.81999969482422,4516900.0,111.76605224609375
2019-07-23,113.19999694824219,111.56999969482422,113.12000274658203,112.08999633789062,5754200.0,111.0428695678711
2019-07-24,112.79000091552734,111.56999969482422,112.02999877929688,112.0,4177300.0,110.95372009277344
2019-07-25,112.38999938964844,111.66000366210938,112.18000030517578,112.22000122070312,3851500.0,111.17166137695312
2019-07-26,113.33999633789062,111.81999969482422,112.12000274658203,113.0199966430664,4729000.0,111.96418762207031
2019-07-29,112.9800033569336,111.76000213623047,112.83999633789062,112.2699966430664,3746600.0,111.22119140625
2019-07-30,112.4000015258789,111.66999816894531,112.05999755859375,112.05999755859375,2917500.0,111.01315307617188
2019-07-31,112.33999633789062,109.62999725341797,111.91000366210938,110.37999725341797,6211300.0,109.34884643554688
2019-08-01,112.16999816894531,109.31999969482422,110.31999969482422,109.37999725341797,7455000.0,108.35818481445312
2019-08-02,110.13999938964844,108.1500015258789,109.73999786376953,109.4000015258789,5656700.0,108.37799835205078
2019-08-05,108.0,105.58999633789062,108.0,105.81999969482422,7570000.0,104.83145141601562
2019-08-06,107.83999633789062,105.58999633789062,106.19000244140625,107.2699966430664,7016400.0,106.26789855957031
2019-08-07,108.63999938964844,105.91999816894531,107.0199966430664,108.19999694824219,7278500.0,107.189208984375
2019-08-08,108.83999633789062,107.7699966430664,108.01000213623047,108.5199966430664,4374400.0,108.03540802001953
2019-08-09,108.45999908447266,106.70999908447266,108.05999755859375,107.27999877929688,4193500.0,106.80094909667969
2019-08-12,106.83999633789062,104.83999633789062,106.72000122070312,105.22000122070312,5305000.0,104.75015258789062
2019-08-13,108.11000061035156,104.8499984741211,105.25,107.41000366210938,6675300.0,106.93037414550781
2019-08-14,108.05999755859375,105.13999938964844,105.4800033569336,106.19999694824219,9312800.0,105.72576904296875
2019-08-15,113.63999938964844,110.16000366210938,112.52999877929688,112.69000244140625,19812900.0,112.18679809570312
2019-08-16,114.93000030517578,112.05999755859375,114.08000183105469,112.98999786376953,10965200.0,112.4854507446289
2019-08-19,114.77999877929688,113.5999984741211,114.3499984741211,113.80999755859375,7178100.0,113.30178833007812
2019-08-20,114.04000091552734,112.01000213623047,113.86000061035156,112.05000305175781,6112300.0,111.54965209960938
2019-08-21,114.06999969482422,111.87999725341797,113.9800033569336,112.0199966430664,8156400.0,111.51978302001953
2019-08-22,112.79000091552734,111.3499984741211,112.19999694824219,111.91000366210938,5995400.0,111.4102783203125
2019-08-23,111.91000366210938,110.12999725341797,111.62000274658203,110.83000183105469,6236700.0,110.33509826660156
2019-08-26,112.2699966430664,111.22000122070312,111.55999755859375,111.98999786376953,5935700.0,111.48991394042969
2019-08-27,112.80999755859375,111.51000213623047,112.41999816894531,112.41999816894531,5733700.0,111.91799926757812
2019-08-28,113.08000183105469,111.68000030517578,112.27999877929688,112.72000122070312,5371000.0,112.21665954589844
2019-08-29,114.58999633789062,113.30999755859375,114.19999694824219,114.08000183105469,5270500.0,113.57058715820312
2019-08-30,115.37999725341797,113.9000015258789,115.0,114.26000213623047,5705300.0,113.74978637695312
2019-09-03,115.30999755859375,113.48999786376953,113.68000030517578,114.63999938964844,5942700.0,114.12808227539062
2019-09-04,115.95999908447266,114.81999969482422,115.69000244140625,115.91000366210938,5782900.0,115.39241790771484
2019-09-05,117.95999908447266,115.2699966430664,117.66999816894531,115.44000244140625,5826400.0,114.92451477050781
2019-09-06,115.75,114.62000274658203,115.44000244140625,114.7300033569336,4346400.0,114.21768951416016
2019-09-09,116.61000061035156,114.4000015258789,114.5,116.33000183105469,5973700.0,115.81053924560547
2019-09-10,116.95999908447266,115.4800033569336,115.98999786376953,116.05000305175781,4857400.0,115.53179168701172
2019-09-11,116.69999694824219,115.22000122070312,116.0,116.0199966430664,5284100.0,115.50192260742188
2019-09-12,117.06999969482422,115.9000015258789,116.6500015258789,116.91999816894531,4474300.0,116.39790344238281
2019-09-13,118.19000244140625,116.94999694824219,117.16000366210938,117.43000030517578,5638600.0,116.90563201904297
2019-09-16,117.16999816894531,115.37999725341797,116.54000091552734,115.56999969482422,6090300.0,115.0539321899414
2019-09-17,116.69000244140625,115.25,115.31999969482422,116.51000213623047,4604500.0,115.98973846435547
2019-09-18,117.2300033569336,116.18000030517578,116.91000366210938,117.16000366210938,3956000.0,116.6368408203125
2019-09-19,117.80999755859375,116.7699966430664,117.4000015258789,117.11000061035156,3380600.0,116.5870590209961
2019-09-20,117.63999938964844,116.80000305175781,117.3499984741211,116.9800033569336,11332400.0,116.4576416015625
2019-09-23,118.41000366210938,116.55999755859375,116.61000061035156,117.62000274658203,5162500.0,117.09477996826172
2019-09-24,119.86000061035156,118.01000213623047,118.25,118.4000015258789,7273100.0,117.87129974365234
2019-09-25,118.72000122070312,117.80999755859375,118.47000122070312,118.47000122070312,4613600.0,117.94098663330078
2019-09-26,119.55000305175781,118.19000244140625,118.80000305175781,118.30000305175781,3986900.0,117.77174377441406
2019-09-27,119.2300033569336,117.75,119.20999908447266,118.44999694824219,3434700.0,117.92107391357422
2019-09-30,119.44000244140625,118.55999755859375,118.66999816894531,118.68000030517578,3401400.0,118.1500473022461
2019-10-01,119.11000061035156,117.72000122070312,118.8499984741211,117.8499984741211,3729300.0,117.3237533569336
2019-10-02,117.55000305175781,115.61000061035156,117.4000015258789,116.12000274658203,5944500.0,115.60147857666016
2019-10-03,116.80000305175781,114.58000183105469,115.87999725341797,116.30999755859375,5206500.0,115.7906265258789
2019-10-04,118.30000305175781,116.19000244140625,116.4000015258789,118.16000366210938,4627000.0,117.63236999511719
2019-10-07,118.30000305175781,116.87999725341797,118.0999984741211,117.2300033569336,4695000.0,116.70652770996094
2019-10-08,118.66999816894531,116.66000366210938,116.80999755859375,117.58000183105469,5125100.0,117.05496215820312
2019-10-09,119.30000305175781,118.0199966430664,118.18000030517578,118.93000030517578,3903400.0,118.39893341064453
2019-10-10,119.87999725341797,118.5999984741211,118.9000015258789,119.61000061035156,4341500.0,119.07589721679688
2019-10-11,120.70999908447266,118.72000122070312,119.91999816894531,120.23999786376953,6127900.0,119.70307922363281
2019-10-14,120.45999908447266,119.0999984741211,119.8499984741211,119.16999816894531,4573300.0,118.63785552978516
2019-10-15,119.98999786376953,118.87000274658203,119.33000183105469,119.52999877929688,4516700.0,118.99624633789062
2019-10-16,120.11000061035156,119.0999984741211,119.30999755859375,119.41999816894531,3781600.0,118.8867416381836
2019-10-17,120.25,119.36000061035156,119.66999816894531,119.83999633789062,3910900.0,119.30486297607422
2019-10-18,120.5999984741211,119.12999725341797,120.44999694824219,119.13999938964844,5592300.0,118.60799407958984
2019-10-21,119.83000183105469,118.81999969482422,119.30000305175781,119.73999786376953,3410100.0,119.20530700683594
2019-10-22,120.16999816894531,119.38999938964844,119.75,119.58000183105469,2544700.0,119.04602813720703
2019-10-23,119.8499984741211,118.69000244140625,119.16999816894531,119.3499984741211,2840000.0,118.81705474853516
2019-10-24,119.56999969482422,118.51000213623047,119.1500015258789,119.0999984741211,2900300.0,118.56816864013672
2019-10-25,119.33000183105469,118.19999694824219,119.0,119.04000091552734,2564100.0,118.50843811035156
2019-10-28,119.69999694824219,118.52999877929688,119.25,119.22000122070312,3404300.0,118.68763732910156
2019-10-29,118.7300033569336,117.08000183105469,118.5,117.1500015258789,4791100.0,116.62687683105469
2019-10-30,118.37000274658203,117.05000305175781,117.18000030517578,118.0999984741211,2996000.0,117.5726318359375
2019-10-31,118.27999877929688,116.83000183105469,117.93000030517578,117.26000213623047,4881300.0,116.73638916015625
2019-11-01,117.97000122070312,117.2300033569336,117.91999816894531,117.62000274658203,3762600.0,117.09477996826172
2019-11-04,119.11000061035156,117.16999816894531,118.4000015258789,117.56999969482422,4646000.0,117.04500579833984
2019-11-05,119.13999938964844,117.08000183105469,117.68000030517578,118.86000061035156,4217100.0,118.3292465209961
2019-11-06,119.62000274658203,118.70999908447266,118.83000183105469,119.5,3614400.0,118.96638488769531
2019-11-07,120.91999816894531,119.54000091552734,120.0,120.2300033569336,4441400.0,119.69313049316406
2019-11-08,120.87999725341797,118.94000244140625,120.30999755859375,119.44000244140625,3832700.0,118.90665435791016
2019-11-11,119.62999725341797,118.27999877929688,118.69999694824219,119.04000091552734,4439000.0,118.50843811035156
2019-11-12,120.0,118.80999755859375,119.5999984741211,119.12000274658203,5063100.0,118.58808135986328
2019-11-13,121.36000061035156,118.66000366210938,119.16000366210938,120.9800033569336,7711800.0,120.43978118896484
2019-11-14,125.37999725341797,119.51000213623047,124.5999984741211,120.6500015258789,22504200.0,120.11125183105469
2019-11-15,121.0,118.37999725341797,120.68000030517578,118.87000274658203,10137700.0,118.33920288085938
2019-11-18,120.87000274658203,118.23999786376953,118.44999694824219,120.25,6548000.0,119.7130355834961
2019-11-19,120.36000061035156,119.70999908447266,120.11000061035156,119.88999938964844,3715400.0,119.35464477539062
2019-11-20,120.4800033569336,118.4000015258789,120.20999908447266,119.12999725341797,5075900.0,118.59803771972656
2019-11-21,120.0,118.66999816894531,118.83000183105469,119.86000061035156,4302400.0,119.32477569580078
2019-11-22,120.30000305175781,119.2699966430664,120.1500015258789,119.36000061035156,3843100.0,118.82701110839844
2019-11-25,120.0199966430664,117.9000015258789,120.0,118.91999816894531,5881500.0,118.38896942138672
2019-11-26,119.30000305175781,118.44999694824219,118.95999908447266,119.19000244140625,6292500.0,118.65776824951172
2019-11-27,119.80000305175781,118.7300033569336,119.38999938964844,118.76000213623047,3434100.0,118.22969055175781
2019-11-29,119.97000122070312,119.0,119.13999938964844,119.08999633789062,3157300.0,118.55821228027344
2019-12-02,119.37999725341797,117.83999633789062,119.1500015258789,119.27999877929688,5670900.0,118.74736785888672
2019-12-03,118.95999908447266,117.7699966430664,118.4000015258789,118.66999816894531,6594800.0,118.14009094238281
2019-12-04,119.19999694824219,118.30000305175781,119.12000274658203,118.69000244140625,5556600.0,118.16000366210938
2019-12-05,118.77999877929688,117.41999816894531,118.36000061035156,118.66000366210938,4352800.0,118.66000366210938
2019-12-06,119.80000305175781,118.91999816894531,119.08000183105469,119.77999877929688,4340800.0,119.77999877929688
2019-12-09,119.86000061035156,119.18000030517578,119.56999969482422,119.36000061035156,4816000.0,119.36000061035156
2019-12-10,119.55999755859375,119.0199966430664,119.3499984741211,119.13999938964844,4282300.0,119.13999938964844
2019-12-11,119.6500015258789,118.52999877929688,119.4000015258789,119.0,3506400.0,119.0
2019-12-12,120.11000061035156,118.68000030517578,119.0,119.76000213623047,4149000.0,119.76000213623047
2019-12-13,120.6500015258789,119.0199966430664,119.16000366210938,120.29000091552734,5366300.0,120.29000091552734
2019-12-16,121.3499984741211,120.41999816894531,120.41999816894531,120.54000091552734,5350700.0,120.54000091552734
2019-12-17,121.69999694824219,120.69999694824219,120.94999694824219,121.27999877929688,4575800.0,121.27999877929688
2019-12-18,121.68000030517578,119.83999633789062,121.51000213623047,119.86000061035156,5103000.0,119.86000061035156
2019-12-19,120.51000213623047,119.77999877929688,119.94000244140625,120.08000183105469,4464100.0,120.08000183105469
2019-12-20,122.12000274658203,120.0199966430664,121.4800033569336,120.29000091552734,7954400.0,120.29000091552734
2019-12-23,120.69000244140625,119.01000213623047,120.19999694824219,119.02999877929688,4485800.0,119.02999877929688
2019-12-24,119.5999984741211,119.01000213623047,119.12999725341797,119.51000213623047,2227400.0,119.51000213623047
2019-12-26,119.8499984741211,118.94999694824219,119.61000061035156,119.5199966430664,4223800.0,119.5199966430664
2019-12-27,119.94000244140625,119.25,119.94000244140625,119.58999633789062,3544000.0,119.58999633789062
2019-12-30,119.80999755859375,119.12999725341797,119.80000305175781,119.4000015258789,2945800.0,119.4000015258789
2019-12-31,119.80000305175781,118.19000244140625,119.5,118.83999633789062,4912000.0,118.83999633789062
2020-01-02,119.88999938964844,118.69999694824219,118.86000061035156,118.94000244140625,6764900.0,118.94000244140625
2020-01-03,118.79000091552734,117.58999633789062,118.2699966430664,117.88999938964844,5399200.0,117.88999938964844
2020-01-06,118.08999633789062,116.7699966430664,117.4000015258789,117.6500015258789,6445500.0,117.6500015258789
2020-01-07,117.5199966430664,116.19999694824219,117.26000213623047,116.55999755859375,6846900.0,116.55999755859375
2020-01-08,116.7300033569336,115.68000030517578,116.30000305175781,116.16000366210938,5875800.0,116.16000366210938
2020-01-09,117.37000274658203,116.08000183105469,116.1500015258789,117.36000061035156,5563700.0,117.36000061035156
2020-01-10,117.33999633789062,115.9800033569336,117.23999786376953,116.37999725341797,6054800.0,116.37999725341797
2020-01-13,116.55000305175781,115.37000274658203,116.37999725341797,115.87999725341797,6112600.0,115.87999725341797
2020-01-14,116.20999908447266,115.12999725341797,115.47000122070312,116.18000030517578,6585800.0,116.18000030517578
2020-01-15,115.87000274658203,114.5199966430664,114.62999725341797,115.27999877929688,7454200.0,115.27999877929688
2020-01-16,115.93000030517578,115.27999877929688,115.5,115.9000015258789,5369400.0,115.9000015258789
2020-01-17,116.30000305175781,114.63999938964844,116.05000305175781,114.95999908447266,10045000.0,114.95999908447266
2020-01-21,115.69000244140625,114.5199966430664,114.58999633789062,115.58999633789062,7353700.0,115.58999633789062
2020-01-22,116.52999877929688,115.18000030517578,115.22000122070312,116.0999984741211,4926100.0,116.0999984741211
2020-01-23,116.30999755859375,115.04000091552734,116.20999908447266,115.80999755859375,4305100.0,115.80999755859375
2020-01-24,116.02999877929688,114.1500015258789,116.0,114.37000274658203,4383400.0,114.37000274658203
2020-01-27,116.2300033569336,112.68000030517578,113.19000244140625,115.86000061035156,7018400.0,115.86000061035156
2020-01-28,116.9000015258789,115.94999694824219,115.9800033569336,116.5999984741211,5270200.0,116.5999984741211
2020-01-29,117.12000274658203,115.88999938964844,116.55999755859375,115.88999938964844,3775500.0,115.88999938964844
