Date,High,Low,Open,Close,Volume,Adj Close
2017-01-30,85.44999694824219,84.18000030517578,85.41999816894531,84.86000061035156,12789200.0,74.90743255615234
2017-01-31,85.06999969482422,83.12999725341797,85.04000091552734,83.88999938964844,19128100.0,74.05120086669922
2017-02-01,84.16000366210938,82.54000091552734,84.0,82.94000244140625,15111800.0,73.2126235961914
2017-02-02,83.52999877929688,82.55000305175781,83.20999908447266,83.44999694824219,12200100.0,73.66279602050781
2017-02-03,83.72000122070312,82.9000015258789,83.69999694824219,83.54000091552734,12746300.0,73.74224853515625
2017-02-06,83.6500015258789,82.93000030517578,83.55000305175781,83.30999755859375,9938200.0,73.53922271728516
2017-02-07,83.62000274658203,82.44999694824219,83.2300033569336,82.7699966430664,11705200.0,73.06255340576172
2017-02-08,82.12000274658203,81.16999816894531,81.98999786376953,81.4800033569336,14006300.0,72.58154296875
2017-02-09,82.05000305175781,81.4800033569336,81.4800033569336,81.83999633789062,9603000.0,72.90221405029297
2017-02-10,82.7699966430664,82.12999725341797,82.26000213623047,82.5199966430664,8739800.0,73.50794982910156
2017-02-13,83.18000030517578,82.3499984741211,82.7699966430664,83.0,9071600.0,73.93553161621094
2017-02-14,83.0999984741211,82.05999755859375,82.91000366210938,82.81999969482422,11370500.0,73.77519226074219
2017-02-15,83.18000030517578,82.45999908447266,82.63999938964844,83.16000366210938,11768500.0,74.07805633544922
2017-02-16,83.41999816894531,82.16999816894531,83.12000274658203,82.30000305175781,10615000.0,73.3119888305664
2017-02-17,82.19000244140625,81.44000244140625,82.08999633789062,81.76000213623047,15646000.0,72.83094787597656
2017-02-21,82.1500015258789,81.30000305175781,82.12000274658203,81.88999938964844,16419600.0,72.9467544555664
2017-02-22,81.69999694824219,80.87000274658203,81.6500015258789,80.93000030517578,12917400.0,72.09159088134766
2017-02-23,82.22000122070312,81.02999877929688,81.41999816894531,81.77999877929688,13847000.0,72.8487777709961
2017-02-24,81.80000305175781,80.76000213623047,81.5999984741211,81.08000183105469,11338700.0,72.22521209716797
2017-02-27,81.70999908447266,80.80999755859375,81.12999725341797,81.54000091552734,13465900.0,72.63497924804688
2017-02-28,81.98999786376953,81.05000305175781,81.52999877929688,81.31999969482422,16834200.0,72.43902587890625
2017-03-01,83.33000183105469,81.69999694824219,81.69999694824219,83.0199966430664,17482100.0,73.95333862304688
2017-03-02,84.25,82.79000091552734,82.80000305175781,83.30000305175781,14170300.0,74.20276641845703
2017-03-03,83.5999984741211,82.26000213623047,83.30000305175781,82.45999908447266,12190400.0,73.45450592041016
2017-03-06,82.9000015258789,82.33000183105469,82.44000244140625,82.83000183105469,9617200.0,73.78410339355469
2017-03-07,83.29000091552734,82.13999938964844,83.11000061035156,82.5199966430664,12711500.0,73.50794982910156
2017-03-08,82.37999725341797,81.01000213623047,82.3499984741211,81.02999877929688,16817700.0,72.18067169189453
2017-03-09,81.72000122070312,80.30999755859375,80.63999938964844,81.66999816894531,14721800.0,72.75078582763672
2017-03-10,82.47000122070312,81.16000366210938,82.44000244140625,81.61000061035156,11355200.0,72.69734191894531
2017-03-13,81.94000244140625,81.05000305175781,81.5,81.41999816894531,9571400.0,72.52808380126953
2017-03-14,81.2300033569336,80.44000244140625,81.0,80.98999786376953,11335700.0,72.1450424194336
2017-03-15,82.05999755859375,81.05000305175781,81.3499984741211,82.0,11970300.0,73.04474639892578
2017-03-16,82.19999694824219,81.66999816894531,82.02999877929688,82.06999969482422,9923800.0,73.10710906982422
2017-03-17,82.26000213623047,81.81999969482422,82.02999877929688,82.0,18834100.0,73.04474639892578
2017-03-20,82.04000091552734,81.44000244140625,81.72000122070312,82.0,7700300.0,73.04474639892578
2017-03-21,82.3499984741211,81.5999984741211,82.16000366210938,81.83000183105469,13387700.0,72.893310546875
2017-03-22,82.08999633789062,81.43000030517578,81.95999908447266,81.76000213623047,11168400.0,72.83094787597656
2017-03-23,82.22000122070312,81.45999908447266,81.62999725341797,81.86000061035156,8928000.0,72.92003631591797
2017-03-24,82.02999877929688,81.1500015258789,82.02999877929688,81.2300033569336,9128500.0,72.35884857177734
2017-03-27,81.43000030517578,80.79000091552734,80.81999969482422,81.25,8481200.0,72.37664794921875
2017-03-28,82.0199966430664,80.95999908447266,81.31999969482422,81.83999633789062,11028600.0,72.90221405029297
2017-03-29,82.27999877929688,81.55000305175781,81.69000244140625,82.0199966430664,8495500.0,73.06254577636719
2017-03-30,83.87000274658203,81.94000244140625,82.02999877929688,83.69999694824219,44704900.0,74.55909729003906
2017-03-31,83.30999755859375,81.86000061035156,83.26000213623047,82.01000213623047,21750400.0,73.05364990234375
2017-04-03,82.30999755859375,81.3499984741211,82.0199966430664,82.06999969482422,11438700.0,73.10710906982422
2017-04-04,82.41999816894531,81.33000183105469,82.0999984741211,82.37000274658203,9270900.0,73.37432861328125
2017-04-05,83.55000305175781,82.47000122070312,82.8499984741211,82.52999877929688,13809100.0,73.51686096191406
2017-04-06,83.20999908447266,82.45999908447266,82.75,83.01000213623047,9554900.0,73.9444351196289
2017-04-07,83.36000061035156,82.68000030517578,83.23999786376953,82.76000213623047,8909600.0,73.72176361083984
2017-04-10,83.47000122070312,82.91999816894531,83.12000274658203,83.12999725341797,8885300.0,74.05133056640625
2017-04-11,83.16999816894531,82.41999816894531,83.08000183105469,82.83999633789062,8576500.0,73.79299926757812
2017-04-12,83.3499984741211,82.69999694824219,82.86000061035156,82.97000122070312,9516100.0,73.9088134765625
2017-04-13,82.7300033569336,81.56999969482422,82.72000122070312,81.69000244140625,8667900.0,72.76860046386719
2017-04-17,81.97000122070312,81.44000244140625,81.8499984741211,81.58000183105469,9577200.0,72.67061614990234
2017-04-18,81.81999969482422,81.02999877929688,81.31999969482422,81.05000305175781,8821400.0,72.198486328125
2017-04-19,81.51000213623047,80.30000305175781,81.16999816894531,80.48999786376953,10764400.0,71.69966125488281
2017-04-20,81.73999786376953,80.69999694824219,80.94999694824219,81.01000213623047,11649100.0,72.1628646850586
2017-04-21,81.0,80.47000122070312,80.93000030517578,80.69000244140625,9816700.0,71.8778076171875
2017-04-24,81.4000015258789,80.80999755859375,81.27999877929688,81.11000061035156,8729700.0,72.25194549560547
2017-04-25,81.93000030517578,81.27999877929688,81.43000030517578,81.7300033569336,10733800.0,72.80422973632812
2017-04-26,82.33000183105469,81.38999938964844,81.5199966430664,81.4000015258789,9445900.0,72.51026916503906
2017-04-27,81.30000305175781,80.94000244140625,81.06999969482422,81.26000213623047,12385300.0,72.38555908203125
2017-04-28,82.48999786376953,81.55999755859375,82.45999908447266,81.6500015258789,12072200.0,72.73297119140625
2017-05-01,82.20999908447266,81.4800033569336,81.51000213623047,82.05999755859375,8664100.0,73.09818267822266
2017-05-02,82.58999633789062,81.9000015258789,82.13999938964844,82.05000305175781,9102900.0,73.08928680419922
2017-05-03,83.06999969482422,81.91000366210938,81.97000122070312,82.69999694824219,10289000.0,73.66829681396484
2017-05-04,82.36000061035156,81.4000015258789,82.29000091552734,81.63999938964844,16164500.0,72.72406768798828
2017-05-05,82.23999786376953,81.61000061035156,81.62999725341797,82.0199966430664,10213000.0,73.06254577636719
2017-05-08,82.94000244140625,82.0,82.0,82.88999938964844,8097100.0,73.83753204345703
2017-05-09,83.0,82.16000366210938,82.95999908447266,82.30999755859375,8647100.0,73.32088470458984
2017-05-10,82.37000274658203,81.6500015258789,82.12000274658203,81.91000366210938,9520300.0,73.65359497070312
2017-05-11,82.70999908447266,82.0999984741211,82.58999633789062,82.61000061035156,10047300.0,74.28303527832031
2017-05-12,82.70999908447266,82.25,82.38999938964844,82.55000305175781,7480200.0,74.22909545898438
2017-05-15,83.18000030517578,82.6500015258789,83.0,82.80000305175781,10881500.0,74.4538803100586
2017-05-16,83.2300033569336,82.44999694824219,82.9000015258789,82.55000305175781,9574200.0,74.22909545898438
2017-05-17,83.04000091552734,81.95999908447266,82.55000305175781,81.98999786376953,11151100.0,73.72552490234375
2017-05-18,82.1500015258789,81.41999816894531,81.7699966430664,81.75,9905800.0,73.50971221923828
2017-05-19,82.08999633789062,81.69000244140625,82.0,81.93000030517578,13028500.0,73.67158508300781
2017-05-22,82.33000183105469,81.93000030517578,82.11000061035156,82.29000091552734,9218700.0,73.99529266357422
2017-05-23,82.88999938964844,82.23999786376953,82.31999969482422,82.58000183105469,6857200.0,74.25605773925781
2017-05-24,82.54000091552734,82.01000213623047,82.41999816894531,82.29000091552734,8136000.0,73.99529266357422
2017-05-25,82.70999908447266,81.5199966430664,82.33000183105469,81.75,12370900.0,73.50971221923828
2017-05-26,81.80000305175781,80.83000183105469,81.61000061035156,81.55000305175781,8227100.0,73.32988739013672
2017-05-30,81.33999633789062,81.04000091552734,81.27999877929688,81.0999984741211,8973600.0,72.92523956298828
2017-05-31,80.94999694824219,80.47000122070312,80.94000244140625,80.5,13572300.0,72.38572692871094
2017-06-01,80.9000015258789,80.19000244140625,80.37000274658203,80.69999694824219,9884100.0,72.56556701660156
2017-06-02,80.68000030517578,79.26000213623047,80.58999633789062,79.5,21687300.0,71.48651123046875
2017-06-05,80.38999938964844,79.4000015258789,79.44000244140625,80.12000274658203,11527100.0,72.04402923583984
2017-06-06,81.31999969482422,80.22000122070312,80.30000305175781,81.20999908447266,12208600.0,73.02415466308594
2017-06-07,81.4000015258789,80.33999633789062,81.05000305175781,80.91000366210938,13096500.0,72.75438690185547
2017-06-08,81.08000183105469,80.48999786376953,80.91000366210938,80.62000274658203,11720700.0,72.49362182617188
2017-06-09,82.13999938964844,80.69000244140625,81.1500015258789,82.12999725341797,13553900.0,73.8514175415039
2017-06-12,83.69000244140625,82.12999725341797,82.12999725341797,82.93000030517578,18172900.0,74.5707778930664
2017-06-13,83.2699966430664,82.56999969482422,82.8499984741211,82.95999908447266,12175500.0,74.59776306152344
2017-06-14,82.81999969482422,81.55999755859375,82.80999755859375,82.06999969482422,13714000.0,73.79747009277344
2017-06-15,82.4000015258789,81.58000183105469,81.77999877929688,82.26000213623047,11862600.0,73.96830749511719
2017-06-16,83.54000091552734,82.19999694824219,82.61000061035156,83.48999786376953,39726100.0,75.0743408203125
2017-06-19,83.48999786376953,82.55000305175781,83.48999786376953,82.76000213623047,10445700.0,74.41792297363281
2017-06-20,82.47000122070312,81.41000366210938,82.06999969482422,82.30999755859375,13232600.0,74.01326751708984
2017-06-21,82.62999725341797,81.13999938964844,82.04000091552734,81.44000244140625,11422300.0,73.2309799194336
2017-06-22,81.58000183105469,80.9000015258789,81.44999694824219,81.08000183105469,8139900.0,72.90726470947266
2017-06-23,81.69000244140625,80.76000213623047,80.8499984741211,81.61000061035156,10611200.0,73.38382720947266
2017-06-26,81.75,80.91000366210938,81.56999969482422,81.23999786376953,7718700.0,73.0511245727539
2017-06-27,81.7300033569336,81.11000061035156,81.44999694824219,81.11000061035156,9221600.0,72.93423461914062
2017-06-28,81.76000213623047,81.19000244140625,81.41000366210938,81.52999877929688,9189700.0,73.31189727783203
2017-06-29,81.83999633789062,80.41000366210938,81.37000274658203,80.69999694824219,20525100.0,72.56556701660156
2017-06-30,81.23999786376953,80.69999694824219,81.08000183105469,80.7300033569336,14000600.0,72.59253692626953
2017-07-03,82.48999786376953,80.72000122070312,80.79000091552734,82.0999984741211,8422300.0,73.8244400024414
2017-07-05,81.68000030517578,80.5199966430664,81.68000030517578,80.8499984741211,9830800.0,72.70043182373047
2017-07-06,81.08000183105469,80.08999633789062,80.86000061035156,80.12000274658203,9822400.0,72.04402923583984
2017-07-07,80.5999984741211,79.80999755859375,80.19999694824219,80.22000122070312,10777800.0,72.1339340209961
2017-07-10,80.41000366210938,79.95999908447266,80.0,80.16000366210938,6338300.0,72.07999420166016
2017-07-11,80.75,80.04000091552734,80.33000183105469,80.5999984741211,9681100.0,72.47565460205078
2017-07-12,81.5199966430664,80.75,81.19000244140625,80.95999908447266,7974000.0,72.7993392944336
2017-07-13,81.08999633789062,80.7300033569336,80.97000122070312,80.97000122070312,5582300.0,72.808349609375
2017-07-14,81.41000366210938,80.7699966430664,81.0,81.27999877929688,7497200.0,73.08708953857422
2017-07-17,81.43000030517578,80.83000183105469,81.0,80.86000061035156,7914700.0,72.70942687988281
2017-07-18,81.08000183105469,80.41000366210938,81.0199966430664,80.5999984741211,8046100.0,72.47565460205078
2017-07-19,80.87000274658203,80.2699966430664,80.44000244140625,80.8499984741211,9393200.0,72.70043182373047
2017-07-20,81.48999786376953,80.75,80.97000122070312,80.86000061035156,9681000.0,72.70942687988281
2017-07-21,80.83999633789062,80.0,80.6500015258789,80.12000274658203,12268600.0,72.04402923583984
2017-07-24,80.22000122070312,79.76000213623047,80.05999755859375,79.87000274658203,9403000.0,71.81922912597656
2017-07-25,81.05000305175781,80.2699966430664,80.7699966430664,80.2699966430664,11465300.0,72.17890930175781
2017-07-26,80.9000015258789,80.19999694824219,80.58000183105469,80.37000274658203,10465100.0,72.26882934570312
2017-07-27,80.87999725341797,79.9000015258789,80.23999786376953,80.83000183105469,11149700.0,72.68245697021484
2017-07-28,79.91999816894531,78.2699966430664,79.6500015258789,79.5999984741211,22800800.0,71.57643127441406
2017-07-31,80.38999938964844,79.5999984741211,79.83000183105469,80.04000091552734,12820200.0,71.97209167480469
2017-08-01,80.54000091552734,79.97000122070312,80.16000366210938,80.16999816894531,10421200.0,72.0889892578125
2017-08-02,80.63999938964844,79.80000305175781,79.9000015258789,80.5999984741211,10410100.0,72.47565460205078
2017-08-03,80.81999969482422,80.30000305175781,80.33999633789062,80.48999786376953,10136700.0,72.3767318725586
2017-08-04,80.55999755859375,80.05000305175781,80.44000244140625,80.20999908447266,8292200.0,72.12493896484375
2017-08-07,80.16999816894531,79.86000061035156,80.16999816894531,80.16000366210938,7893800.0,72.07999420166016
2017-08-08,80.22000122070312,79.83000183105469,80.0199966430664,79.95999908447266,9028400.0,71.900146484375
2017-08-09,80.3499984741211,79.77999877929688,80.25,80.20999908447266,8087100.0,72.12493896484375
2017-08-10,79.77999877929688,78.91000366210938,79.76000213623047,78.97000122070312,12580300.0,71.6982421875
2017-08-11,79.25,78.19999694824219,79.20999908447266,78.20999908447266,10192400.0,71.00822448730469
2017-08-14,78.79000091552734,78.12000274658203,78.62000274658203,78.2300033569336,8862500.0,71.02637481689453
2017-08-15,78.25,77.68000030517578,78.12000274658203,78.04000091552734,10350900.0,70.85387420654297
2017-08-16,78.16999816894531,77.30999755859375,78.04000091552734,77.47000122070312,9117100.0,70.33635711669922
2017-08-17,77.27999877929688,76.20999908447266,77.26000213623047,76.26000213623047,13400400.0,69.23778533935547
2017-08-18,77.11000061035156,76.05000305175781,76.18000030517578,76.63999938964844,14324300.0,69.58277893066406
2017-08-21,76.62000274658203,76.08000183105469,76.47000122070312,76.37999725341797,10084900.0,69.34672546386719
2017-08-22,77.33000183105469,76.52999877929688,76.55000305175781,76.73999786376953,9503600.0,69.67356872558594
2017-08-23,77.01000213623047,76.47000122070312,76.69999694824219,76.61000061035156,7054300.0,69.55554962158203
2017-08-24,76.6500015258789,76.19999694824219,76.5,76.33000183105469,8678300.0,69.30133056640625
2017-08-25,77.12999725341797,76.43000030517578,76.55999755859375,76.72000122070312,6844900.0,69.65541076660156
2017-08-28,76.94000244140625,76.26000213623047,76.9000015258789,76.47000122070312,8229700.0,69.4284439086914
2017-08-29,76.48999786376953,76.08000183105469,76.20999908447266,76.44999694824219,7060400.0,69.4102783203125
2017-08-30,76.44999694824219,76.05999755859375,76.23999786376953,76.0999984741211,8218000.0,69.09251403808594
2017-08-31,76.48999786376953,76.05000305175781,76.2699966430664,76.33000183105469,15641700.0,69.30133056640625
2017-09-01,76.8499984741211,76.31999969482422,76.37000274658203,76.56999969482422,7361100.0,69.51922607421875
2017-09-05,77.36000061035156,76.61000061035156,76.63999938964844,77.18000030517578,12784800.0,70.07306671142578
2017-09-06,79.22000122070312,77.58000183105469,77.88999938964844,78.77999877929688,18574400.0,71.52571868896484
2017-09-07,79.33000183105469,78.61000061035156,79.0199966430664,79.02999877929688,9836400.0,71.7527084350586
2017-09-08,79.04000091552734,78.62999725341797,79.01000213623047,78.81999969482422,8436000.0,71.5620346069336
2017-09-11,79.41999816894531,78.9000015258789,79.41000366210938,79.25,12955800.0,71.95245361328125
2017-09-12,79.69000244140625,79.23999786376953,79.4000015258789,79.5,7644400.0,72.1794204711914
2017-09-13,79.7699966430664,79.37999725341797,79.5,79.7699966430664,8369700.0,72.424560546875
2017-09-14,80.2300033569336,79.7699966430664,79.8499984741211,80.08999633789062,9072600.0,72.715087890625
2017-09-15,80.20999908447266,79.55000305175781,80.12000274658203,80.06999969482422,16043700.0,72.69692993164062
2017-09-18,80.13999938964844,79.69999694824219,79.79000091552734,80.08999633789062,8594400.0,72.715087890625
2017-09-19,80.38999938964844,79.98999786376953,80.05999755859375,80.22000122070312,9277100.0,72.8331298828125
2017-09-20,80.66000366210938,80.26000213623047,80.27999877929688,80.55000305175781,10606900.0,73.13273620605469
2017-09-21,80.52999877929688,79.76000213623047,80.48999786376953,79.88999938964844,11984200.0,72.53351593017578
2017-09-22,80.30000305175781,79.66999816894531,79.72000122070312,79.91999816894531,10205800.0,72.56074523925781
2017-09-25,81.0,79.9800033569336,80.02999877929688,80.9800033569336,10496600.0,73.52314758300781
2017-09-26,81.0,80.55999755859375,80.70999908447266,80.88999938964844,8755100.0,73.4414291381836
2017-09-27,81.44999694824219,80.79000091552734,80.88999938964844,81.43000030517578,9724500.0,73.93171691894531
2017-09-28,82.44999694824219,81.55999755859375,81.62999725341797,82.19000244140625,15581700.0,74.6217269897461
2017-09-29,82.05999755859375,81.58000183105469,81.94000244140625,81.9800033569336,9944000.0,74.43106079101562
2017-10-02,81.81999969482422,81.25,81.30000305175781,81.62999725341797,6777900.0,74.11328125
2017-10-03,81.97000122070312,81.30000305175781,81.41000366210938,81.76000213623047,6082000.0,74.2313232421875
2017-10-04,81.87000274658203,81.44999694824219,81.80000305175781,81.79000091552734,6357100.0,74.25856018066406
2017-10-05,82.23999786376953,81.58999633789062,81.72000122070312,82.0199966430664,7375900.0,74.46736907958984
2017-10-06,81.88999938964844,81.36000061035156,81.7699966430664,81.70999908447266,6070600.0,74.18592071533203
2017-10-09,82.18000030517578,81.76000213623047,81.83999633789062,82.02999877929688,7489900.0,74.47645568847656
2017-10-10,82.73999786376953,82.08999633789062,82.33999633789062,82.26000213623047,7218500.0,74.6852798461914
2017-10-11,82.73999786376953,82.13999938964844,82.16000366210938,82.5999984741211,7023700.0,74.99397277832031
2017-10-12,82.5,82.16999816894531,82.30999755859375,82.43000030517578,6647500.0,74.83963775634766
2017-10-13,83.08000183105469,82.36000061035156,82.7300033569336,82.41000366210938,7180000.0,74.82147979736328
2017-10-16,82.94999694824219,82.54000091552734,82.69999694824219,82.80999755859375,5734000.0,75.18463134765625
2017-10-17,82.97000122070312,82.54000091552734,82.62999725341797,82.95999908447266,6444100.0,75.32083129882812
2017-10-18,83.38999938964844,82.54000091552734,82.95999908447266,82.76000213623047,6367100.0,75.13924407958984
2017-10-19,83.05000305175781,82.33000183105469,82.3499984741211,82.73999786376953,7945500.0,75.12106323242188
2017-10-20,83.12999725341797,82.62000274658203,82.8499984741211,83.11000061035156,9574100.0,75.45700073242188
2017-10-23,83.76000213623047,83.04000091552734,83.1500015258789,83.23999786376953,9829900.0,75.57503509521484
2017-10-24,83.80999755859375,83.30999755859375,83.55000305175781,83.47000122070312,7551200.0,75.78387451171875
2017-10-25,83.7300033569336,82.94999694824219,83.44999694824219,83.16999816894531,9153300.0,75.511474609375
2017-10-26,83.6500015258789,83.11000061035156,83.37000274658203,83.47000122070312,9154500.0,75.78387451171875
2017-10-27,84.23999786376953,82.01000213623047,83.0,83.70999908447266,14866200.0,76.00176239013672
2017-10-30,83.94999694824219,83.41000366210938,83.70999908447266,83.54000091552734,7811100.0,75.847412109375
2017-10-31,83.68000030517578,83.16999816894531,83.6500015258789,83.3499984741211,9754200.0,75.67491149902344
2017-11-01,83.94000244140625,83.26000213623047,83.38999938964844,83.87000274658203,9430000.0,76.14703369140625
2017-11-02,83.70999908447266,82.91000366210938,83.5999984741211,83.52999877929688,7775500.0,75.83834075927734
2017-11-03,83.63999938964844,83.16000366210938,83.41999816894531,83.18000030517578,6903500.0,75.52056121826172
2017-11-06,83.87000274658203,83.05999755859375,83.30000305175781,83.75,9276700.0,76.0380859375
2017-11-07,83.81999969482422,83.02999877929688,83.73999786376953,83.58000183105469,8471800.0,75.88373565673828
2017-11-08,83.5,82.86000061035156,83.36000061035156,83.47000122070312,8691600.0,75.78387451171875
2017-11-09,84.13999938964844,83.08000183105469,83.30000305175781,83.97000122070312,10528800.0,76.2378158569336
2017-11-10,83.08000183105469,82.41999816894531,83.01000213623047,82.94000244140625,8693700.0,75.99958038330078
2017-11-13,83.08999633789062,82.5999984741211,82.6500015258789,82.88999938964844,6720400.0,75.95374298095703
2017-11-14,82.75,82.08999633789062,82.41999816894531,82.23999786376953,9251700.0,75.35814666748047
2017-11-15,82.08999633789062,81.1500015258789,81.75,81.20999908447266,9663600.0,74.41433715820312
2017-11-16,80.8499984741211,80.1500015258789,80.44000244140625,80.55999755859375,10527200.0,73.8187255859375
2017-11-17,80.66000366210938,80.16000366210938,80.31999969482422,80.23999786376953,9536400.0,73.5255126953125
2017-11-20,80.63999938964844,80.01000213623047,80.2300033569336,80.55000305175781,8468600.0,73.8095703125
2017-11-21,81.25,80.63999938964844,80.69000244140625,80.87000274658203,8838400.0,74.10279846191406
2017-11-22,81.41000366210938,81.05000305175781,81.16000366210938,81.0999984741211,7941600.0,74.31355285644531
2017-11-24,81.69999694824219,81.22000122070312,81.44000244140625,81.41999816894531,3851300.0,74.60676574707031
2017-11-27,81.4000015258789,81.0199966430664,81.31999969482422,81.11000061035156,9127500.0,74.32271575927734
2017-11-28,82.0,81.30999755859375,81.41000366210938,81.66999816894531,9794600.0,74.83584594726562
2017-11-29,82.30999755859375,81.4800033569336,81.6500015258789,82.2699966430664,9725000.0,75.38562774658203
2017-11-30,83.4000015258789,82.41000366210938,82.44999694824219,83.29000091552734,18592700.0,76.32028198242188
2017-12-01,84.12999725341797,82.41000366210938,83.44000244140625,83.45999908447266,13779300.0,76.47605895996094
2017-12-04,84.18000030517578,83.0,83.20999908447266,83.56999969482422,12597700.0,76.57685852050781
2017-12-05,83.7699966430664,82.70999908447266,83.41000366210938,82.88999938964844,9357200.0,75.95374298095703
2017-12-06,83.19999694824219,82.20999908447266,82.8499984741211,82.27999877929688,13398900.0,75.3947982788086
2017-12-07,82.62000274658203,82.16999816894531,82.4000015258789,82.55000305175781,11359600.0,75.64221954345703
2017-12-08,82.9000015258789,82.26000213623047,82.48999786376953,82.66000366210938,11988600.0,75.74301147460938
2017-12-11,83.25,82.73999786376953,83.04000091552734,83.02999877929688,8760700.0,76.08203887939453
2017-12-12,83.37999725341797,82.69999694824219,82.88999938964844,82.76000213623047,11307000.0,75.83463287353516
2017-12-13,83.30000305175781,82.4800033569336,82.61000061035156,83.12000274658203,10172700.0,76.16451263427734
2017-12-14,83.33000183105469,82.88999938964844,83.02999877929688,82.9000015258789,9492400.0,75.96292114257812
2017-12-15,83.27999877929688,82.87000274658203,83.16000366210938,83.02999877929688,26582300.0,76.08203887939453
2017-12-18,83.66999816894531,82.91000366210938,83.18000030517578,82.94000244140625,9363500.0,75.99958038330078
2017-12-19,83.16999816894531,82.33000183105469,83.02999877929688,82.44000244140625,10285100.0,75.54141998291016
2017-12-20,83.13999938964844,82.5199966430664,82.5999984741211,82.87000274658203,10620300.0,75.93544006347656
2017-12-21,84.2699966430664,82.95999908447266,83.3499984741211,83.8499984741211,13578100.0,76.83342742919922
2017-12-22,84.0199966430664,83.5999984741211,83.87999725341797,83.97000122070312,10161400.0,76.94338989257812
2017-12-26,84.36000061035156,83.9000015258789,83.95999908447266,83.9800033569336,4777200.0,76.9525375366211
2017-12-27,84.0999984741211,83.73999786376953,83.98999786376953,83.9000015258789,7000600.0,76.8792495727539
2017-12-28,84.05000305175781,83.80000305175781,83.9800033569336,84.0199966430664,7495300.0,76.98918151855469
2017-12-29,84.19999694824219,83.63999938964844,84.0,83.63999938964844,8523400.0,76.64099884033203
2018-01-02,85.19999694824219,83.66000366210938,83.81999969482422,85.02999877929688,11469300.0,77.9146957397461
2018-01-03,86.97000122070312,84.81999969482422,85.16000366210938,86.69999694824219,13957700.0,79.44493865966797
2018-01-04,87.22000122070312,86.43000030517578,86.79000091552734,86.81999969482422,10863000.0,79.55489349365234
2018-01-05,86.87999725341797,85.70999908447266,86.75,86.75,11047600.0,79.49075317382812
2018-01-08,87.1500015258789,86.5999984741211,86.69999694824219,87.13999938964844,10927100.0,79.8481216430664
2018-01-09,87.1500015258789,86.6500015258789,86.94000244140625,86.7699966430664,8131600.0,79.50907897949219
2018-01-10,87.19000244140625,85.9800033569336,87.0,86.08000183105469,10822300.0,78.87682342529297
2018-01-11,87.37000274658203,85.93000030517578,86.36000061035156,86.93000030517578,14366000.0,79.65568542480469
2018-01-12,87.98999786376953,87.18000030517578,87.19999694824219,87.5199966430664,9834500.0,80.1963119506836
2018-01-16,87.76000213623047,86.5999984741211,87.73999786376953,86.97000122070312,10882800.0,79.69233703613281
2018-01-17,88.20999908447266,86.93000030517578,87.19999694824219,88.0,10546000.0,80.63616943359375
2018-01-18,88.19000244140625,87.33999633789062,87.7699966430664,87.43000030517578,9223700.0,80.11384582519531
2018-01-19,87.76000213623047,86.61000061035156,87.56999969482422,87.1500015258789,13090000.0,79.85728454589844
2018-01-22,88.29000091552734,87.05000305175781,87.16999816894531,88.25,10270400.0,80.86522674560547
2018-01-23,88.45999908447266,87.73999786376953,88.25,88.30000305175781,10281800.0,80.91104888916016
2018-01-24,88.91999816894531,88.01000213623047,88.48999786376953,88.52999877929688,10316100.0,81.1218032836914
2018-01-25,88.87000274658203,88.19999694824219,88.55000305175781,88.37000274658203,11271900.0,80.97518920898438
2018-01-26,89.0,88.47000122070312,88.63999938964844,89.0,10514400.0,81.55247497558594
2018-01-29,89.30000305175781,87.94999694824219,88.58999633789062,88.01000213623047,9315700.0,80.64531707763672
2018-01-30,88.37999725341797,86.77999877929688,87.54000091552734,86.77999877929688,12408000.0,79.51824951171875
2018-01-31,87.47000122070312,86.33000183105469,86.55999755859375,87.30000305175781,14404700.0,79.9947280883789
2018-02-01,89.25,87.3499984741211,87.5,89.06999969482422,17971000.0,81.61661529541016
2018-02-02,86.01000213623047,83.0,85.12999725341797,84.52999877929688,29822100.0,77.45652770996094
2018-02-05,83.98999786376953,78.12999725341797,83.27999877929688,79.72000122070312,30452700.0,73.04902648925781
2018-02-06,80.3499984741211,76.9000015258789,78.51000213623047,78.3499984741211,36262800.0,71.79367065429688
2018-02-07,79.41000366210938,76.91999816894531,78.44000244140625,76.94000244140625,21994500.0,70.50165557861328
2018-02-08,77.58000183105469,76.02999877929688,77.44000244140625,76.06999969482422,25650800.0,69.70445251464844
2018-02-09,76.4800033569336,73.9000015258789,76.25,75.77999877929688,29491600.0,70.14879608154297
2018-02-12,77.62000274658203,75.83999633789062,77.05000305175781,76.41999816894531,19340400.0,70.74122619628906
2018-02-13,76.75,75.7300033569336,76.0999984741211,76.30000305175781,11926600.0,70.63014221191406
2018-02-14,76.66000366210938,75.16999816894531,75.79000091552734,76.45999908447266,17188400.0,70.77825927734375
2018-02-15,76.69999694824219,75.44999694824219,76.62000274658203,76.20999908447266,14432400.0,70.54682922363281
2018-02-16,77.12000274658203,75.8499984741211,76.1500015258789,76.54000091552734,13722400.0,70.85231018066406
2018-02-20,77.47000122070312,75.45999908447266,76.47000122070312,75.75,13387300.0,70.12101745605469
2018-02-21,76.44000244140625,74.87000274658203,75.81999969482422,74.88999938964844,11715000.0,69.32492065429688
2018-02-22,76.83999633789062,75.19000244140625,75.30000305175781,75.86000061035156,14020200.0,70.22283935546875
2018-02-23,77.62000274658203,75.94999694824219,76.08999633789062,77.52999877929688,13378800.0,71.76873779296875
2018-02-26,78.93000030517578,77.55999755859375,77.73999786376953,78.83999633789062,16940400.0,72.98139953613281
2018-02-27,79.87000274658203,77.5,79.0,77.5,14629500.0,71.74097442626953
2018-02-28,78.25,75.69999694824219,78.16000366210938,75.73999786376953,17087800.0,70.11175537109375
2018-03-01,76.68000030517578,74.86000061035156,75.52999877929688,75.19999694824219,15696700.0,69.61189270019531
2018-03-02,75.87000274658203,74.4800033569336,74.88999938964844,75.55000305175781,15630300.0,69.9358901977539
2018-03-05,76.55999755859375,75.12000274658203,75.2300033569336,76.2699966430664,14891000.0,70.60237884521484
2018-03-06,76.9800033569336,75.86000061035156,76.66999816894531,76.18000030517578,10754300.0,70.51907348632812
2018-03-07,75.23999786376953,73.55999755859375,75.0,74.26000213623047,27255500.0,68.74173736572266
2018-03-08,74.7699966430664,73.69000244140625,74.5,74.12000274658203,19299800.0,68.61215209960938
2018-03-09,75.05999755859375,74.20999908447266,74.81999969482422,74.55999755859375,19714100.0,69.0194320678711
2018-03-12,75.58000183105469,74.69000244140625,74.87000274658203,75.23999786376953,14226700.0,69.64891052246094
2018-03-13,75.81999969482422,74.25,75.33000183105469,74.52999877929688,13739700.0,68.9916763305664
2018-03-14,74.79000091552734,73.52999877929688,74.63999938964844,73.5999984741211,14820700.0,68.13077545166016
2018-03-15,75.0,74.0999984741211,74.3499984741211,74.41999816894531,15640600.0,68.88984680175781
2018-03-16,75.12000274658203,74.36000061035156,74.36000061035156,75.12000274658203,32109700.0,69.53783416748047
2018-03-19,75.01000213623047,73.86000061035156,75.0,74.1500015258789,12744800.0,68.63990783691406
2018-03-20,74.69999694824219,73.94999694824219,74.22000122070312,73.98999786376953,13003200.0,68.49180603027344
2018-03-21,75.63999938964844,73.9800033569336,74.2300033569336,75.04000091552734,15418500.0,69.46379089355469
2018-03-22,74.69999694824219,73.38999938964844,74.41999816894531,73.5,17737000.0,68.03821563720703
2018-03-23,74.20999908447266,72.66999816894531,73.80999755859375,72.88999938964844,20157300.0,67.47354888916016
2018-03-26,74.1500015258789,72.75,73.6500015258789,74.0,15032700.0,68.50106048583984
2018-03-27,74.88999938964844,73.27999877929688,74.0,73.69999694824219,15821900.0,68.22335052490234
2018-03-28,74.01000213623047,72.77999877929688,73.73999786376953,72.80999755859375,18163900.0,67.39949035644531
2018-03-29,74.88999938964844,73.26000213623047,73.33000183105469,74.61000061035156,14882900.0,69.06573486328125
2018-04-02,74.4000015258789,72.16000366210938,74.2699966430664,73.22000122070312,17891100.0,67.77901458740234
2018-04-03,75.13999938964844,73.0999984741211,73.44999694824219,75.0199966430664,15999200.0,69.44525909423828
2018-04-04,75.05999755859375,73.44000244140625,74.05000305175781,74.87000274658203,13122200.0,69.306396484375
2018-04-05,76.31999969482422,75.0199966430664,75.05999755859375,76.0199966430664,14200000.0,70.37095642089844
2018-04-06,76.12000274658203,74.22000122070312,75.63999938964844,74.87000274658203,14299600.0,69.306396484375
2018-04-09,75.79000091552734,74.80000305175781,75.22000122070312,74.87000274658203,11103100.0,69.306396484375
2018-04-10,77.7699966430664,76.05999755859375,76.08000183105469,77.06999969482422,19006100.0,71.34292602539062
2018-04-11,78.04000091552734,76.75,77.11000061035156,77.43000030517578,13734000.0,71.67618560791016
2018-04-12,78.13999938964844,77.01000213623047,77.86000061035156,77.22000122070312,13270400.0,71.4817886352539
2018-04-13,78.19000244140625,77.5999984741211,77.80000305175781,77.83999633789062,10925000.0,72.05569458007812
2018-04-16,79.08000183105469,77.70999908447266,78.12000274658203,78.54000091552734,10743600.0,72.70368194580078
2018-04-17,78.76000213623047,78.04000091552734,78.54000091552734,78.33000183105469,10478100.0,72.5093002319336
2018-04-18,79.76000213623047,78.94000244140625,79.04000091552734,79.22000122070312,12061400.0,73.33316040039062
2018-04-19,79.81999969482422,78.80999755859375,79.31999969482422,79.41999816894531,11291500.0,73.51829528808594
2018-04-20,79.4000015258789,78.33000183105469,79.31999969482422,79.0,12072200.0,73.12950134277344
2018-04-23,79.5999984741211,78.75,78.91999816894531,79.56999969482422,11729800.0,73.65715789794922
2018-04-24,79.93000030517578,77.97000122070312,79.80000305175781,78.3499984741211,14102000.0,72.5278091430664
2018-04-25,79.62000274658203,77.48999786376953,78.19999694824219,79.5,13867500.0,73.59234619140625
2018-04-26,80.9000015258789,79.52999877929688,79.5999984741211,80.86000061035156,14554400.0,74.8512954711914
2018-04-27,78.6500015258789,76.4800033569336,76.94999694824219,77.79000091552734,16346800.0,72.00942993164062
2018-04-30,78.55999755859375,77.73999786376953,77.91000366210938,77.75,15028800.0,71.9723892211914
2018-05-01,77.26000213623047,75.9800033569336,77.26000213623047,76.94999694824219,16231000.0,71.2318344116211
2018-05-02,77.2300033569336,76.30000305175781,76.44999694824219,76.80000305175781,13883700.0,71.0929946899414
2018-05-03,76.61000061035156,75.4000015258789,76.38999938964844,76.54000091552734,12243100.0,70.85231018066406
2018-05-04,77.22000122070312,75.94000244140625,76.12999725341797,76.9000015258789,9887200.0,71.18555450439453
2018-05-07,79.08000183105469,77.4000015258789,77.73999786376953,77.73999786376953,15071500.0,71.963134765625
2018-05-08,78.16000366210938,76.37000274658203,77.80000305175781,78.08999633789062,17430400.0,72.28712463378906
2018-05-09,80.23999786376953,78.94999694824219,78.9800033569336,79.93000030517578,17142100.0,73.99040222167969
2018-05-10,81.79000091552734,80.5,80.63999938964844,81.72000122070312,17710300.0,75.64738464355469
2018-05-11,81.97000122070312,80.91000366210938,81.18000030517578,81.27999877929688,14751000.0,76.0027084350586
2018-05-14,82.31999969482422,81.61000061035156,81.69999694824219,81.83000183105469,11852100.0,76.51700592041016
2018-05-15,82.02999877929688,81.4000015258789,81.8499984741211,81.79000091552734,12595700.0,76.47959899902344
2018-05-16,82.05000305175781,81.16999816894531,81.76000213623047,82.0199966430664,9570000.0,76.69465637207031
2018-05-17,82.27999877929688,81.44000244140625,82.19999694824219,81.87999725341797,11224100.0,76.56375122070312
2018-05-18,81.80000305175781,81.26000213623047,81.55000305175781,81.30000305175781,10030900.0,76.02141571044922
2018-05-21,82.3499984741211,81.5199966430664,81.7300033569336,82.27999877929688,8822400.0,76.93778228759766
2018-05-22,82.6500015258789,81.3499984741211,82.44000244140625,81.63999938964844,10753400.0,76.33934020996094
2018-05-23,82.2300033569336,80.56999969482422,80.94999694824219,82.1500015258789,15140900.0,76.81623077392578
2018-05-24,81.36000061035156,79.94999694824219,81.3499984741211,80.2699966430664,13360500.0,75.05828857421875
2018-05-25,79.33000183105469,78.08999633789062,79.27999877929688,78.70999908447266,14562000.0,73.59956359863281
2018-05-29,78.7300033569336,77.52999877929688,78.1500015258789,78.41999816894531,14644800.0,73.32839965820312
2018-05-30,81.66000366210938,79.22000122070312,79.25,81.5,16627500.0,76.20842742919922
2018-05-31,81.55000305175781,80.69000244140625,80.80999755859375,81.23999786376953,15803100.0,75.9653091430664
2018-06-01,82.3499984741211,81.55000305175781,81.87000274658203,81.83000183105469,9906100.0,76.51700592041016
2018-06-04,82.52999877929688,80.80999755859375,82.05000305175781,80.97000122070312,10954700.0,75.71283721923828
2018-06-05,81.6500015258789,80.41000366210938,80.58999633789062,80.68000030517578,12059300.0,75.4416732788086
2018-06-06,82.08999633789062,80.87000274658203,81.4800033569336,82.05999755859375,11603300.0,76.73206329345703
2018-06-07,83.29000091552734,82.55999755859375,82.7300033569336,82.87999725341797,13502500.0,77.49883270263672
2018-06-08,83.66000366210938,82.5,83.11000061035156,83.5999984741211,14350400.0,78.17208099365234
2018-06-11,83.79000091552734,82.93000030517578,83.72000122070312,83.0999984741211,10831600.0,77.70454406738281
2018-06-12,83.75,82.31999969482422,83.11000061035156,82.41999816894531,12351800.0,77.06869506835938
2018-06-13,82.5999984741211,81.47000122070312,82.44000244140625,81.51000213623047,12049300.0,76.21778106689453
2018-06-14,82.30000305175781,81.5,81.94000244140625,81.88999938964844,11477300.0,76.57310485839844
2018-06-15,81.81999969482422,80.51000213623047,81.72000122070312,80.66000366210938,23797500.0,75.4229736328125
2018-06-18,81.37999725341797,80.30000305175781,80.4000015258789,80.81999969482422,9192600.0,75.57258605957031
2018-06-19,80.95999908447266,79.70999908447266,79.88999938964844,80.69999694824219,8759700.0,75.46036529541016
2018-06-20,81.12999725341797,80.2699966430664,80.8499984741211,80.44999694824219,8917700.0,75.22659301757812
2018-06-21,80.37999725341797,79.33000183105469,80.0199966430664,79.69000244140625,10990700.0,74.51596069335938
2018-06-22,81.94000244140625,80.91999816894531,81.16000366210938,81.37999725341797,16012200.0,76.09622192382812
2018-06-25,81.23999786376953,79.30000305175781,80.77999877929688,79.73999786376953,10557200.0,74.56269836425781
2018-06-26,81.01000213623047,79.97000122070312,80.1500015258789,80.63999938964844,10382800.0,75.40425872802734
2018-06-27,82.4800033569336,81.05999755859375,81.05999755859375,81.70999908447266,12725900.0,76.40479278564453
2018-06-28,82.06999969482422,81.02999877929688,81.7300033569336,81.97000122070312,9390700.0,76.64791107177734
2018-06-29,83.54000091552734,82.29000091552734,82.44999694824219,82.7300033569336,17323200.0,77.35856628417969
2018-07-02,82.12999725341797,81.31999969482422,81.88999938964844,81.76000213623047,9998300.0,76.45154571533203
2018-07-03,83.44999694824219,82.08000183105469,82.58000183105469,82.23999786376953,7197300.0,76.90037536621094
2018-07-05,82.7699966430664,82.05000305175781,82.58999633789062,82.30999755859375,9035700.0,76.96582794189453
2018-07-06,82.69999694824219,81.66000366210938,81.95999908447266,82.33000183105469,7637100.0,76.98454284667969
2018-07-09,83.12999725341797,82.55999755859375,82.80999755859375,82.9000015258789,7158600.0,77.51753234863281
2018-07-10,84.12000274658203,83.51000213623047,83.69999694824219,83.66000366210938,8806200.0,78.22819519042969
2018-07-11,83.52999877929688,82.02999877929688,83.02999877929688,82.58999633789062,10405300.0,77.22764587402344
2018-07-12,83.23999786376953,82.30999755859375,83.01000213623047,82.69000244140625,9762200.0,77.32117462158203
2018-07-13,83.75,82.55999755859375,82.68000030517578,83.30999755859375,8720000.0,77.9009017944336
2018-07-16,82.79000091552734,82.0,82.5199966430664,82.48999786376953,8306900.0,77.13414001464844
2018-07-17,82.75,82.04000091552734,82.26000213623047,82.30999755859375,7373300.0,76.96582794189453
2018-07-18,82.31999969482422,81.48999786376953,81.80000305175781,82.22000122070312,8711900.0,76.88168334960938
2018-07-19,82.62000274658203,81.72000122070312,82.19999694824219,82.01000213623047,8659100.0,76.68531799316406
2018-07-20,81.93000030517578,81.25,81.72000122070312,81.4000015258789,9196300.0,76.11492919921875
2018-07-23,82.0,81.18000030517578,81.94999694824219,81.4000015258789,8425900.0,76.11492919921875
2018-07-24,83.0199966430664,81.4800033569336,81.5199966430664,83.01000213623047,11121000.0,77.62039184570312
2018-07-25,83.73999786376953,82.51000213623047,83.01000213623047,83.58999633789062,9523600.0,78.16272735595703
2018-07-26,84.4000015258789,83.37000274658203,83.83000183105469,84.23999786376953,13210100.0,78.7705307006836
2018-07-27,82.37999725341797,80.80999755859375,80.97000122070312,81.91999816894531,18220800.0,76.60115814208984
2018-07-30,82.12999725341797,80.70999908447266,82.12999725341797,81.73999786376953,11282800.0,76.43284606933594
2018-07-31,82.1500015258789,81.44000244140625,81.63999938964844,81.51000213623047,11716800.0,76.21778106689453
2018-08-01,80.93000030517578,80.22000122070312,80.88999938964844,80.38999938964844,8936300.0,75.17050170898438
2018-08-02,80.26000213623047,79.44999694824219,79.88999938964844,79.91000366210938,8364300.0,74.72166442871094
2018-08-03,80.30000305175781,79.62999725341797,79.97000122070312,80.19999694824219,7811100.0,74.99283599853516
2018-08-06,80.43000030517578,79.73999786376953,80.25,80.18000030517578,10041800.0,74.97413635253906
2018-08-07,81.58999633789062,80.30999755859375,80.91000366210938,81.2699966430664,10698100.0,75.99335479736328
2018-08-08,81.2300033569336,80.3499984741211,81.0199966430664,80.7300033569336,7275000.0,75.48841857910156
2018-08-09,80.91000366210938,80.11000061035156,80.7300033569336,80.31999969482422,9828500.0,75.10504150390625
2018-08-10,79.5199966430664,78.86000061035156,79.51000213623047,79.41999816894531,12954300.0,75.02945709228516
2018-08-13,79.75,78.43000030517578,79.44999694824219,78.55999755859375,10308500.0,74.21699523925781
2018-08-14,79.06999969482422,78.08000183105469,78.98999786376953,78.30999755859375,8005900.0,73.9808349609375
2018-08-15,77.9000015258789,76.51000213623047,77.77999877929688,76.94000244140625,16307800.0,72.68656921386719
2018-08-16,78.0999984741211,77.19999694824219,77.27999877929688,78.0,11519900.0,73.6879653930664
2018-08-17,78.48999786376953,77.80000305175781,78.33999633789062,78.26000213623047,10178400.0,73.93358612060547
2018-08-20,79.0,78.16999816894531,78.26000213623047,78.80999755859375,8152100.0,74.45317840576172
2018-08-21,79.58000183105469,78.66999816894531,79.05000305175781,78.83000183105469,9192200.0,74.47208404541016
2018-08-22,80.05000305175781,79.0199966430664,79.11000061035156,79.95999908447266,10098200.0,75.53961181640625
2018-08-23,79.62999725341797,78.9000015258789,79.55999755859375,79.08000183105469,7203900.0,74.708251953125
2018-08-24,80.05000305175781,79.41999816894531,79.5199966430664,79.62000274658203,6545200.0,75.2184066772461
2018-08-27,80.47000122070312,79.86000061035156,79.91000366210938,80.4000015258789,6671900.0,75.95529174804688
2018-08-28,80.81999969482422,80.19999694824219,80.58000183105469,80.27999877929688,8823400.0,75.8419189453125
2018-08-29,81.04000091552734,80.0999984741211,80.44000244140625,80.86000061035156,8004800.0,76.38986206054688
2018-08-30,80.77999877929688,80.12000274658203,80.44999694824219,80.51000213623047,7450900.0,76.0592041015625
2018-08-31,80.45999908447266,79.7699966430664,80.23999786376953,80.16999816894531,10700000.0,75.73800659179688
2018-09-04,80.69000244140625,79.80999755859375,80.41000366210938,80.29000091552734,8855000.0,75.85137176513672
2018-09-05,81.43000030517578,79.5999984741211,79.9000015258789,81.36000061035156,13878400.0,76.86221313476562
2018-09-06,81.63999938964844,80.33999633789062,81.11000061035156,80.45999908447266,13320600.0,76.011962890625
2018-09-07,81.93000030517578,79.81999969482422,80.1500015258789,81.83000183105469,16417800.0,77.30623626708984
2018-09-10,82.73999786376953,81.66000366210938,82.23999786376953,81.70999908447266,10817900.0,77.19286346435547
2018-09-11,83.19000244140625,81.62999725341797,81.95999908447266,82.86000061035156,11891900.0,78.279296875
2018-09-12,83.77999877929688,82.87000274658203,83.25,83.12999725341797,11556300.0,78.53436279296875
2018-09-13,83.25,82.01000213623047,83.1500015258789,82.31999969482422,11162700.0,77.76913452148438
2018-09-14,83.1500015258789,82.2699966430664,82.41999816894531,82.91999816894531,9442600.0,78.33597564697266
2018-09-17,83.61000061035156,82.98999786376953,83.0,83.41000366210938,8403300.0,78.79888916015625
2018-09-18,84.12999725341797,83.44999694824219,83.9000015258789,83.62999725341797,9219900.0,79.0067138671875
2018-09-19,84.7699966430664,83.63999938964844,83.63999938964844,84.62999725341797,10413600.0,79.95144653320312
2018-09-20,85.33999633789062,84.54000091552734,84.86000061035156,84.81999969482422,11198200.0,80.13094329833984
2018-09-21,85.43000030517578,84.5199966430664,85.01000213623047,85.16999816894531,26639400.0,80.46158599853516
2018-09-24,87.08999633789062,85.72000122070312,85.79000091552734,86.5999984741211,13549500.0,81.81253051757812
2018-09-25,87.36000061035156,86.37000274658203,87.02999877929688,86.5,12200700.0,81.71805572509766
2018-09-26,86.5,85.69000244140625,86.0199966430664,85.77999877929688,10275500.0,81.03787231445312
2018-09-27,86.37999725341797,85.58999633789062,86.08999633789062,85.7699966430664,7895400.0,81.02841186523438
2018-09-28,85.93000030517578,84.98999786376953,85.25,85.0199966430664,9884900.0,80.31986999511719
2018-10-01,86.02999877929688,85.26000213623047,85.3499984741211,85.80999755859375,8566900.0,81.06620788574219
2018-10-02,86.66999816894531,85.62000274658203,85.80000305175781,86.45999908447266,8453100.0,81.6802749633789
2018-10-03,86.88999938964844,85.9800033569336,86.51000213623047,86.1500015258789,10206700.0,81.38742065429688
2018-10-04,86.08000183105469,85.25,85.5,85.58000183105469,10204600.0,80.84892272949219
2018-10-05,85.69999694824219,84.93000030517578,85.30999755859375,85.33999633789062,9217400.0,80.6221923828125
2018-10-08,86.30999755859375,84.6500015258789,84.79000091552734,86.12999725341797,13242400.0,81.36851501464844
2018-10-09,86.87999725341797,85.73999786376953,86.37999725341797,86.51000213623047,10177900.0,81.72750091552734
2018-10-10,86.81999969482422,84.5,86.7300033569336,84.5199966430664,16573400.0,79.84751892089844
2018-10-11,84.16999816894531,81.16999816894531,83.94000244140625,81.5999984741211,20320100.0,77.08895111083984
2018-10-12,82.23999786376953,80.2699966430664,82.12999725341797,81.37999725341797,15216300.0,76.881103515625
2018-10-15,81.73999786376953,80.81999969482422,81.37999725341797,80.81999969482422,10558800.0,76.3520736694336
2018-10-16,81.2699966430664,80.01000213623047,80.51000213623047,81.19999694824219,9781800.0,76.7110595703125
2018-10-17,81.5199966430664,80.33999633789062,80.94000244140625,81.5,12247700.0,76.99447631835938
2018-10-18,82.47000122070312,81.19999694824219,81.19999694824219,81.8499984741211,17448600.0,77.32512664794922
2018-10-19,82.45999908447266,81.51000213623047,81.66000366210938,81.97000122070312,12098700.0,77.43849182128906
2018-10-22,82.18000030517578,80.63999938964844,82.0,81.1500015258789,9474100.0,76.66383361816406
2018-10-23,80.45999908447266,78.72000122070312,80.05999755859375,79.83999633789062,15465100.0,75.4262466430664
2018-10-24,80.26000213623047,77.55000305175781,80.12999725341797,77.62000274658203,16085700.0,73.3289794921875
2018-10-25,79.05000305175781,77.73999786376953,78.48999786376953,78.30999755859375,12315500.0,73.9808349609375
2018-10-26,78.41000366210938,76.95999908447266,77.87000274658203,77.52999877929688,18160100.0,73.24394989013672
2018-10-29,78.43000030517578,76.22000122070312,78.06999969482422,77.05000305175781,15707000.0,72.79048156738281
2018-10-30,79.02999877929688,77.41999816894531,77.62000274658203,78.77999877929688,17758200.0,74.42484283447266
2018-10-31,80.3499984741211,78.9000015258789,79.33999633789062,79.68000030517578,16629100.0,75.27509307861328
2018-11-01,80.75,79.30000305175781,79.83000183105469,80.66999816894531,14159300.0,76.2103500366211
2018-11-02,82.44999694824219,80.2300033569336,81.76000213623047,81.94999694824219,19350400.0,77.41959381103516
2018-11-05,82.87000274658203,81.44000244140625,82.5,81.63999938964844,15815000.0,77.12673950195312
2018-11-06,82.0999984741211,81.3499984741211,81.73999786376953,81.98999786376953,9063200.0,77.45738220214844
2018-11-07,83.13999938964844,81.66000366210938,82.20999908447266,83.02999877929688,12699800.0,78.43988800048828
2018-11-08,83.75,81.54000091552734,83.12999725341797,81.70999908447266,16865500.0,77.19286346435547
2018-11-09,81.4000015258789,79.69000244140625,80.26000213623047,80.87000274658203,15070100.0,77.17378997802734
2018-11-12,81.7300033569336,79.7300033569336,81.66000366210938,79.83000183105469,11906600.0,76.18131256103516
2018-11-13,79.8499984741211,77.63999938964844,79.80000305175781,78.0,15530200.0,74.4349594116211
2018-11-14,79.08999633789062,76.75,78.86000061035156,77.38999938964844,18552100.0,73.85284423828125
2018-11-15,78.19000244140625,75.91000366210938,76.66999816894531,78.19000244140625,18976000.0,74.61627197265625
2018-11-16,79.19000244140625,78.0999984741211,78.37000274658203,78.95999908447266,13704900.0,75.35108947753906
2018-11-19,79.36000061035156,78.43000030517578,78.45999908447266,79.22000122070312,9430800.0,75.59919738769531
2018-11-20,78.9000015258789,76.37000274658203,78.41999816894531,76.97000122070312,15533700.0,73.45204162597656
2018-11-21,78.37999725341797,77.26000213623047,77.43000030517578,77.55999755859375,9685300.0,74.01506805419922
2018-11-23,76.19999694824219,74.69999694824219,76.05000305175781,75.48999786376953,10875400.0,72.0396728515625
2018-11-26,77.31999969482422,76.12000274658203,76.23999786376953,76.9800033569336,13741100.0,73.46157836914062
2018-11-27,77.44999694824219,76.4000015258789,76.56999969482422,77.05000305175781,10344500.0,73.52838134765625
2018-11-28,78.44999694824219,76.83999633789062,77.04000091552734,78.44999694824219,11482100.0,74.86439514160156
2018-11-29,79.52999877929688,78.19000244140625,78.22000122070312,79.05999755859375,10255200.0,75.4465103149414
2018-11-30,79.5999984741211,78.31999969482422,78.44999694824219,79.5,14040100.0,75.86639404296875
2018-12-03,81.45999908447266,80.13999938964844,80.23999786376953,81.22000122070312,19415100.0,77.5077896118164
2018-12-04,81.94999694824219,79.3499984741211,81.37999725341797,79.43000030517578,18540700.0,75.79960632324219
2018-12-06,78.44000244140625,76.91999816894531,78.0,78.38999938964844,23218100.0,74.80713653564453
2018-12-07,80.36000061035156,77.33000183105469,79.38999938964844,77.63999938964844,16224700.0,74.0914077758789
2018-12-10,77.86000061035156,74.80000305175781,77.86000061035156,76.54000091552734,17946200.0,73.04168701171875
2018-12-11,77.80000305175781,75.68000030517578,77.69999694824219,76.68000030517578,15742400.0,73.17529296875
2018-12-12,78.19999694824219,76.0199966430664,78.04000091552734,76.0199966430664,14559800.0,72.54545593261719
2018-12-13,77.22000122070312,75.94999694824219,76.02999877929688,76.9800033569336,13749700.0,73.46157836914062
2018-12-14,76.87000274658203,75.08999633789062,76.72000122070312,75.58000183105469,12669300.0,72.12555694580078
2018-12-17,75.5999984741211,73.4800033569336,75.26000213623047,74.04000091552734,15464100.0,70.65595245361328
2018-12-18,73.86000061035156,71.62000274658203,73.62999725341797,72.0,18681200.0,68.70919799804688
2018-12-19,73.2699966430664,70.30000305175781,72.44999694824219,70.77999877929688,21679600.0,67.54495239257812
2018-12-20,70.66000366210938,68.05000305175781,70.08999633789062,68.62999725341797,28723700.0,65.49321746826172
2018-12-21,70.37000274658203,67.66999816894531,68.13999938964844,68.12000274658203,47287300.0,65.00653076171875
2018-12-24,67.52999877929688,65.44000244140625,66.87000274658203,65.51000213623047,14262800.0,62.51581954956055
2018-12-26,68.66000366210938,64.6500015258789,66.18000030517578,68.63999938964844,24887700.0,65.50276184082031
2018-12-27,68.94000244140625,66.08000183105469,67.73999786376953,68.94000244140625,22077000.0,65.78905487060547
2018-12-28,69.58000183105469,67.81999969482422,69.18000030517578,68.16999816894531,19710600.0,65.05423736572266
2018-12-31,69.1500015258789,67.66000366210938,68.31999969482422,68.19000244140625,15807000.0,65.07333374023438
2019-01-02,69.87000274658203,67.26000213623047,67.3499984741211,69.69000244140625,16727200.0,66.50477600097656
2019-01-03,70.25,68.36000061035156,70.0,68.62000274658203,13866100.0,65.48367309570312
2019-01-04,71.2699966430664,69.36000061035156,69.63999938964844,71.1500015258789,16043600.0,67.8980484008789
2019-01-07,72.0999984741211,70.73999786376953,71.25,71.5199966430664,10844200.0,68.25112915039062
2019-01-08,72.58999633789062,71.94000244140625,72.54000091552734,72.04000091552734,11439000.0,68.74736785888672
2019-01-09,72.5999984741211,71.6500015258789,72.5999984741211,72.41999816894531,13473500.0,69.10999298095703
2019-01-10,72.08000183105469,71.12000274658203,72.06999969482422,72.05000305175781,13151100.0,68.75690460205078
2019-01-11,71.88999938964844,71.06999969482422,71.8499984741211,71.72000122070312,9790100.0,68.4419937133789
2019-01-14,71.77999877929688,71.12000274658203,71.20999908447266,71.62999725341797,11012400.0,68.35610961914062
2019-01-15,72.36000061035156,71.31999969482422,71.94999694824219,71.66999816894531,10298300.0,68.39427185058594
2019-01-16,72.37999725341797,71.30999755859375,71.41999816894531,71.63999938964844,12595600.0,68.36564636230469
2019-01-17,72.33999633789062,70.9000015258789,71.19000244140625,72.12999725341797,10141700.0,68.833251953125
2019-01-18,73.29000091552734,72.12999725341797,73.2699966430664,72.98999786376953,15759200.0,69.65393829345703
2019-01-22,72.70999908447266,71.68000030517578,72.38999938964844,71.88999938964844,15035600.0,68.60421752929688
2019-01-23,72.30000305175781,70.93000030517578,72.01000213623047,71.30000305175781,13187200.0,68.04119110107422
2019-01-24,71.97000122070312,70.63999938964844,71.0999984741211,71.4000015258789,11272500.0,68.13661193847656
2019-01-25,72.2699966430664,71.54000091552734,72.06999969482422,71.72000122070312,8996200.0,68.4419937133789
2019-01-28,71.27999877929688,70.37000274658203,71.0199966430664,71.23999786376953,13678400.0,67.98393249511719
2019-01-29,72.19000244140625,71.4800033569336,71.69999694824219,71.51000213623047,10513200.0,68.24159240722656
2019-01-30,72.56999969482422,71.51000213623047,71.7699966430664,72.29000091552734,11524700.0,68.98593139648438
2019-01-31,73.48999786376953,72.0199966430664,72.29000091552734,73.27999877929688,19876700.0,69.9306869506836
2019-02-01,76.48999786376953,74.31999969482422,74.91999816894531,75.91999816894531,22968700.0,72.45001983642578
2019-02-04,75.76000213623047,74.4000015258789,75.76000213623047,74.81999969482422,15483800.0,71.40030670166016
2019-02-05,75.63999938964844,75.01000213623047,75.18000030517578,75.58999633789062,12786700.0,72.13510131835938
2019-02-06,75.7699966430664,75.12999725341797,75.58000183105469,75.26000213623047,10866900.0,71.8201904296875
2019-02-07,75.19000244140625,73.9000015258789,74.94999694824219,74.68000030517578,14418900.0,71.2667007446289
2019-02-08,74.06999969482422,72.7300033569336,73.76000213623047,73.9800033569336,11959500.0,71.38249206542969
2019-02-11,74.22000122070312,73.4000015258789,73.87999725341797,74.0999984741211,10434800.0,71.49827575683594
2019-02-12,75.44999694824219,74.81999969482422,75.08000183105469,75.4000015258789,12599200.0,72.75263214111328
2019-02-13,76.54000091552734,75.51000213623047,75.58000183105469,76.25,13214600.0,73.57279205322266
2019-02-14,76.6500015258789,75.70999908447266,76.26000213623047,76.2699966430664,12772900.0,73.59207916259766
2019-02-15,77.76000213623047,76.75,76.94000244140625,77.70999908447266,14330300.0,74.98152923583984
2019-02-19,78.4800033569336,77.44999694824219,77.55999755859375,78.2300033569336,13551500.0,75.4832763671875
2019-02-20,78.80999755859375,78.0,78.30000305175781,78.52999877929688,12633100.0,75.7727279663086
2019-02-21,78.66000366210938,77.61000061035156,78.20999908447266,77.81999969482422,10266000.0,75.08766174316406
2019-02-22,78.94999694824219,77.62000274658203,78.70999908447266,78.41999816894531,9519300.0,75.66659545898438
2019-02-25,78.8499984741211,78.19999694824219,78.43000030517578,78.5,9274400.0,75.74378204345703
2019-02-26,79.12999725341797,78.38999938964844,78.68000030517578,78.66000366210938,10990600.0,75.89817810058594
2019-02-27,79.75,78.66000366210938,78.87999725341797,79.47000122070312,12398200.0,76.67973327636719
2019-02-28,79.75,78.70999908447266,79.44999694824219,79.02999877929688,14597900.0,76.25518035888672
2019-03-01,80.0,79.02999877929688,79.37999725341797,80.0,15419400.0,77.19111633300781
2019-03-04,80.55000305175781,79.01000213623047,80.23999786376953,80.30999755859375,18089900.0,77.49022674560547
2019-03-05,80.4000015258789,79.75,80.12000274658203,80.19000244140625,13745500.0,77.37445068359375
2019-03-06,79.37999725341797,77.86000061035156,78.8499984741211,79.27999877929688,18633600.0,76.49639129638672
2019-03-07,80.26000213623047,79.31999969482422,79.55000305175781,80.16000366210938,16541700.0,77.34550476074219
2019-03-08,79.31999969482422,78.25,78.88999938964844,79.01000213623047,16211300.0,76.23587799072266
2019-03-11,80.29000091552734,79.6500015258789,79.9800033569336,79.77999877929688,11060900.0,76.97885131835938
2019-03-12,80.58000183105469,79.88999938964844,80.11000061035156,80.0,11320000.0,77.19111633300781
2019-03-13,80.76000213623047,80.19999694824219,80.58999633789062,80.70999908447266,10260200.0,77.87619018554688
2019-03-14,80.91000366210938,80.3499984741211,80.80000305175781,80.44000244140625,9976700.0,77.61566925048828
2019-03-15,80.55000305175781,80.0999984741211,80.18000030517578,80.1500015258789,25316400.0,77.33585357666016
2019-03-18,81.25,80.44000244140625,80.44000244140625,81.08000183105469,9840600.0,78.23320007324219
2019-03-19,82.0,80.63999938964844,81.58000183105469,80.87000274658203,13936500.0,78.03057098388672
2019-03-20,81.91999816894531,80.55999755859375,80.75,81.31999969482422,13133600.0,78.46477508544922
2019-03-21,81.88999938964844,80.80000305175781,80.80999755859375,81.79000091552734,10117000.0,78.91827392578125
2019-03-22,81.44000244140625,80.30000305175781,81.2300033569336,80.4800033569336,12497700.0,77.6542739868164
2019-03-25,80.44000244140625,79.58999633789062,80.0,79.91999816894531,11320400.0,77.11392211914062
2019-03-26,81.2699966430664,80.18000030517578,80.33000183105469,80.95999908447266,9472800.0,78.1174087524414
2019-03-27,81.30999755859375,79.81999969482422,80.97000122070312,80.33999633789062,7258700.0,77.51918029785156
2019-03-28,80.79000091552734,80.0199966430664,80.02999877929688,80.73999786376953,7412300.0,77.9051284790039
2019-03-29,81.4800033569336,80.4800033569336,81.33000183105469,80.80000305175781,10889200.0,77.9630355834961
2019-04-01,81.77999877929688,81.08000183105469,81.2300033569336,81.7300033569336,10816400.0,78.86038970947266
2019-04-02,81.94999694824219,81.11000061035156,81.75,81.37999725341797,7646000.0,78.52265930175781
2019-04-03,81.7699966430664,80.61000061035156,81.7699966430664,80.9000015258789,8562900.0,78.05951690673828
2019-04-04,82.08000183105469,80.7699966430664,81.12000274658203,82.05000305175781,9360600.0,79.16914367675781
2019-04-05,82.52999877929688,81.94999694824219,82.1500015258789,82.48999786376953,10059100.0,79.59368896484375
2019-04-08,83.19999694824219,82.58999633789062,82.66999816894531,83.0,9108200.0,80.08578491210938
2019-04-09,82.58000183105469,81.73999786376953,82.5199966430664,81.93000030517578,8561600.0,79.05335235595703
2019-04-10,82.08000183105469,81.41000366210938,81.91999816894531,81.55999755859375,10324300.0,78.69634246826172
2019-04-11,82.06999969482422,81.0199966430664,81.54000091552734,81.94999694824219,9115100.0,79.0726547241211
2019-04-12,82.80999755859375,80.58000183105469,82.80999755859375,80.91999816894531,16638700.0,78.07881927490234
2019-04-15,81.05999755859375,80.5199966430664,80.88999938964844,80.6500015258789,8536100.0,77.81829833984375
2019-04-16,81.3499984741211,80.69000244140625,80.80999755859375,81.19999694824219,7005700.0,78.34898376464844
2019-04-17,81.69999694824219,81.08000183105469,81.55000305175781,81.43000030517578,8311400.0,78.57091522216797
2019-04-18,81.83000183105469,81.06999969482422,81.55999755859375,81.12999725341797,9493900.0,78.28144836425781
2019-04-22,83.22000122070312,81.63999938964844,81.87000274658203,82.9000015258789,10770600.0,79.98929595947266
2019-04-23,83.48999786376953,82.68000030517578,83.19000244140625,83.37999725341797,10595100.0,80.45244598388672
2019-04-24,83.08000183105469,81.7300033569336,83.01000213623047,81.76000213623047,11684000.0,78.88932800292969
2019-04-25,82.83999633789062,81.4000015258789,81.6500015258789,82.22000122070312,11135000.0,79.33317565917969
2019-04-26,80.62999725341797,79.55999755859375,80.2699966430664,80.48999786376953,18053500.0,77.6639175415039
2019-04-29,80.37999725341797,79.66000366210938,80.12000274658203,79.97000122070312,10023700.0,77.16217803955078
2019-04-30,80.52999877929688,79.93000030517578,80.37000274658203,80.27999877929688,13721500.0,77.46128845214844
2019-05-01,80.26000213623047,78.62000274658203,79.94000244140625,78.66999816894531,13909800.0,75.9078140258789
2019-05-02,78.5,77.23999786376953,78.27999877929688,77.29000091552734,15360400.0,74.5762710571289
2019-05-03,78.20999908447266,77.44000244140625,77.79000091552734,77.47000122070312,12180700.0,74.74995422363281
2019-05-06,77.66000366210938,76.70999908447266,76.91999816894531,77.12999725341797,13367100.0,74.42188262939453
2019-05-07,76.79000091552734,75.7699966430664,76.5,76.72000122070312,13498800.0,74.02628326416016
2019-05-08,77.29000091552734,76.41999816894531,76.54000091552734,76.83999633789062,11352900.0,74.1420669555664
2019-05-09,76.87999725341797,75.95999908447266,76.3499984741211,76.7699966430664,13221600.0,74.07453155517578
2019-05-10,76.79000091552734,75.16999816894531,76.18000030517578,76.55999755859375,11056000.0,74.7186508178711
2019-05-13,76.2300033569336,75.36000061035156,75.6500015258789,75.70999908447266,12176100.0,73.88909912109375
2019-05-14,76.80000305175781,75.76000213623047,76.12999725341797,75.80999755859375,10548400.0,73.98668670654297
2019-05-15,76.55000305175781,75.20999908447266,75.56999969482422,76.37000274658203,8918000.0,74.53323364257812
2019-05-16,76.94999694824219,76.22000122070312,76.4000015258789,76.36000061035156,8105200.0,74.52346801757812
2019-05-17,76.30000305175781,75.58999633789062,75.6500015258789,75.91000366210938,9279400.0,74.08428955078125
2019-05-20,76.36000061035156,75.66999816894531,76.05000305175781,75.9000015258789,7154300.0,74.07453155517578
2019-05-21,76.45999908447266,75.93000030517578,76.2699966430664,76.25,8489900.0,74.4161148071289
2019-05-22,76.22000122070312,75.38999938964844,76.0199966430664,75.55999755859375,7858300.0,73.74270629882812
2019-05-23,74.80000305175781,73.04000091552734,74.7699966430664,73.79000091552734,14657200.0,72.0152816772461
2019-05-24,74.25,73.44000244140625,74.13999938964844,74.0999984741211,7056400.0,72.31781768798828
2019-05-28,74.25,72.48999786376953,74.23999786376953,72.61000061035156,14912900.0,70.86365509033203
2019-05-29,72.43000030517578,71.62000274658203,71.88999938964844,72.16000366210938,13645200.0,70.42448425292969
2019-05-30,72.12999725341797,71.52999877929688,72.0199966430664,71.97000122070312,9362100.0,70.23905181884766
2019-05-31,71.55000305175781,70.62999725341797,71.19000244140625,70.7699966430664,13983300.0,69.06790924072266
2019-06-03,72.01000213623047,70.97000122070312,71.08999633789062,71.87999725341797,11831000.0,70.15120697021484
2019-06-04,73.66000366210938,72.16999816894531,72.44999694824219,73.58999633789062,10423000.0,71.82008361816406
2019-06-05,73.63999938964844,72.58000183105469,73.63999938964844,72.9800033569336,10617800.0,71.22476196289062
2019-06-06,74.62000274658203,73.58999633789062,73.70999908447266,74.30999755859375,11738900.0,72.52276611328125
2019-06-07,74.95999908447266,74.43000030517578,74.51000213623047,74.58000183105469,9095500.0,72.7862777709961
2019-06-10,75.33000183105469,74.44999694824219,75.19000244140625,74.91000366210938,7760400.0,73.10834503173828
2019-06-11,75.80999755859375,74.81999969482422,75.51000213623047,74.83999633789062,9415100.0,73.04002380371094
2019-06-12,74.61000061035156,73.80999755859375,74.4800033569336,74.02999877929688,7920800.0,72.24950408935547
2019-06-13,75.16999816894531,74.37999725341797,74.69999694824219,74.68000030517578,8986400.0,72.88387298583984
2019-06-14,74.80999755859375,74.2300033569336,74.68000030517578,74.3499984741211,8575900.0,72.56180572509766
2019-06-17,75.19000244140625,74.04000091552734,74.16000366210938,75.08999633789062,9355700.0,73.28400421142578
2019-06-18,76.22000122070312,75.3499984741211,75.41999816894531,75.73999786376953,10091500.0,73.91837310791016
2019-06-19,75.8499984741211,75.16999816894531,75.4000015258789,75.31999969482422,9757400.0,73.50847625732422
2019-06-20,76.97000122070312,76.08000183105469,76.23999786376953,76.61000061035156,16229700.0,74.76744842529297
2019-06-21,77.76000213623047,76.87000274658203,77.13999938964844,77.69000244140625,23108100.0,75.82147979736328
2019-06-24,77.76000213623047,76.80999755859375,77.52999877929688,76.94999694824219,10011800.0,75.09927368164062
2019-06-25,77.22000122070312,76.19000244140625,77.08000183105469,76.2699966430664,9740000.0,74.43563079833984
2019-06-26,77.12999725341797,76.47000122070312,76.68000030517578,76.5999984741211,11365500.0,74.75769805908203
2019-06-27,76.75,75.76000213623047,76.58999633789062,75.81999969482422,8147800.0,73.99645233154297
2019-06-28,76.7300033569336,75.94000244140625,76.19000244140625,76.62999725341797,14781300.0,74.7869644165039
2019-07-01,77.93000030517578,76.29000091552734,77.12999725341797,76.55999755859375,11453800.0,74.7186508178711
2019-07-02,76.2699966430664,75.41000366210938,76.13999938964844,75.72000122070312,10475400.0,73.89885711669922
2019-07-03,76.5,75.62999725341797,75.81999969482422,76.44000244140625,5246100.0,74.60154724121094
2019-07-05,76.3499984741211,75.58999633789062,76.19000244140625,76.12999725341797,6880800.0,74.29899597167969
2019-07-08,76.69999694824219,75.91999816894531,76.13999938964844,76.4800033569336,7876100.0,74.64058685302734
2019-07-09,76.7699966430664,75.7300033569336,76.44999694824219,76.43000030517578,7863000.0,74.59178161621094
2019-07-10,77.62999725341797,76.73999786376953,76.80000305175781,77.51000213623047,8077400.0,75.64581298828125
2019-07-11,77.61000061035156,77.05000305175781,77.41000366210938,77.56999969482422,6404000.0,75.70436096191406
2019-07-12,77.87999725341797,77.5,77.75,77.62999725341797,6139000.0,75.76292419433594
2019-07-15,77.73999786376953,76.88999938964844,77.62999725341797,77.08000183105469,7116400.0,75.22615051269531
2019-07-16,77.06999969482422,75.79000091552734,76.91999816894531,75.93000030517578,10197400.0,74.10380554199219
2019-07-17,75.95999908447266,75.3499984741211,75.73999786376953,75.4800033569336,7419300.0,73.66463470458984
2019-07-18,75.2699966430664,74.18000030517578,75.02999877929688,74.83999633789062,11425700.0,73.04002380371094
2019-07-19,75.25,74.54000091552734,74.9000015258789,74.98999786376953,11243100.0,73.18640899658203
2019-07-22,75.30000305175781,74.5,75.23999786376953,75.06999969482422,8368800.0,73.26448822021484
2019-07-23,75.7699966430664,74.75,75.1500015258789,75.37000274658203,8551200.0,73.5572738647461
2019-07-24,76.05000305175781,74.8499984741211,75.38999938964844,75.36000061035156,8260200.0,73.54752349853516
2019-07-25,75.77999877929688,74.80000305175781,75.77999877929688,74.93000030517578,9083900.0,73.12786102294922
2019-07-26,75.08000183105469,74.5999984741211,74.87000274658203,74.80999755859375,7677300.0,73.0107421875
2019-07-29,75.37999725341797,74.69999694824219,74.87999725341797,75.33999633789062,7091900.0,73.52799224853516
2019-07-30,75.55999755859375,74.88999938964844,75.05999755859375,75.3499984741211,6929200.0,73.53775787353516
2019-07-31,75.66000366210938,74.26000213623047,75.04000091552734,74.36000061035156,13104600.0,72.57156372070312
2019-08-01,74.2699966430664,72.2699966430664,73.73999786376953,72.45999908447266,17132800.0,70.7172622680664
2019-08-02,73.26000213623047,71.18000030517578,72.61000061035156,71.75,21376700.0,70.02434539794922
2019-08-05,70.91999816894531,69.61000061035156,70.77999877929688,70.27999877929688,19080900.0,68.5896987915039
2019-08-06,71.01000213623047,70.27999877929688,70.29000091552734,70.95999908447266,12282400.0,69.25333404541016
2019-08-07,70.87999725341797,69.4000015258789,69.86000061035156,70.5,15231100.0,68.80440521240234
2019-08-08,72.41000366210938,70.62000274658203,70.8499984741211,72.37999725341797,14304100.0,70.63919067382812
2019-08-09,72.25,70.47000122070312,72.12999725341797,70.83999633789062,13686600.0,69.13623046875
2019-08-12,70.16000366210938,69.33000183105469,70.05999755859375,69.62999725341797,8668400.0,68.80027770996094
2019-08-13,70.62000274658203,68.91999816894531,69.2699966430664,70.48999786376953,12403300.0,69.6500244140625
2019-08-14,69.08999633789062,67.6500015258789,69.06999969482422,67.6500015258789,18114400.0,66.8438720703125
2019-08-15,67.55999755859375,66.52999877929688,67.45999908447266,67.25,12874400.0,66.44863891601562
2019-08-16,68.45999908447266,67.2699966430664,67.77999877929688,68.30000305175781,12649000.0,67.48612976074219
2019-08-19,69.6500015258789,68.86000061035156,68.97000122070312,69.44999694824219,10032800.0,68.62242126464844
2019-08-20,69.30000305175781,68.70999908447266,69.30000305175781,69.02999877929688,9743500.0,68.20742797851562
2019-08-21,69.9800033569336,69.37000274658203,69.95999908447266,69.72000122070312,10134200.0,68.88920593261719
2019-08-22,69.95999908447266,69.25,69.91000366210938,69.56999969482422,8972000.0,68.7409896850586
2019-08-23,69.52999877929688,67.02999877929688,68.81999969482422,67.48999786376953,15371900.0,66.68577575683594
2019-08-26,68.26000213623047,67.52999877929688,68.12000274658203,67.8499984741211,7343900.0,67.04148864746094
2019-08-27,68.44000244140625,66.97000122070312,68.12999725341797,67.19000244140625,9490900.0,66.38935852050781
2019-08-28,67.9800033569336,67.16000366210938,67.52999877929688,67.68000030517578,9647400.0,66.8735122680664
2019-08-29,68.66999816894531,68.08999633789062,68.30000305175781,68.43000030517578,9004100.0,67.61457824707031
2019-08-30,69.08000183105469,68.05999755859375,68.61000061035156,68.4800033569336,9180800.0,67.66398620605469
2019-09-03,68.68000030517578,67.62999725341797,67.88999938964844,68.55999755859375,9849700.0,67.74302673339844
2019-09-04,69.61000061035156,69.08999633789062,69.5,69.29000091552734,6959200.0,68.4643325805664
2019-09-05,70.55000305175781,69.69999694824219,69.83999633789062,70.2699966430664,9901500.0,69.43264770507812
2019-09-06,70.94999694824219,70.12000274658203,70.3499984741211,70.93000030517578,10418500.0,70.08478546142578
2019-09-09,72.06999969482422,70.9800033569336,71.16000366210938,71.48999786376953,12840200.0,70.63811492919922
2019-09-10,72.8499984741211,71.62000274658203,72.13999938964844,72.06999969482422,13810800.0,71.2112045288086
2019-09-11,72.83999633789062,71.55000305175781,72.77999877929688,71.93000030517578,10525700.0,71.07286834716797
2019-09-12,72.16000366210938,70.69999694824219,70.9800033569336,71.9800033569336,9100700.0,71.12227630615234
2019-09-13,72.72000122070312,72.05999755859375,72.26000213623047,72.63999938964844,7337200.0,71.77440643310547
2019-09-16,75.18000030517578,73.5999984741211,75.04000091552734,73.7300033569336,19830200.0,72.85142517089844
2019-09-17,74.08000183105469,72.62999725341797,73.81999969482422,73.16999816894531,14452200.0,72.298095703125
2019-09-18,72.97000122070312,72.33000183105469,72.6500015258789,72.81999969482422,7292200.0,71.95226287841797
2019-09-19,73.19000244140625,72.19000244140625,72.97000122070312,72.33000183105469,8050200.0,71.46810913085938
2019-09-20,72.5,71.86000061035156,72.48999786376953,72.08000183105469,19736600.0,71.22108459472656
2019-09-23,72.36000061035156,71.45999908447266,71.5199966430664,72.12999725341797,7495200.0,71.2704849243164
2019-09-24,71.87000274658203,70.81999969482422,71.80999755859375,71.13999938964844,13307100.0,70.29228210449219
2019-09-25,71.47000122070312,70.81999969482422,70.9800033569336,71.3499984741211,8035200.0,70.4997787475586
2019-09-26,71.3499984741211,70.68000030517578,71.22000122070312,70.97000122070312,8420200.0,70.12431335449219
2019-09-27,71.66999816894531,70.62999725341797,70.69999694824219,71.4800033569336,8224000.0,70.62823486328125
2019-09-30,71.44999694824219,70.58000183105469,71.23999786376953,70.61000061035156,9768900.0,69.76860046386719
2019-10-01,70.91000366210938,68.91000366210938,70.83000183105469,68.94999694824219,10279100.0,68.12837982177734
2019-10-02,68.58999633789062,67.01000213623047,68.2699966430664,67.1500015258789,14503700.0,66.3498306274414
2019-10-03,68.0,66.30999755859375,67.0,67.9800033569336,10788400.0,67.1699447631836
2019-10-04,69.06999969482422,67.81999969482422,68.11000061035156,68.97000122070312,10534800.0,68.14813995361328
2019-10-07,69.02999877929688,68.0199966430664,68.69999694824219,68.0199966430664,10993000.0,67.20945739746094
2019-10-08,67.91999816894531,66.63999938964844,67.54000091552734,66.69999694824219,9748700.0,65.90518951416016
2019-10-09,67.69999694824219,67.19999694824219,67.30000305175781,67.44000244140625,8580900.0,66.6363754272461
2019-10-10,68.36000061035156,67.37999725341797,67.43000030517578,68.25,7100100.0,67.43672180175781
2019-10-11,69.48999786376953,68.88999938964844,68.9800033569336,68.9800033569336,10101900.0,68.15802764892578
2019-10-14,69.37000274658203,68.58999633789062,68.5999984741211,69.18000030517578,6234600.0,68.35563659667969
2019-10-15,70.0,69.01000213623047,69.05999755859375,69.41999816894531,6645700.0,68.59278106689453
2019-10-16,69.52999877929688,68.20999908447266,69.20999908447266,68.2300033569336,9765800.0,67.41696166992188
2019-10-17,68.87999725341797,68.08000183105469,68.4800033569336,68.13999938964844,9757200.0,67.32803344726562
2019-10-18,68.1500015258789,67.61000061035156,67.87000274658203,67.61000061035156,13472700.0,66.80435180664062
2019-10-21,68.7699966430664,67.81999969482422,67.81999969482422,68.73999786376953,10199300.0,67.92088317871094
2019-10-22,69.76000213623047,68.6500015258789,68.77999877929688,69.08999633789062,9536000.0,68.26670837402344
2019-10-23,69.76000213623047,68.77999877929688,68.95999908447266,69.75,8641800.0,68.9188461303711
2019-10-24,70.05000305175781,69.0199966430664,69.95999908447266,69.08999633789062,9003600.0,68.26670837402344
2019-10-25,69.4800033569336,68.9000015258789,68.9000015258789,69.25,7607200.0,68.4248046875
2019-10-28,69.66999816894531,68.58000183105469,69.45999908447266,68.63999938964844,11209600.0,67.82207489013672
2019-10-29,69.02999877929688,68.23999786376953,68.4800033569336,68.44000244140625,13894400.0,67.62445831298828
2019-10-30,68.37000274658203,67.2699966430664,68.37000274658203,67.72000122070312,12840600.0,66.91304016113281
2019-10-31,67.72000122070312,67.13999938964844,67.45999908447266,67.56999969482422,16169100.0,66.76482391357422
2019-11-01,69.61000061035156,68.30999755859375,68.38999938964844,69.5999984741211,14108700.0,68.77063751220703
2019-11-04,71.87000274658203,69.94000244140625,70.06999969482422,71.66999816894531,15858200.0,70.81596374511719
2019-11-05,73.12000274658203,71.8499984741211,72.04000091552734,73.08999633789062,14930400.0,72.21904754638672
2019-11-06,72.87000274658203,71.19999694824219,72.7300033569336,71.48999786376953,13996500.0,70.63811492919922
2019-11-07,73.02999877929688,72.0,72.02999877929688,73.01000213623047,13073800.0,72.14000701904297
2019-11-08,71.80000305175781,70.66000366210938,71.61000061035156,70.7699966430664,12106000.0,70.7699966430664
2019-11-11,70.61000061035156,69.97000122070312,70.20999908447266,70.33999633789062,8674000.0,70.33999633789062
2019-11-12,70.41000366210938,68.9800033569336,70.2699966430664,69.37000274658203,13918600.0,69.37000274658203
2019-11-13,69.1500015258789,68.5999984741211,69.0199966430664,68.80000305175781,11773700.0,68.80000305175781
2019-11-14,68.97000122070312,68.18000030517578,68.86000061035156,68.5,11279800.0,68.5
2019-11-15,69.30000305175781,68.66999816894531,68.70999908447266,69.19000244140625,11252800.0,69.19000244140625
2019-11-18,68.81999969482422,68.30000305175781,68.69999694824219,68.5199966430664,10095600.0,68.5199966430664
2019-11-19,68.55999755859375,67.77999877929688,68.4000015258789,67.81999969482422,12605500.0,67.81999969482422
2019-11-20,68.54000091552734,67.31999969482422,67.66999816894531,68.02999877929688,16930700.0,68.02999877929688
2019-11-21,69.75,67.91999816894531,68.0199966430664,69.66999816894531,14080500.0,69.66999816894531
2019-11-22,70.18000030517578,69.33000183105469,69.70999908447266,69.37000274658203,12143600.0,69.37000274658203
2019-11-25,69.44000244140625,68.70999908447266,69.37000274658203,68.91000366210938,10670000.0,68.91000366210938
2019-11-26,69.04000091552734,68.44000244140625,68.91999816894531,68.73999786376953,15457000.0,68.73999786376953
2019-11-27,69.08999633789062,68.41000366210938,68.76000213623047,68.69999694824219,8393900.0,68.69999694824219
2019-11-29,68.52999877929688,68.0,68.33000183105469,68.12999725341797,7980800.0,68.12999725341797
2019-12-02,68.87999725341797,68.37000274658203,68.5,68.41999816894531,11116900.0,68.41999816894531
2019-12-03,68.25,67.5199966430664,68.0,67.87999725341797,12245800.0,67.87999725341797
2019-12-04,68.76000213623047,68.13999938964844,68.25,68.6500015258789,11049700.0,68.6500015258789
2019-12-05,68.97000122070312,68.20999908447266,68.88999938964844,68.41000366210938,13109000.0,68.41000366210938
2019-12-06,69.87000274658203,68.76000213623047,68.76000213623047,69.51000213623047,13710800.0,69.51000213623047
2019-12-09,69.97000122070312,69.0199966430664,69.08000183105469,69.66000366210938,12397700.0,69.66000366210938
2019-12-10,70.1500015258789,68.69999694824219,69.66000366210938,69.05999755859375,14281800.0,69.05999755859375
2019-12-11,69.76000213623047,68.66999816894531,68.73999786376953,68.95999908447266,13748400.0,68.95999908447266
2019-12-12,70.37999725341797,68.9000015258789,68.95999908447266,70.33999633789062,17068500.0,70.33999633789062
2019-12-13,70.54000091552734,69.12000274658203,70.4800033569336,69.2300033569336,12274500.0,69.2300033569336
2019-12-16,70.25,69.69999694824219,69.69999694824219,70.0,15208700.0,70.0
2019-12-17,70.37999725341797,69.30999755859375,69.9800033569336,69.68000030517578,14450700.0,69.68000030517578
2019-12-18,70.29000091552734,69.27999877929688,69.62999725341797,69.87000274658203,13652300.0,69.87000274658203
2019-12-19,70.05000305175781,69.23999786376953,69.98999786376953,69.38999938964844,13273200.0,69.38999938964844
2019-12-20,70.2300033569336,69.38999938964844,69.86000061035156,69.94000244140625,35092000.0,69.94000244140625
2019-12-23,70.30000305175781,69.52999877929688,69.86000061035156,70.29000091552734,14172500.0,70.29000091552734
2019-12-24,70.5,69.91000366210938,70.3499984741211,70.0199966430664,3979400.0,70.0199966430664
2019-12-26,70.5,70.01000213623047,70.19000244140625,70.12999725341797,8840200.0,70.12999725341797
2019-12-27,70.30999755859375,69.87999725341797,70.19999694824219,69.88999938964844,10516100.0,69.88999938964844
2019-12-30,70.44000244140625,69.4000015258789,70.08999633789062,69.4800033569336,12689400.0,69.4800033569336
2019-12-31,69.80000305175781,69.01000213623047,69.0199966430664,69.77999877929688,13151800.0,69.77999877929688
2020-01-02,71.0199966430664,70.23999786376953,70.23999786376953,70.9000015258789,12456400.0,70.9000015258789
2020-01-03,71.37000274658203,70.16000366210938,71.33999633789062,70.33000183105469,17386900.0,70.33000183105469
2020-01-06,71.36000061035156,70.2300033569336,70.31999969482422,70.87000274658203,20081900.0,70.87000274658203
2020-01-07,70.5199966430664,69.51000213623047,70.5,70.29000091552734,17387700.0,70.29000091552734
2020-01-08,70.29000091552734,69.16999816894531,70.11000061035156,69.2300033569336,15137700.0,69.2300033569336
2020-01-09,69.9000015258789,68.62999725341797,69.13999938964844,69.76000213623047,14811800.0,69.76000213623047
2020-01-10,69.95999908447266,69.12000274658203,69.93000030517578,69.13999938964844,11995600.0,69.13999938964844
2020-01-13,69.87000274658203,69.11000061035156,69.19999694824219,69.80000305175781,9953900.0,69.80000305175781
2020-01-14,69.58000183105469,68.88999938964844,69.37999725341797,69.19999694824219,16261000.0,69.19999694824219
2020-01-15,69.58999633789062,68.88999938964844,69.19999694824219,69.08999633789062,11390300.0,69.08999633789062
2020-01-16,69.58000183105469,68.80000305175781,69.30000305175781,68.81999969482422,13340300.0,68.81999969482422
2020-01-17,69.08000183105469,68.29000091552734,68.75,68.55999755859375,18144100.0,68.55999755859375
2020-01-21,68.41999816894531,67.51000213623047,68.37999725341797,67.58000183105469,17982600.0,67.58000183105469
2020-01-22,67.69999694824219,67.0,67.55999755859375,67.19000244140625,17033100.0,67.19000244140625
2020-01-23,66.93000030517578,66.05000305175781,66.70999908447266,66.7699966430664,19605900.0,66.7699966430664
2020-01-24,66.68000030517578,66.04000091552734,66.54000091552734,66.31999969482422,18238600.0,66.31999969482422
2020-01-27,65.7300033569336,64.69999694824219,65.41999816894531,64.73999786376953,21231000.0,64.73999786376953
2020-01-28,65.19999694824219,64.62999725341797,65.11000061035156,64.6500015258789,19664700.0,64.6500015258789
2020-01-29,65.12999725341797,63.900001525878906,65.02999877929688,64.11000061035156,14202800.0,64.11000061035156
