Date,Open,High,Low,Close,Adj Close,Volume
2017-06-07,78.910004,80.089996,78.790001,79.809998,78.630447,4284000
2017-06-08,79.809998,80.199997,79.66999799999999,79.949997,78.76837900000001,4047400
2017-06-09,80.389999,80.730003,79.730003,80.309998,79.123062,3849400
2017-06-12,80.349998,80.730003,80.07,80.16999799999999,78.98513,3352300
2017-06-13,80.199997,80.739998,80.07,80.589996,79.398926,3174400
2017-06-14,80.110001,80.91999799999999,79.620003,80.839996,79.64523299999999,4013100
2017-06-15,80.379997,81.239998,80.230003,80.699997,79.507301,2773400
2017-06-16,80.860001,81.480003,80.769997,81.449997,80.246216,5914700
2017-06-19,81.559998,81.940002,81.290001,81.879997,80.669861,3076500
2017-06-20,81.980003,82.809998,81.800003,82.510002,81.290565,3929100
2017-06-21,82.599998,82.800003,81.989998,82.209999,80.994987,2683400
2017-06-22,82.110001,82.629997,82.059998,82.25,81.03439300000001,2312100
2017-06-23,82.389999,82.699997,82.059998,82.220001,81.004837,3785300
2017-06-26,82.5,83.290001,82.440002,82.959999,81.733902,2491600
2017-06-27,83.059998,83.519997,83.010002,83.08000200000001,81.852127,2994500
2017-06-28,83.510002,84.269997,83.400002,83.970001,82.728973,3668500
2017-06-29,84.91999799999999,85.389999,83.160004,83.629997,82.394005,5092600
2017-06-30,84.089996,84.639999,83.589996,84.239998,82.994987,3320800
2017-07-03,84.690002,85.739998,84.690002,85.099998,83.84227800000001,2306900
2017-07-05,85.220001,85.879997,84.809998,84.889999,83.95105699999999,3501200
2017-07-06,84.66999799999999,84.839996,83.720001,83.739998,82.813766,3213400
2017-07-07,83.93,84.690002,83.769997,84.33000200000001,83.397255,2454600
2017-07-10,84.129997,84.57,83.970001,84.300003,83.367584,2147000
2017-07-11,84.230003,84.309998,83.540001,84.160004,83.229134,2733200
2017-07-12,84.279999,84.980003,84.059998,84.82,83.88183599999999,4629100
2017-07-13,84.93,85.43,84.739998,85.370003,84.42574300000001,3309400
2017-07-14,84.849998,85.559998,84.589996,85.279999,84.336739,3354700
2017-07-17,85.129997,85.519997,84.779999,85.220001,84.277412,2190500
2017-07-18,84.959999,85.559998,84.760002,85.519997,84.574081,2816000
2017-07-19,85.760002,85.980003,85.300003,85.93,84.97955300000001,5539700
2017-07-20,84.940002,85.449997,84.529999,85.349998,84.405968,5386400
2017-07-21,85.790001,86.279999,85.43,85.589996,84.643311,3570400
2017-07-24,85.449997,85.66999799999999,83.860001,85.0,84.059837,5389100
2017-07-25,85.839996,86.099998,85.08000200000001,85.410004,84.46530899999999,3255200
2017-07-26,85.410004,85.720001,85.16999799999999,85.300003,84.35652900000001,3038100
2017-07-27,85.18,85.199997,83.33000200000001,83.849998,82.922562,6119300
2017-07-28,83.879997,85.099998,83.620003,84.800003,83.862061,3321200
2017-07-31,85.16999799999999,85.699997,84.839996,85.230003,84.2873,3079800
2017-08-01,85.720001,85.839996,85.139999,85.239998,84.29718000000001,3148800
2017-08-02,85.150002,85.360001,84.970001,85.300003,84.35652900000001,3252300
2017-08-03,85.239998,85.879997,85.139999,85.540001,84.593864,2381800
2017-08-04,85.989998,86.33000200000001,85.839996,85.970001,85.01911199999999,2840200
2017-08-07,86.099998,86.190002,85.68,85.849998,84.900429,2089100
2017-08-08,85.43,86.66999799999999,85.410004,85.940002,84.989441,2922800
2017-08-09,85.739998,85.970001,85.239998,85.690002,84.74221,2961000
2017-08-10,85.440002,85.58000200000001,84.550003,84.559998,83.62469499999999,3755200
2017-08-11,84.760002,84.860001,83.970001,84.290001,83.357697,3078600
2017-08-14,84.739998,85.66999799999999,84.720001,85.470001,84.524635,2874000
2017-08-15,85.989998,86.970001,85.879997,86.790001,85.83004,3774100
2017-08-16,87.0,87.779999,86.989998,87.389999,86.423401,3379600
2017-08-17,87.339996,87.629997,86.050003,86.089996,85.13777900000001,3870400
2017-08-18,85.989998,86.129997,85.209999,85.379997,84.43562299999999,4271200
2017-08-21,85.449997,85.639999,84.949997,85.300003,84.35652900000001,2505100
2017-08-22,85.470001,85.730003,84.910004,85.300003,84.35652900000001,2155300
2017-08-23,84.709999,85.510002,84.699997,85.279999,84.336739,1960400
2017-08-24,85.489998,85.529999,85.040001,85.360001,84.41585500000001,2057900
2017-08-25,85.5,85.959999,85.41999799999999,85.470001,84.524635,2302100
2017-08-28,85.660004,85.690002,85.209999,85.410004,84.46530899999999,2105500
2017-08-29,84.75,85.510002,84.400002,85.41999799999999,84.475189,2779400
2017-08-30,85.379997,85.739998,85.220001,85.690002,84.74221,2131700
2017-08-31,86.0,86.279999,85.699997,86.099998,85.147667,3792300
2017-09-01,86.309998,86.540001,86.050003,86.139999,85.18723299999999,2262700
2017-09-05,85.720001,85.910004,84.68,85.309998,84.36640899999999,3089800
2017-09-06,85.57,85.839996,85.0,85.230003,84.2873,2823300
2017-09-07,85.269997,85.519997,84.08000200000001,84.410004,83.476372,2905400
2017-09-08,84.18,85.010002,84.019997,84.25,83.31813000000001,3462100
2017-09-11,84.970001,86.120003,84.970001,85.690002,84.74221,3397500
2017-09-12,85.970001,86.599998,85.809998,86.550003,85.592697,3333300
2017-09-13,86.41999799999999,86.769997,86.389999,86.639999,85.681702,2396500
2017-09-14,86.540001,86.800003,86.160004,86.190002,85.23667900000001,2764900
2017-09-15,86.519997,86.989998,86.07,86.989998,86.027824,7791600
2017-09-18,87.08000200000001,87.870003,86.949997,87.870003,86.89810200000001,3395100
2017-09-19,87.970001,89.230003,87.879997,89.0,88.015602,4043800
2017-09-20,89.25,89.379997,88.269997,88.43,87.451904,4251000
2017-09-21,88.449997,88.800003,88.040001,88.41999799999999,87.442009,2877800
2017-09-22,88.300003,88.709999,88.099998,88.400002,87.422234,2770100
2017-09-25,88.279999,88.639999,87.839996,88.209999,87.234329,2863100
2017-09-26,88.470001,88.769997,88.199997,88.690002,87.70903,2197800
2017-09-27,89.68,89.739998,89.029999,89.489998,88.500175,2888900
2017-09-28,89.230003,90.309998,89.230003,90.139999,89.14298199999999,2458800
2017-09-29,90.040001,90.769997,89.93,90.459999,89.45944200000001,2996300
2017-10-02,90.440002,91.16999799999999,90.099998,90.540001,89.538567,4466400
2017-10-03,90.589996,91.639999,90.589996,91.43,90.418716,2912300
2017-10-04,91.599998,91.610001,90.910004,91.010002,90.003365,3091700
2017-10-05,90.959999,91.620003,90.769997,91.160004,90.499748,2991000
2017-10-06,91.25,91.589996,91.089996,91.550003,90.886925,1891800
2017-10-09,91.589996,91.959999,91.5,91.690002,91.025909,1653700
2017-10-10,91.879997,92.339996,91.779999,91.889999,91.224457,2247200
2017-10-11,91.860001,92.650002,91.809998,91.959999,91.293953,3051400
2017-10-12,91.629997,92.230003,91.41999799999999,91.610001,90.94648000000001,3279000
2017-10-13,91.5,92.91999799999999,91.260002,92.860001,92.187439,3224200
2017-10-16,93.040001,93.349998,90.809998,91.959999,91.293953,4294000
2017-10-17,91.940002,92.099998,91.58000200000001,91.690002,91.025909,2939600
2017-10-18,91.800003,92.269997,91.68,92.08000200000001,91.41308599999999,4720200
2017-10-19,90.400002,92.949997,90.040001,91.900002,91.234383,6512100
2017-10-20,92.839996,93.290001,91.970001,92.089996,91.423004,4442200
2017-10-23,92.220001,93.089996,92.220001,92.379997,91.71090699999999,2963100
2017-10-24,92.599998,93.93,92.33000200000001,93.860001,93.180183,4481500
2017-10-25,94.0,94.239998,93.269997,93.529999,92.852577,4266100
2017-10-26,93.989998,95.730003,93.980003,95.690002,94.996933,4136800
2017-10-27,95.449997,96.019997,95.029999,95.790001,95.09620699999999,3212200
2017-10-30,95.730003,96.120003,94.839996,95.07,94.381424,3096500
2017-10-31,94.980003,95.610001,94.519997,95.519997,94.828163,3146400
2017-11-01,96.290001,96.57,95.440002,95.790001,95.09620699999999,2320000
2017-11-02,96.0,96.239998,95.389999,95.980003,95.284836,3013300
2017-11-03,96.279999,96.43,95.779999,96.43,95.731575,2089500
2017-11-06,96.349998,96.730003,95.93,96.290001,95.59259,1848300
2017-11-07,96.41999799999999,96.900002,95.18,95.370003,94.679253,3200900
2017-11-08,95.099998,95.279999,94.449997,95.129997,94.44098699999999,2163700
2017-11-09,94.339996,94.660004,93.279999,93.75,93.070984,3949800
2017-11-10,93.790001,94.150002,93.389999,93.519997,92.842651,2714400
2017-11-13,93.0,93.980003,92.779999,93.900002,93.219902,2708500
2017-11-14,93.57,93.790001,92.940002,93.760002,93.08091,2843700
2017-11-15,93.269997,93.790001,92.800003,93.260002,92.58453399999999,3236600
2017-11-16,93.550003,94.040001,93.300003,93.559998,92.882355,2586500
2017-11-17,93.309998,93.760002,92.91999799999999,93.690002,93.011421,3261200
2017-11-20,93.91999799999999,94.339996,93.68,93.949997,93.269531,3456600
2017-11-21,94.41999799999999,94.650002,94.120003,94.410004,93.726212,2917000
2017-11-22,94.389999,94.709999,93.480003,93.82,93.14048000000001,2159100
2017-11-24,93.970001,94.120003,93.470001,93.480003,92.802948,837300
2017-11-27,93.57,94.0,93.360001,93.470001,92.793015,2731300
2017-11-28,93.760002,95.279999,93.58000200000001,95.279999,94.589905,3536400
2017-11-29,95.959999,97.32,95.599998,96.599998,95.900337,4325500
2017-11-30,97.019997,98.489998,96.809998,97.709999,97.00230400000001,5328300
2017-12-01,98.08000200000001,98.220001,95.849998,97.860001,97.15121500000001,3445200
2017-12-04,98.620003,99.16999799999999,97.980003,98.589996,97.87593100000001,4562400
2017-12-05,99.199997,99.75,98.58000200000001,98.709999,97.995064,3525600
2017-12-06,98.639999,98.82,98.16999799999999,98.209999,97.49868000000001,3081300
2017-12-07,97.760002,99.120003,97.480003,98.58000200000001,97.865997,3026100
2017-12-08,99.0,99.0,98.139999,98.550003,97.83622,3850300
2017-12-11,98.599998,99.040001,98.239998,99.0,98.282967,2984100
2017-12-12,98.879997,99.660004,98.849998,99.370003,98.650284,3455500
2017-12-13,99.120003,99.309998,97.760002,97.779999,97.0718,3463900
2017-12-14,98.309998,98.650002,97.150002,97.150002,96.44635799999999,3464600
2017-12-15,97.779999,98.839996,97.440002,98.519997,97.806435,7891800
2017-12-18,99.190002,100.529999,98.989998,99.68,98.958031,3485400
2017-12-19,100.209999,100.389999,99.120003,99.150002,98.431877,3282600
2017-12-20,99.709999,99.940002,98.459999,98.510002,97.796516,3091000
2017-12-21,99.050003,99.190002,98.370003,98.5,97.786583,2339500
2017-12-22,98.470001,99.040001,98.209999,98.739998,98.02484100000001,1980300
2017-12-26,98.800003,98.91999799999999,98.129997,98.57,97.856071,1575200
2017-12-27,98.900002,99.25,98.57,99.129997,98.412018,2569900
2017-12-28,99.639999,99.910004,99.360001,99.699997,98.977882,1914900
2017-12-29,100.0,100.25,99.260002,99.309998,98.590714,2056800
2018-01-02,99.730003,99.730003,98.220001,98.940002,98.223396,2746700
2018-01-03,99.239998,99.760002,99.019997,99.550003,98.828979,2976400
2018-01-04,100.029999,101.650002,99.910004,100.849998,100.472809,3122000
2018-01-05,100.849998,101.08000200000001,100.269997,101.08000200000001,100.70195,2550300
2018-01-08,101.0,101.199997,100.120003,100.150002,99.775429,1896500
2018-01-09,100.360001,100.800003,100.269997,100.519997,100.144035,2978500
2018-01-10,100.389999,101.589996,100.33000200000001,101.220001,100.84142299999999,2279200
2018-01-11,101.440002,101.440002,100.199997,100.730003,100.353256,2745400
2018-01-12,100.860001,101.029999,99.93,100.970001,100.592361,3231500
2018-01-16,102.010002,102.389999,100.150002,100.339996,99.964714,3814000
2018-01-17,100.989998,101.0,99.239998,100.760002,100.38314799999999,4461300
2018-01-18,100.839996,100.839996,99.58000200000001,99.860001,99.486511,5290700
2018-01-19,97.010002,98.940002,96.349998,98.029999,97.663353,12306000
2018-01-22,97.260002,98.339996,96.839996,98.32,97.952271,4983600
2018-01-23,98.160004,98.400002,97.440002,97.980003,97.613548,4375200
2018-01-24,98.25,99.510002,98.160004,99.300003,98.928612,4949500
2018-01-25,99.43,100.110001,99.199997,99.690002,99.317146,3375200
2018-01-26,99.849998,99.949997,98.949997,99.629997,99.25737,3668700
2018-01-29,99.75,100.18,99.230003,99.410004,99.0382,3472100
2018-01-30,99.449997,100.099998,98.690002,98.709999,98.340813,3466500
2018-01-31,98.739998,99.709999,98.5,99.400002,99.02822900000001,3202900
2018-02-01,98.949997,100.040001,98.400002,100.0,99.625984,2952100
2018-02-02,99.529999,99.690002,96.639999,96.68,96.318405,4663300
2018-02-05,95.83000200000001,96.720001,88.610001,92.010002,91.665871,6421900
2018-02-06,89.75,94.220001,88.510002,94.18,93.827751,7244000
2018-02-07,93.529999,94.849998,93.410004,93.610001,93.259888,3796800
2018-02-08,93.75,93.970001,88.279999,88.339996,88.00959,5814900
2018-02-09,89.470001,92.519997,87.540001,91.720001,91.376953,8017600
2018-02-12,92.58000200000001,95.68,92.41999799999999,94.699997,94.34581,7419200
2018-02-13,94.029999,94.809998,92.82,94.559998,94.206329,3366700
2018-02-14,93.970001,96.559998,93.66999799999999,96.230003,95.870087,3446800
2018-02-15,97.059998,97.209999,95.440002,96.559998,96.198853,3057400
2018-02-16,96.370003,97.489998,96.25,96.790001,96.427994,3280700
2018-02-20,96.58000200000001,97.709999,96.5,97.190002,96.8265,3514700
2018-02-21,96.91999799999999,98.489998,96.75,97.5,97.135338,4431500
2018-02-22,97.589996,98.07,97.050003,97.349998,96.985893,4270100
2018-02-23,97.779999,98.839996,97.550003,98.800003,98.430481,2440600
2018-02-26,99.43,101.68,98.970001,101.639999,101.25985,4953100
2018-02-27,101.660004,102.120003,99.58000200000001,99.58000200000001,99.20755799999999,5167300
2018-02-28,100.040001,100.360001,97.43,97.510002,97.145302,4053700
2018-03-01,97.82,98.300003,94.529999,95.139999,94.784164,4369800
2018-03-02,94.629997,95.75,93.199997,95.599998,95.242439,3584700
2018-03-05,95.089996,97.290001,94.699997,96.660004,96.298485,2661400
2018-03-06,96.989998,96.989998,95.139999,96.07,95.710686,3221100
2018-03-07,95.209999,95.730003,94.279999,95.639999,95.28229499999999,3594900
2018-03-08,96.050003,96.68,95.089996,96.589996,96.228737,3760500
2018-03-09,97.58000200000001,99.110001,97.059998,99.050003,98.67954300000001,3044300
2018-03-12,99.089996,99.699997,97.480003,97.66999799999999,97.304703,4020900
2018-03-13,98.120003,98.230003,95.08000200000001,95.370003,95.013306,4858700
2018-03-14,95.959999,96.16999799999999,94.089996,94.529999,94.176445,3013800
2018-03-15,95.059998,95.410004,93.959999,94.389999,94.03697199999999,3213000
2018-03-16,94.550003,96.389999,94.269997,95.610001,95.252403,5124900
2018-03-19,95.440002,95.480003,93.800003,94.839996,94.485283,2610400
2018-03-20,95.349998,95.650002,94.720001,94.949997,94.594872,2501600
2018-03-21,94.620003,96.269997,94.400002,94.739998,94.38565799999999,2124000
2018-03-22,93.739998,93.959999,91.120003,91.410004,91.068115,4113900
2018-03-23,91.82,92.360001,90.410004,90.449997,90.11170200000001,5100400
2018-03-26,91.370003,92.989998,90.800003,92.620003,92.27359,2769800
2018-03-27,92.809998,93.739998,90.870003,91.41999799999999,91.07807199999999,4357300
2018-03-28,91.760002,93.540001,91.599998,92.209999,91.86511999999999,5509700
2018-03-29,92.389999,94.370003,92.290001,93.279999,92.931122,4940600
2018-04-02,93.139999,93.550003,89.959999,91.0,90.659645,4998400
2018-04-03,91.550003,92.93,91.18,92.739998,92.393135,2864500
2018-04-04,91.209999,93.91999799999999,91.08000200000001,93.58000200000001,93.230003,4619200
2018-04-05,94.199997,95.050003,93.800003,94.199997,94.199997,2482300
2018-04-06,93.239998,93.809998,90.809998,91.910004,91.910004,2968900
2018-04-09,92.699997,94.239998,91.959999,92.139999,92.139999,3109700
2018-04-10,93.410004,93.690002,92.529999,93.0,93.0,4584000
2018-04-11,91.940002,92.809998,91.360001,91.599998,91.599998,4064900
2018-04-12,92.519997,93.940002,92.059998,93.349998,93.349998,3137300
2018-04-13,94.129997,94.300003,92.540001,93.029999,93.029999,2510300
2018-04-16,93.779999,94.199997,93.110001,93.599998,93.599998,2811500
2018-04-17,93.959999,94.599998,93.589996,93.860001,93.860001,2651700
2018-04-18,94.040001,95.239998,94.0,95.150002,95.150002,4981400
2018-04-19,99.360001,102.959999,99.050003,102.370003,102.370003,11716900
2018-04-20,102.199997,102.66999799999999,100.370003,100.790001,100.790001,5614700
2018-04-23,100.779999,101.160004,99.910004,100.610001,100.610001,3183300
2018-04-24,101.190002,101.709999,99.58000200000001,100.440002,100.440002,5048900
2018-04-25,100.0,100.300003,97.900002,98.779999,98.779999,5129200
2018-04-26,98.849998,100.510002,98.559998,100.230003,100.230003,3021100
2018-04-27,99.989998,100.290001,98.93,99.610001,99.610001,2017000
2018-04-30,100.0,100.370003,98.730003,98.75,98.75,2567000
2018-05-01,98.82,98.82,97.290001,98.58000200000001,98.58000200000001,2915200
2018-05-02,98.059998,99.370003,97.550003,97.629997,97.629997,3542000
2018-05-03,97.16999799999999,97.32,95.510002,97.139999,97.139999,3572300
2018-05-04,96.349998,98.949997,96.040001,98.349998,98.349998,2363200
2018-05-07,98.529999,98.989998,98.290001,98.58000200000001,98.58000200000001,2152100
2018-05-08,98.779999,100.370003,98.389999,99.739998,99.739998,3199100
2018-05-09,100.220001,100.970001,99.489998,100.5,100.5,2694300
2018-05-10,100.709999,101.870003,100.220001,101.379997,101.379997,2847600
2018-05-11,101.489998,102.68,101.269997,101.41999799999999,101.41999799999999,2522100
2018-05-14,101.690002,102.150002,101.110001,101.290001,101.290001,2234800
2018-05-15,100.82,101.230003,99.970001,100.739998,100.739998,3442300
2018-05-16,100.279999,101.239998,100.230003,100.589996,100.589996,2135200
2018-05-17,100.650002,101.639999,100.300003,101.220001,101.220001,2876100
2018-05-18,100.93,101.33000200000001,100.459999,100.989998,100.989998,2927600
2018-05-21,101.57,102.379997,101.349998,102.040001,102.040001,2084000
2018-05-22,102.32,103.239998,102.08000200000001,102.699997,102.699997,2910700
2018-05-23,101.82,102.25,100.910004,101.93,101.93,2487400
2018-05-24,101.690002,102.309998,100.720001,102.010002,102.010002,2203300
2018-05-25,101.349998,101.639999,100.470001,101.099998,101.099998,1850800
2018-05-29,99.839996,99.839996,96.980003,97.720001,97.720001,4361800
2018-05-30,98.849998,99.41999799999999,97.959999,98.989998,98.989998,3076800
2018-05-31,98.68,99.360001,97.800003,98.300003,98.300003,2780300
2018-06-01,99.339996,99.610001,98.220001,98.25,98.25,2700100
2018-06-04,98.809998,99.510002,98.639999,99.449997,99.449997,2381300
2018-06-05,99.120003,99.410004,98.43,99.309998,99.309998,1811500
2018-06-06,100.0,101.0,99.57,100.970001,100.970001,2863600
2018-06-07,101.440002,102.389999,100.889999,101.480003,101.480003,4245775
