Date,Open,High,Low,Close,Adj Close,Volume
2017-06-07,186.850006,188.53999299999998,186.389999,188.100006,184.15274,2383500
2017-06-08,188.100006,191.070007,187.699997,189.929993,185.944321,2331300
2017-06-09,190.0,190.990005,189.25,190.029999,186.04222099999998,3344900
2017-06-12,190.300003,190.529999,188.050003,190.0,186.01286299999998,2730100
2017-06-13,190.050003,191.559998,189.350006,191.08999599999999,187.07998700000002,1882700
2017-06-14,191.050003,193.380005,190.820007,192.380005,188.342926,2210000
2017-06-15,191.429993,195.550003,191.369995,195.449997,191.348511,2894100
2017-06-16,196.009995,197.949997,195.809998,196.440002,192.31771899999998,6939100
2017-06-19,197.880005,199.470001,197.0,199.080002,194.902328,2726400
2017-06-20,198.75,201.240005,198.309998,198.330002,194.16806,3077400
2017-06-21,199.580002,199.71000700000002,197.559998,199.169998,194.990433,3151100
2017-06-22,199.25,200.41000400000001,199.179993,199.440002,195.254776,3339300
2017-06-23,199.259995,202.350006,198.679993,202.229996,197.986221,4310100
2017-06-26,202.770004,204.389999,199.940002,199.979996,195.783447,3077600
2017-06-27,199.800003,200.919998,198.889999,198.889999,194.716324,2296900
2017-06-28,199.5,200.949997,199.300003,199.619995,195.430984,2096800
2017-06-29,199.619995,199.759995,196.449997,197.46000700000002,193.31633,2428900
2017-06-30,198.5,199.440002,197.389999,197.75,193.60025,2225600
2017-07-03,198.070007,199.440002,197.75,198.58999599999999,194.422607,1511200
2017-07-05,199.300003,202.139999,198.860001,201.809998,197.57501200000002,2716700
2017-07-06,201.639999,202.490005,200.779999,201.479996,197.25195300000001,2737400
2017-07-07,202.240005,203.279999,201.259995,202.369995,198.123276,3090400
2017-07-10,202.320007,204.580002,202.190002,203.96000700000002,199.679932,2701900
2017-07-11,204.0,206.66000400000001,204.0,206.270004,201.941452,2815800
2017-07-12,206.949997,208.610001,206.320007,206.440002,202.10788,2817400
2017-07-13,206.800003,207.0,205.350006,206.229996,201.902252,1943600
2017-07-14,206.800003,208.729996,206.740005,208.509995,204.134445,3229000
2017-07-17,208.729996,209.72000099999997,208.559998,209.0,204.61416599999998,2416000
2017-07-18,209.110001,209.190002,207.529999,208.240005,203.870102,1942300
2017-07-19,209.429993,210.92999300000002,208.990005,210.88000499999998,206.454697,2258400
2017-07-20,211.100006,211.25,209.919998,210.27999900000003,205.867279,2235100
2017-07-21,209.99000499999997,212.19999700000002,209.41000400000001,212.13999900000002,207.68826299999998,2098400
2017-07-24,212.0,212.63999900000002,211.399994,212.17999300000002,207.727402,2392700
2017-07-25,213.22000099999997,214.0,211.94999700000002,212.460007,208.001526,2889000
2017-07-26,223.479996,233.979996,223.020004,233.44999700000002,228.55105600000002,14140000
2017-07-27,237.13000499999998,242.67999300000002,236.69999700000002,241.0,235.94262700000002,10860600
2017-07-28,240.82000699999998,242.0,238.55000299999998,241.270004,236.20697,4602400
2017-07-31,241.850006,246.49000499999997,241.82000699999998,242.460007,237.372009,5777300
2017-08-01,243.38000499999998,243.99000499999997,239.16000400000001,239.440002,234.415375,5018400
2017-08-02,239.059998,241.559998,237.88000499999998,237.94999700000002,232.956635,5119900
2017-08-03,237.059998,239.58999599999999,236.039993,238.25,233.25033599999998,5112700
2017-08-04,238.580002,239.729996,236.38000499999998,237.710007,232.72168,5590500
2017-08-07,237.600006,241.42999300000002,237.210007,240.229996,235.18878199999997,3674700
2017-08-08,239.91000400000001,240.520004,238.92999300000002,239.5,234.474121,4871500
2017-08-09,238.00999500000003,238.69999700000002,234.100006,234.309998,230.761215,5680400
2017-08-10,234.02999900000003,236.16000400000001,231.91000400000001,232.88000499999998,229.352875,6817700
2017-08-11,232.75999500000003,235.399994,230.940002,234.88000499999998,231.32257099999998,3461700
2017-08-14,236.00999500000003,237.479996,235.72000099999997,237.149994,233.558167,2943900
2017-08-15,237.210007,239.63999900000002,236.00999500000003,239.169998,235.54760699999997,2851100
2017-08-16,239.69999700000002,240.25999500000003,237.41000400000001,237.58999599999999,233.99151600000002,3012700
2017-08-17,237.38000499999998,237.600006,235.25,235.58999599999999,232.02182000000002,2810900
2017-08-18,235.0,237.25999500000003,234.57000699999998,235.770004,232.19909700000002,2939500
2017-08-21,235.770004,236.940002,234.350006,235.67999300000002,232.110458,2545400
2017-08-22,236.16000400000001,239.88999900000002,236.11000099999998,239.75,236.11880499999998,2915700
2017-08-23,239.36000099999998,239.36000099999998,237.190002,238.08999599999999,234.483948,2518300
2017-08-24,238.520004,238.899994,236.600006,238.74000499999997,235.1241,2553100
2017-08-25,239.0,239.08999599999999,235.600006,235.88999900000002,232.31727599999996,2270300
2017-08-28,236.22000099999997,237.55000299999998,234.61000099999998,237.17999300000002,233.587738,2395000
2017-08-29,237.210007,241.169998,236.080002,240.49000499999997,236.84761,3535500
2017-08-30,240.99000499999997,241.440002,239.0,240.460007,236.818085,2801100
2017-08-31,241.0,241.100006,238.41000400000001,239.66000400000001,236.030182,3075800
2017-09-01,239.66000400000001,242.52999900000003,239.169998,240.330002,236.690018,3270700
2017-09-05,240.30000299999998,240.36000099999998,236.229996,237.0,233.410461,3866600
2017-09-06,237.52999900000003,237.86000099999998,234.33999599999999,234.61999500000002,231.066498,4252700
2017-09-07,234.75,236.539993,234.289993,236.309998,232.730911,2994500
2017-09-08,235.75,239.38999900000002,235.210007,238.77999900000003,235.163498,3404200
2017-09-11,239.5,241.850006,239.309998,240.58999599999999,236.94609100000002,3628100
2017-09-12,240.58999599999999,241.710007,238.94999700000002,240.580002,236.93624900000003,2702700
2017-09-13,240.0,243.479996,237.08999599999999,241.92999300000002,238.26577799999998,4529100
2017-09-14,243.0,245.61000099999998,242.5,245.229996,241.51580800000002,4995200
2017-09-15,247.36000099999998,249.94999700000002,246.210007,249.0,245.22871400000002,9033300
2017-09-18,249.97000099999997,253.789993,248.91000400000001,253.080002,249.24691800000002,5193000
2017-09-19,253.080002,255.169998,251.63000499999998,252.460007,248.636307,4124700
2017-09-20,253.25999500000003,256.690002,252.25,255.460007,251.590881,3853200
2017-09-21,256.130005,256.98999,254.419998,256.040009,252.162094,2809400
2017-09-22,256.309998,259.299988,256.130005,256.450012,252.565887,3475600
2017-09-25,256.97000099999997,256.97000099999997,251.5,254.32000699999998,250.46815499999997,3479200
2017-09-26,254.600006,256.480011,253.539993,253.69999700000002,249.857529,2173600
2017-09-27,255.270004,258.769989,253.97000099999997,255.27999900000003,251.413589,3840100
2017-09-28,254.11000099999998,255.80000299999998,251.169998,254.270004,250.4189,2586100
2017-09-29,253.850006,255.25999500000003,252.58999599999999,254.210007,250.359802,2531100
2017-10-02,254.649994,255.99000499999997,253.52999900000003,255.99000499999997,252.112854,2685100
2017-10-03,255.99000499999997,258.26001,254.690002,255.460007,251.590881,3163400
2017-10-04,256.119995,257.130005,254.07000699999998,255.75999500000003,251.886322,3031000
2017-10-05,255.27999900000003,258.98999,254.77999900000003,258.890015,254.968948,3940200
2017-10-06,258.0,258.899994,257.059998,258.579987,254.663605,2736400
2017-10-09,259.0,259.0,257.109985,258.390015,254.47650099999998,2146100
2017-10-10,259.73999,261.059998,257.200012,260.929993,256.978027,2740700
2017-10-11,261.320007,261.649994,259.019989,261.440002,257.480316,2890300
2017-10-12,260.950012,262.980011,260.0,261.910004,257.943207,2577900
2017-10-13,262.899994,263.790009,260.73999,260.73999,256.790924,2243900
2017-10-16,261.5,262.0,259.690002,259.75,255.815887,1818900
2017-10-17,256.48999,259.049988,256.26001,258.619995,254.70301800000001,2515900
2017-10-18,258.47000099999997,260.730011,256.660004,260.040009,256.101501,2051700
2017-10-19,258.980011,259.100006,256.02999900000003,259.040009,255.116638,2589200
2017-10-20,260.359985,264.829987,259.440002,264.75,260.74017299999997,3955900
2017-10-23,265.130005,265.980011,262.140015,262.320007,258.346985,3302400
2017-10-24,263.23999,267.209991,263.23999,266.0,261.971252,4401600
2017-10-25,264.77999900000003,266.0,254.5,258.420013,254.506058,7895300
2017-10-26,259.72000099999997,261.440002,257.309998,259.269989,255.34313999999998,3419100
2017-10-27,258.26001,259.5,255.80000299999998,256.459991,252.575714,2899200
2017-10-30,255.44999700000002,260.410004,255.330002,259.25,255.323502,3025900
2017-10-31,259.339996,259.929993,257.47000099999997,257.980011,254.072723,2742800
2017-11-01,258.290009,259.410004,256.23999,258.5,254.58482400000003,2929500
2017-11-02,258.309998,263.23999,258.0,262.630005,258.652252,2529900
2017-11-03,262.420013,263.790009,260.079987,261.75,257.785614,2610800
2017-11-06,262.619995,265.839996,262.52999900000003,264.070007,260.070465,2911600
2017-11-07,264.070007,267.27999900000003,264.070007,266.130005,262.09927400000004,3205400
2017-11-08,266.140015,267.619995,265.290009,265.570007,261.54776,2841800
2017-11-09,265.01001,266.75,259.559998,262.700012,260.112061,3215900
2017-11-10,262.109985,262.5,259.600006,260.850006,258.280273,1740600
2017-11-13,261.670013,263.359985,260.48999,262.420013,259.834808,2604100
2017-11-14,262.0,262.399994,260.200012,261.76001,259.181305,2358200
2017-11-15,261.420013,264.769989,260.149994,262.859985,260.27044700000005,2510500
2017-11-16,263.76001,265.040009,263.339996,263.700012,261.102203,2710200
2017-11-17,262.820007,263.73999,262.02999900000003,262.26001,259.67639199999996,1724800
2017-11-20,263.0,265.619995,262.76001,264.630005,262.02301,2447400
2017-11-21,266.23999,267.0,264.709991,266.98999,264.359772,2267100
2017-11-22,267.0,267.480011,264.52999900000003,265.149994,262.537903,1471400
2017-11-24,265.26001,266.570007,264.52999900000003,265.880005,263.260712,788900
2017-11-27,265.380005,266.839996,264.72000099999997,265.579987,262.963654,1772200
2017-11-28,267.0,268.01001,265.230011,267.98999,265.349915,2262100
2017-11-29,269.480011,269.679993,266.149994,269.299988,266.647003,3029100
2017-11-30,269.910004,277.040009,269.429993,276.799988,274.073151,4820300
2017-12-01,277.51001,278.730011,270.600006,271.380005,268.706543,4592500
2017-12-04,276.160004,281.829987,276.0,277.97000099999997,275.231598,5523000
2017-12-05,279.01001,279.440002,274.859985,275.540009,272.825531,2806100
2017-12-06,276.579987,279.140015,274.0,278.269989,275.528656,2538100
2017-12-07,282.809998,284.790009,277.799988,281.97000099999997,279.1922,4264400
2017-12-08,285.01001,287.320007,283.559998,285.899994,283.08349599999997,4440500
2017-12-11,286.209991,286.48999,279.899994,283.160004,280.37048300000004,4065200
2017-12-12,291.339996,292.799988,287.72000099999997,289.940002,287.08371,5517600
2017-12-13,290.5,295.850006,289.700012,291.839996,288.964966,5003300
2017-12-14,293.350006,296.820007,292.600006,293.880005,290.98486299999996,3913400
2017-12-15,295.869995,297.369995,293.019989,293.940002,291.044281,6933500
2017-12-18,296.0,297.140015,294.519989,296.140015,293.222626,2901600
2017-12-19,296.5,297.579987,294.179993,297.25,294.321686,2728400
2017-12-20,298.700012,299.329987,297.109985,297.899994,294.96524,2533700
2017-12-21,298.049988,298.390015,294.130005,295.02999900000003,292.123535,5398300
2017-12-22,296.329987,296.519989,293.01001,295.100006,292.19287099999997,2257400
2017-12-26,295.540009,297.440002,294.649994,295.359985,292.450287,1394700
2017-12-27,296.410004,296.799988,294.799988,295.619995,292.707703,1447800
2017-12-28,295.809998,296.98999,294.73999,296.350006,293.430542,1436800
2017-12-29,296.940002,297.299988,294.829987,294.910004,292.00473,1824600
2018-01-02,295.75,296.98999,295.399994,296.839996,293.91571,2978900
2018-01-03,295.940002,298.5,295.47000099999997,297.799988,294.866241,3211200
2018-01-04,297.940002,298.420013,295.47000099999997,296.670013,293.747406,4171700
2018-01-05,296.769989,308.890015,296.72000099999997,308.839996,305.797485,6177700
2018-01-08,308.660004,310.859985,305.75,310.149994,307.094604,4124900
2018-01-09,310.589996,319.910004,310.48999,318.429993,315.29303,5641300
2018-01-10,317.48999,322.149994,315.5,320.26001,317.10497999999995,4479300
2018-01-11,322.130005,328.399994,321.190002,328.119995,324.887543,4635300
2018-01-12,330.380005,336.880005,330.380005,336.209991,332.897858,6559300
2018-01-16,339.899994,347.730011,331.329987,335.160004,331.858215,12305500
2018-01-17,337.730011,352.230011,336.410004,351.01001,347.552094,9611700
2018-01-18,350.700012,350.829987,339.149994,340.160004,336.80896,9458600
2018-01-19,341.670013,344.0,335.75,337.730011,334.402893,7264400
2018-01-22,335.290009,341.380005,332.040009,338.0,334.670227,6792900
2018-01-23,338.339996,338.940002,334.809998,335.589996,332.283966,4537800
2018-01-24,336.200012,338.98999,334.140015,334.690002,331.392853,4205400
2018-01-25,336.209991,343.619995,335.299988,343.109985,339.72985800000004,4747500
2018-01-26,344.329987,345.980011,341.25,343.22000099999997,339.83880600000003,5236300
2018-01-29,341.230011,344.480011,340.100006,340.820007,337.462463,3324900
2018-01-30,339.170013,339.980011,334.160004,337.709991,334.383087,4983100
2018-01-31,360.5,360.97000099999997,351.619995,354.369995,350.878967,11409600
2018-02-01,352.950012,361.450012,352.040009,356.940002,353.423645,6067600
2018-02-02,354.0,355.200012,348.700012,348.910004,345.472748,5486100
2018-02-05,342.670013,350.0,317.390015,328.880005,325.64007599999997,10511300
2018-02-06,320.0,341.670013,317.649994,340.910004,337.551544,11935100
2018-02-07,340.519989,353.589996,339.869995,348.119995,344.690521,7946700
2018-02-08,348.0,349.0,329.399994,329.660004,328.023682,8295900
2018-02-09,333.549988,337.809998,319.25,332.829987,331.177917,8833000
2018-02-12,336.570007,347.75,335.130005,343.799988,342.093475,6885000
2018-02-13,340.450012,347.880005,340.290009,343.160004,341.456665,4030200
2018-02-14,341.339996,347.429993,341.170013,344.850006,343.138275,4340200
2018-02-15,348.47000099999997,356.549988,348.049988,356.459991,354.690643,5827500
2018-02-16,356.589996,359.5,353.51001,355.040009,353.27771,5211600
2018-02-20,352.0,357.790009,351.399994,353.350006,351.596069,4303400
2018-02-21,352.559998,360.809998,351.75,352.369995,350.620941,5258600
2018-02-22,354.649994,358.070007,352.640015,355.920013,354.15332,3414300
2018-02-23,358.179993,358.769989,353.070007,356.660004,354.889648,3355400
2018-02-26,359.5,364.049988,358.209991,363.480011,361.675812,4148100
2018-02-27,364.600006,369.890015,363.299988,364.640015,362.830048,4774100
2018-02-28,366.799988,371.600006,362.209991,362.209991,360.412079,5472900
2018-03-01,362.329987,362.73999,346.399994,349.690002,347.954254,8978000
2018-03-02,341.820007,346.089996,335.299988,344.670013,342.959167,10021300
2018-03-05,338.0,354.769989,336.609985,352.75,350.999054,8140200
2018-03-06,354.23999,355.209991,346.019989,348.920013,347.18807999999996,4888300
2018-03-07,341.519989,348.410004,339.5,347.040009,345.317413,4575700
2018-03-08,349.51001,352.5,343.950012,348.730011,346.999023,4319900
2018-03-09,352.649994,354.890015,350.230011,354.519989,352.76025400000003,3538300
2018-03-12,355.200012,355.230011,343.26001,344.190002,342.481537,6088800
2018-03-13,345.320007,347.880005,337.609985,338.670013,336.988953,5443800
2018-03-14,339.790009,340.519989,322.299988,330.26001,328.620697,13057900
2018-03-15,332.299988,332.920013,322.910004,329.980011,328.342102,8766000
2018-03-16,329.820007,330.829987,325.630005,330.47000099999997,328.82965099999996,9329000
2018-03-19,327.450012,333.329987,326.77999900000003,331.76001,330.113251,6328900
2018-03-20,331.839996,339.700012,331.0,337.630005,335.954102,6500500
2018-03-21,337.070007,341.910004,335.170013,337.100006,335.426758,4056300
2018-03-22,330.109985,332.679993,319.01001,319.609985,318.023529,7282200
2018-03-23,320.149994,331.140015,318.320007,321.0,319.406647,7237500
2018-03-26,330.480011,331.940002,323.589996,328.97000099999997,327.337097,5392900
2018-03-27,331.51001,334.880005,319.0,321.119995,319.526062,5355500
2018-03-28,321.850006,323.23999,311.170013,320.019989,318.431519,5634700
2018-03-29,323.380005,330.480011,322.0,327.880005,326.252502,3652100
2018-04-02,325.200012,329.940002,317.170013,322.440002,320.839508,5024900
2018-04-03,324.76001,331.100006,323.089996,330.820007,329.177917,4783100
2018-04-04,312.299988,327.809998,311.880005,327.440002,325.814697,8235700
2018-04-05,330.589996,338.959991,330.26001,336.399994,334.730194,6220000
2018-04-06,330.609985,334.589996,322.209991,326.119995,324.501221,5713600
2018-04-09,332.25,334.880005,322.049988,322.480011,320.87933300000003,4931700
2018-04-10,331.350006,336.690002,329.549988,334.829987,333.167999,5552000
2018-04-11,331.600006,337.570007,326.309998,327.359985,325.735077,4573500
2018-04-12,331.980011,338.350006,330.459991,337.480011,335.804871,4325000
2018-04-13,338.98999,339.670013,326.600006,329.27999900000003,327.645538,4733500
2018-04-16,332.339996,333.22000099999997,327.630005,331.769989,330.123169,3901400
2018-04-17,334.730011,339.73999,333.649994,336.72000099999997,335.048615,3381800
2018-04-18,338.329987,342.399994,337.179993,341.0,339.307373,3117500
2018-04-19,340.190002,342.410004,337.5,340.640015,338.949188,3006800
2018-04-20,340.730011,341.399994,335.049988,338.670013,336.988953,3038000
2018-04-23,339.549988,341.26001,336.0,338.839996,337.158112,2765600
2018-04-24,343.170013,347.670013,323.27999900000003,329.059998,327.426636,7051800
2018-04-25,338.119995,344.910004,330.519989,342.859985,341.158142,11023600
2018-04-26,344.01001,345.649994,338.329987,342.790009,341.08850099999995,5273600
2018-04-27,341.25,342.920013,337.769989,340.880005,339.18798799999996,3390400
2018-04-30,341.170013,342.579987,333.399994,333.559998,331.90429700000004,3721600
2018-05-01,332.5,333.910004,324.179993,329.540009,327.904266,4313100
2018-05-02,329.5,330.709991,323.980011,324.190002,322.580811,3436100
2018-05-03,322.97000099999997,332.630005,319.130005,330.690002,329.04855299999997,6383200
2018-05-04,328.040009,335.890015,328.040009,334.429993,332.769989,3655100
2018-05-07,335.230011,342.980011,335.209991,340.429993,338.740204,4192200
2018-05-08,339.769989,341.940002,336.609985,338.369995,336.69043,4014100
2018-05-09,339.48999,346.929993,338.579987,344.5,342.790009,4347000
2018-05-10,343.98999,348.570007,342.410004,344.070007,344.070007,3920400
2018-05-11,343.769989,345.420013,341.049988,342.459991,342.459991,2332200
2018-05-14,344.0,347.73999,343.890015,344.589996,344.589996,2520300
2018-05-15,343.0,343.850006,340.26001,342.119995,342.119995,3009100
2018-05-16,342.0,343.559998,340.299988,340.97000099999997,340.97000099999997,2230100
2018-05-17,340.47000099999997,344.769989,340.25,344.140015,344.140015,2483300
2018-05-18,345.600006,352.049988,345.190002,351.230011,351.230011,4327700
2018-05-21,358.459991,365.0,358.450012,363.920013,363.920013,6785400
2018-05-22,364.0,364.850006,354.519989,355.019989,355.019989,5389400
2018-05-23,352.27999900000003,359.600006,351.619995,359.209991,359.209991,4457800
2018-05-24,358.450012,360.660004,354.369995,359.0,359.0,3835400
2018-05-25,358.119995,360.600006,357.049988,360.089996,360.089996,2463700
2018-05-29,357.709991,360.97000099999997,350.660004,352.480011,352.480011,4192500
2018-05-30,355.649994,358.920013,354.100006,358.190002,358.190002,2825200
2018-05-31,356.829987,356.829987,351.619995,352.160004,352.160004,4406300
2018-06-01,355.790009,358.149994,354.459991,356.72000099999997,356.72000099999997,2609800
2018-06-04,358.97000099999997,363.390015,358.850006,360.730011,360.730011,2853400
2018-06-05,360.5,363.369995,358.850006,360.100006,360.100006,2567800
2018-06-06,362.459991,371.600006,360.98999,371.559998,371.559998,4406200
2018-06-07,372.0,374.480011,366.049988,368.52999900000003,368.52999900000003,4372233
