Date,Open,High,Low,Close,Adj Close,Volume
2017-06-07,79.08000200000001,79.5,78.730003,79.150002,77.292244,8511200
2017-06-08,79.150002,80.129997,78.230003,78.93,77.077415,10907600
2017-06-09,79.029999,79.559998,78.720001,79.41999799999999,77.555908,9405100
2017-06-12,79.400002,80.370003,78.839996,79.239998,77.380135,10410600
2017-06-13,79.209999,79.57,78.889999,79.519997,77.653564,5528000
2017-06-14,79.519997,80.040001,79.260002,79.900002,78.02464300000001,5006500
2017-06-15,79.18,79.300003,77.760002,78.910004,77.057877,11297200
2017-06-16,73.949997,75.5,73.290001,75.239998,73.47402199999999,56233000
2017-06-19,75.379997,76.010002,74.519997,75.5,73.727913,16095100
2017-06-20,75.879997,75.91999799999999,75.32,75.540001,73.766975,10019200
2017-06-21,75.599998,76.610001,75.58000200000001,76.239998,74.450546,9011400
2017-06-22,76.029999,76.059998,75.300003,75.519997,73.747437,8111300
2017-06-23,75.599998,75.779999,74.550003,74.839996,73.083405,13080300
2017-06-26,74.949997,75.93,74.91999799999999,75.5,73.727913,8587500
2017-06-27,75.5,76.370003,75.449997,76.010002,74.225945,6454400
2017-06-28,76.25,76.800003,76.139999,76.510002,74.71421099999999,6988900
2017-06-29,76.25,76.32,75.489998,75.93,74.147827,7063500
2017-06-30,76.08000200000001,76.269997,75.66999799999999,75.68,73.90369399999999,6963300
2017-07-03,75.839996,76.339996,75.08000200000001,75.360001,73.591202,4848600
2017-07-05,75.550003,75.949997,75.16999799999999,75.32,73.552139,6036900
2017-07-06,75.349998,75.970001,75.239998,75.470001,73.698624,6161800
2017-07-07,75.650002,75.82,75.050003,75.33000200000001,73.56190500000001,5307100
2017-07-10,75.150002,75.309998,73.129997,73.230003,71.5112,15066700
2017-07-11,73.379997,74.050003,73.33000200000001,73.470001,71.74556700000001,7532600
2017-07-12,73.660004,74.209999,73.660004,73.940002,72.20452900000001,5700200
2017-07-13,74.66999799999999,75.25,74.510002,75.050003,73.288483,8160500
2017-07-14,76.269997,76.559998,75.910004,76.339996,74.54819499999999,9151900
2017-07-17,76.290001,76.870003,76.190002,76.370003,74.577499,8835600
2017-07-18,76.25,76.540001,76.0,76.199997,74.41147600000001,4314900
2017-07-19,76.08000200000001,76.220001,75.599998,75.870003,74.089233,5313600
2017-07-20,75.980003,76.25,75.699997,76.019997,74.23571,4965400
2017-07-21,75.839996,76.230003,75.550003,76.150002,74.362663,7153300
2017-07-24,76.029999,77.160004,76.029999,76.889999,75.085297,7388000
2017-07-25,77.610001,78.860001,77.389999,78.519997,76.677025,11504000
2017-07-26,78.550003,79.16999799999999,77.940002,78.900002,77.04811099999999,6716100
2017-07-27,78.720001,79.860001,78.480003,79.779999,77.907455,8052500
2017-07-28,79.800003,79.959999,79.540001,79.809998,77.936752,4975200
2017-07-31,79.82,80.339996,79.690002,79.989998,78.112534,6263200
2017-08-01,80.25,80.730003,80.0,80.5,78.610558,5726500
2017-08-02,80.339996,81.110001,80.300003,80.529999,78.639854,8673000
2017-08-03,81.339996,81.760002,80.66999799999999,80.870003,78.97187,9946900
2017-08-04,81.059998,81.400002,80.209999,80.480003,78.591034,7141800
2017-08-07,80.57,81.449997,80.540001,81.279999,79.37224599999999,5484500
2017-08-08,81.16999799999999,81.860001,80.900002,81.589996,79.674973,7381400
2017-08-09,81.110001,81.989998,80.900002,81.610001,80.19579300000001,6606500
2017-08-10,81.07,81.400002,80.550003,80.660004,79.262253,8045000
2017-08-11,80.730003,81.25,80.360001,80.400002,79.00676,7905500
2017-08-14,80.589996,81.239998,80.5,80.699997,79.301552,7760500
2017-08-15,80.83000200000001,81.400002,80.540001,80.769997,79.370346,7066100
2017-08-16,81.269997,81.440002,80.540001,80.980003,79.576714,11536000
2017-08-17,78.849998,79.809998,78.33000200000001,79.699997,78.31888599999999,17293700
2017-08-18,79.620003,80.349998,79.279999,79.309998,77.93564599999999,9753000
2017-08-21,79.120003,80.07,78.790001,79.709999,78.328712,9613900
2017-08-22,79.800003,80.160004,79.709999,80.019997,78.633339,6546100
2017-08-23,80.349998,80.559998,79.879997,79.959999,78.574387,7799300
2017-08-24,80.610001,80.879997,77.849998,78.339996,76.982445,19128000
2017-08-25,78.5,79.089996,78.480003,78.629997,77.267426,9902200
2017-08-28,78.410004,78.459999,77.860001,78.029999,76.677826,8621500
2017-08-29,77.66999799999999,78.980003,77.5,78.769997,77.404999,7665200
2017-08-30,78.82,79.099998,78.519997,78.540001,77.178986,5829800
2017-08-31,78.599998,78.75,78.059998,78.07,76.71713299999999,8194800
2017-09-01,78.309998,78.5,78.209999,78.370003,77.011932,6474400
2017-09-05,77.949997,79.889999,77.900002,79.800003,78.417152,12068500
2017-09-06,79.879997,80.400002,79.720001,80.08000200000001,78.692299,8426100
2017-09-07,80.32,80.760002,80.0,80.120003,78.731606,6820800
2017-09-08,79.739998,79.879997,77.730003,78.879997,77.5131,9999600
2017-09-11,79.150002,79.349998,78.660004,79.08000200000001,77.709633,7000200
2017-09-12,79.300003,79.910004,79.16999799999999,79.610001,78.230446,6005000
2017-09-13,79.610001,80.68,79.589996,79.860001,78.476112,8823700
2017-09-14,79.790001,79.82,79.220001,79.68,78.29923199999999,6939300
2017-09-15,79.809998,80.75,79.269997,80.379997,78.987099,13317800
2017-09-18,80.209999,81.120003,79.949997,80.0,78.613686,8176100
2017-09-19,80.18,80.459999,79.699997,80.050003,78.662819,6174400
2017-09-20,80.16999799999999,80.559998,79.870003,80.5,79.105019,5318200
2017-09-21,80.57,80.57,79.720001,80.010002,78.62352,6430300
2017-09-22,79.889999,80.08000200000001,79.25,79.529999,78.151825,5755300
2017-09-25,78.91999799999999,80.099998,78.860001,79.150002,77.778412,8547800
2017-09-26,79.040001,79.540001,78.91999799999999,79.389999,78.014252,5835300
2017-09-27,79.41999799999999,79.57,78.66999799999999,79.290001,77.91598499999999,6314600
2017-09-28,79.0,79.08000200000001,78.120003,78.949997,77.581879,12372800
2017-09-29,78.849998,79.0,77.980003,78.139999,76.78591899999999,10353400
2017-10-02,77.900002,78.83000200000001,77.5,78.449997,77.090553,7709200
2017-10-03,78.83000200000001,79.660004,78.75,79.220001,77.847206,7936700
2017-10-04,79.269997,79.779999,79.07,79.089996,77.719452,6173400
2017-10-05,79.16999799999999,79.809998,79.08000200000001,79.410004,78.03392,5138700
2017-10-06,78.779999,79.16999799999999,78.25,79.0,77.631012,6246700
2017-10-09,79.5,81.379997,79.400002,80.529999,79.134506,13493000
2017-10-10,82.68,84.879997,82.610001,84.129997,82.672119,25124000
2017-10-11,84.58000200000001,86.290001,84.099998,85.730003,84.2444,18561000
2017-10-12,85.699997,86.370003,85.059998,86.099998,84.607979,12877000
2017-10-13,86.239998,86.949997,86.239998,86.620003,85.11898000000001,9389000
2017-10-16,86.58000200000001,86.620003,85.019997,85.739998,84.25421899999999,9300300
2017-10-17,85.5,86.360001,85.32,85.980003,84.49006700000001,5851500
2017-10-18,86.150002,86.370003,86.010002,86.220001,84.72590600000001,5472100
2017-10-19,86.150002,86.660004,85.769997,86.400002,84.90278599999999,7029000
2017-10-20,86.599998,87.449997,86.279999,87.440002,85.924767,7617800
2017-10-23,87.339996,88.91999799999999,87.260002,88.650002,87.1138,10586000
2017-10-24,88.690002,88.800003,87.910004,87.980003,86.455414,7700900
2017-10-25,87.849998,88.599998,87.43,88.480003,86.94673900000001,6408000
2017-10-26,88.660004,89.110001,88.019997,88.620003,87.084312,6484900
2017-10-27,88.139999,88.389999,87.150002,88.16999799999999,86.642113,6617000
2017-10-30,87.940002,87.949997,86.389999,86.949997,85.443253,7052000
2017-10-31,86.860001,87.459999,86.599998,87.309998,85.797005,6006900
2017-11-01,87.07,88.400002,87.0,87.940002,86.4161,6176100
2017-11-02,88.279999,89.16999799999999,87.800003,88.800003,87.2612,5183100
2017-11-03,89.019997,89.879997,88.760002,89.68,88.12595400000001,6512100
2017-11-06,89.41999799999999,89.68,88.68,88.699997,87.162926,5257400
2017-11-07,88.870003,89.059998,88.309998,88.949997,87.408592,5349300
2017-11-08,89.110001,90.41999799999999,89.099998,90.260002,88.6959,6767500
2017-11-09,89.940002,90.57,89.349998,90.300003,88.73520699999999,6904500
2017-11-10,90.239998,91.690002,90.199997,90.91999799999999,89.344452,7647800
2017-11-13,91.040001,91.980003,90.870003,90.989998,89.413239,8491600
2017-11-14,90.699997,91.199997,90.18,91.089996,89.511505,9834100
2017-11-15,90.339996,90.849998,89.650002,89.83000200000001,88.27334599999999,8433400
2017-11-16,95.120003,99.68,94.720001,99.620003,97.893692,38122400
2017-11-17,99.239998,100.129997,96.58000200000001,97.470001,95.780952,23575500
2017-11-20,96.440002,97.639999,95.760002,97.480003,95.790779,16394300
2017-11-21,97.739998,97.91999799999999,96.32,96.519997,94.847412,12746500
2017-11-22,96.650002,96.809998,96.110001,96.410004,94.739319,8918200
2017-11-24,96.870003,97.230003,96.529999,96.620003,94.945686,4496100
2017-11-27,96.849998,97.650002,96.300003,96.620003,94.945686,8904900
2017-11-28,96.589996,96.889999,95.82,96.769997,95.093079,8709600
2017-11-29,97.220001,98.260002,96.879997,97.559998,95.869392,11424000
2017-11-30,98.089996,98.440002,96.510002,97.230003,95.545113,12854700
2017-12-01,97.610001,97.709999,96.230003,97.349998,95.663033,8296200
2017-12-04,97.730003,97.959999,96.68,97.010002,95.328926,8956500
2017-12-05,97.0,97.940002,96.91999799999999,97.83000200000001,96.134712,9010100
2017-12-06,97.989998,98.139999,97.239998,97.279999,95.594246,7141000
2017-12-07,97.059998,97.58000200000001,96.650002,96.779999,95.604118,7502600
2017-12-08,96.300003,96.699997,96.139999,96.550003,95.376915,5821100
2017-12-11,96.959999,97.269997,96.290001,96.93,95.752296,8928900
2017-12-12,96.849998,97.239998,96.599998,96.699997,95.525093,7810600
2017-12-13,96.660004,97.910004,96.550003,97.760002,96.572212,7879400
2017-12-14,98.0,98.57,97.099998,97.129997,95.949867,9385800
2017-12-15,97.709999,98.489998,96.910004,97.110001,95.930115,16142800
2017-12-18,97.379997,98.16999799999999,97.360001,97.900002,96.71051,7964400
2017-12-19,99.910004,99.910004,98.290001,98.800003,97.599579,12012200
2017-12-20,99.449997,99.650002,98.449997,98.75,97.550186,10729800
2017-12-21,99.0,99.33000200000001,97.980003,98.059998,96.86856800000001,7369100
2017-12-22,98.290001,98.41999799999999,97.68,98.209999,97.016747,5478700
2017-12-26,98.349998,99.440002,98.349998,99.160004,97.955208,4295900
2017-12-27,99.559998,99.599998,98.83000200000001,99.260002,98.053986,5140800
2017-12-28,99.519997,99.620003,99.120003,99.400002,98.192291,9763900
2017-12-29,99.400002,99.690002,98.75,98.75,97.550186,7144300
2018-01-02,99.300003,99.790001,98.519997,98.589996,97.392128,10150500
2018-01-03,98.849998,100.0,98.769997,99.449997,98.24168399999999,8903600
2018-01-04,99.540001,99.779999,98.910004,99.540001,98.330589,6830400
2018-01-05,99.639999,100.379997,99.610001,100.129997,98.913422,7284000
2018-01-08,100.25,101.75,100.209999,101.610001,100.375435,8843900
2018-01-09,102.029999,102.349998,100.309998,100.389999,99.17025799999999,7312700
2018-01-10,99.75,99.889999,98.529999,99.66999799999999,98.459007,7930400
2018-01-11,99.699997,100.449997,98.779999,100.019997,98.80475600000001,6537700
2018-01-12,100.389999,101.440002,100.300003,100.870003,99.644424,6951200
2018-01-16,101.339996,101.910004,100.339996,100.690002,99.466614,7170700
2018-01-17,101.150002,102.940002,100.699997,102.699997,101.45219399999999,8610600
2018-01-18,104.739998,104.940002,103.620003,104.300003,103.032761,12307900
2018-01-19,104.639999,104.93,103.660004,104.589996,103.319229,8378600
2018-01-22,104.5,105.449997,104.040001,105.449997,104.168777,7308300
2018-01-23,105.290001,106.150002,104.57,105.900002,104.61331899999999,8287800
2018-01-24,106.349998,106.440002,104.82,105.790001,104.504646,6823100
2018-01-25,105.849998,106.809998,105.849998,106.599998,105.304802,5857100
2018-01-26,107.0,108.410004,106.68,108.389999,107.07305900000001,6786300
2018-01-29,108.110001,109.980003,107.989998,109.550003,108.218971,8355200
2018-01-30,109.139999,109.360001,107.150002,107.730003,106.42108200000001,9180500
2018-01-31,107.769997,108.18,106.07,106.599998,105.304802,9812800
2018-02-01,105.959999,106.559998,105.18,105.519997,104.23793,6386800
2018-02-02,105.150002,106.470001,104.150002,104.480003,103.210571,9253100
2018-02-05,103.400002,104.610001,97.089996,100.089996,98.873901,12561600
2018-02-06,97.639999,101.08000200000001,97.25,100.900002,99.674065,16413800
2018-02-07,100.5,104.589996,100.010002,102.849998,101.600372,11165200
2018-02-08,103.230003,103.480003,100.0,100.019997,98.80475600000001,13975100
2018-02-09,100.529999,101.099998,96.43,99.370003,98.162651,14184600
2018-02-12,100.129997,100.449997,98.800003,99.550003,98.340462,9135100
2018-02-13,99.33000200000001,101.220001,99.33000200000001,100.980003,99.753098,6622800
2018-02-14,100.860001,102.25,100.209999,101.699997,100.46434,7307600
2018-02-15,102.550003,103.639999,101.83000200000001,103.230003,101.975761,7494900
2018-02-16,103.089996,104.940002,101.980003,104.779999,103.50692,16064300
2018-02-20,96.989998,97.940002,94.099998,94.110001,92.96656,52088500
2018-02-21,95.110001,95.339996,91.239998,91.519997,90.408028,49503700
2018-02-22,91.43,93.389999,91.309998,92.769997,91.642838,20365000
2018-02-23,92.879997,93.489998,91.760002,92.889999,91.761383,12791500
2018-02-26,92.900002,93.800003,92.220001,93.120003,91.98859399999999,14699300
2018-02-27,93.629997,93.720001,91.510002,91.519997,90.408028,13376100
2018-02-28,92.0,92.099998,90.0,90.010002,88.916382,14143700
2018-03-01,90.16999799999999,90.18,87.709999,89.08000200000001,87.997681,18909600
2018-03-02,87.269997,88.900002,87.239998,88.769997,87.691437,19043400
2018-03-05,88.139999,90.5,88.07,89.980003,88.886742,13383200
2018-03-06,90.349998,90.5,88.629997,89.059998,87.977913,11054700
2018-03-07,87.980003,88.529999,87.339996,87.739998,86.67395,11453000
2018-03-08,87.769997,88.129997,87.339996,87.91999799999999,87.369576,9588700
2018-03-09,88.239998,88.720001,87.529999,88.720001,88.16456600000001,9754400
2018-03-12,88.699997,89.440002,87.879997,88.07,87.51863900000001,8474000
2018-03-13,88.389999,88.900002,87.980003,88.300003,87.7472,7173000
2018-03-14,88.510002,88.989998,87.5,87.66999799999999,87.12114,11040600
2018-03-15,87.68,88.790001,85.900002,87.510002,86.96214300000001,16615200
2018-03-16,87.720001,90.089996,87.5,89.16999799999999,88.61174799999999,28396000
2018-03-19,88.910004,89.08000200000001,87.099998,87.449997,86.902512,12053400
2018-03-20,87.860001,88.150002,87.370003,87.949997,87.399384,8258000
2018-03-21,87.889999,89.68,87.68,88.18,87.627945,11836000
2018-03-22,87.529999,88.269997,86.989998,87.139999,86.59446,12248200
2018-03-23,87.349998,87.690002,85.279999,85.41999799999999,84.885223,10125100
2018-03-26,86.220001,87.690002,86.110001,87.5,86.952202,9199800
2018-03-27,87.959999,88.040001,85.480003,86.050003,85.511284,6545800
2018-03-28,86.260002,88.239998,86.190002,87.769997,87.220512,11576300
2018-03-29,87.900002,89.339996,87.769997,88.970001,88.413002,9274600
2018-04-02,88.0,88.239998,84.839996,85.550003,85.01442,19128900
2018-04-03,86.25,86.949997,85.550003,86.800003,86.256592,9695500
2018-04-04,85.599998,87.5,85.440002,87.220001,86.673958,6536600
2018-04-05,87.599998,88.349998,87.050003,87.809998,87.260262,6380900
2018-04-06,86.83000200000001,87.900002,86.129997,86.690002,86.147278,6350000
2018-04-09,86.849998,87.449997,86.239998,86.279999,85.73984499999999,8368100
2018-04-10,86.839996,87.099998,85.660004,86.449997,85.908775,9127400
2018-04-11,86.0,86.860001,85.800003,85.910004,85.372162,6279000
2018-04-12,86.190002,86.83000200000001,85.410004,85.43,84.89516400000001,6856300
2018-04-13,85.889999,86.269997,85.190002,86.019997,85.481468,7559200
2018-04-16,86.199997,87.650002,86.120003,86.839996,86.29633299999999,7020700
2018-04-17,87.480003,88.16999799999999,87.410004,87.900002,87.349701,6801900
2018-04-18,88.199997,88.559998,87.510002,87.57,87.02176700000001,5854000
2018-04-19,87.410004,88.040001,86.58000200000001,87.889999,87.33976,6588300
2018-04-20,87.870003,88.379997,86.66999799999999,86.980003,86.435463,8324900
2018-04-23,86.889999,87.08000200000001,86.019997,86.099998,85.56096600000001,7360500
2018-04-24,86.769997,86.910004,85.57,86.529999,85.988274,8469700
2018-04-25,86.32,87.699997,85.889999,87.16999799999999,86.624268,6760400
2018-04-26,87.16999799999999,88.32,86.900002,87.940002,87.38945,5782500
2018-04-27,87.870003,87.900002,87.08000200000001,87.290001,86.743523,5651100
2018-04-30,87.940002,89.660004,87.91999799999999,88.459999,87.90619699999999,8685900
2018-05-01,87.66999799999999,88.010002,86.349998,87.410004,86.86277,6957700
2018-05-02,87.129997,87.25,86.160004,86.339996,85.799461,6083000
2018-05-03,86.190002,86.290001,85.120003,86.230003,85.690163,6876100
2018-05-04,86.0,88.099998,85.360001,87.529999,86.98201800000001,6971500
2018-05-07,87.489998,87.5,85.269997,85.470001,84.934914,10783600
2018-05-08,85.519997,85.849998,84.91999799999999,85.739998,85.203224,6551400
2018-05-09,82.559998,83.68,82.0,83.059998,82.540001,32265200
2018-05-10,82.639999,83.769997,82.010002,82.690002,82.690002,15857600
2018-05-11,82.690002,83.519997,81.949997,83.379997,83.379997,9934800
2018-05-14,83.889999,84.790001,83.650002,84.389999,84.389999,9499200
2018-05-15,84.059998,84.879997,83.800003,84.519997,84.519997,9322900
2018-05-16,84.870003,86.129997,84.739998,86.129997,86.129997,13733600
2018-05-17,87.040001,87.589996,83.849998,84.489998,84.489998,29720700
2018-05-18,84.239998,84.440002,83.489998,83.639999,83.639999,12043100
2018-05-21,84.139999,84.540001,83.82,84.510002,84.510002,10715700
2018-05-22,84.5,84.809998,83.290001,83.370003,83.370003,8067300
2018-05-23,82.949997,83.019997,82.16999799999999,83.010002,83.010002,9231000
2018-05-24,83.0,83.0,81.779999,82.849998,82.849998,8459800
2018-05-25,82.849998,83.339996,82.32,82.459999,82.459999,5913500
2018-05-29,81.959999,82.519997,81.809998,82.400002,82.400002,8403700
2018-05-30,82.449997,84.230003,82.260002,84.120003,84.120003,9314100
2018-05-31,83.940002,84.309998,82.510002,82.540001,82.540001,11468700
2018-06-01,83.040001,83.41999799999999,82.849998,82.989998,82.989998,5194700
2018-06-04,83.5,85.519997,83.300003,85.41999799999999,85.41999799999999,10885300
2018-06-05,85.449997,85.470001,84.25,84.620003,84.620003,8281400
2018-06-06,84.949997,85.150002,84.349998,84.559998,84.559998,7212400
2018-06-07,84.779999,85.760002,84.690002,84.949997,84.949997,7701240
